  2.000000000000000E-003  4.352790932151441E-012
  6.070450097847359E-002  4.918705156754265E-011
  0.119409001956947       4.809184523182702E-010
  0.178113502935421       4.089392090096872E-009
  0.236818003913894       3.038856988236313E-008
  0.295522504892368       1.982399514681035E-007
  0.354227005870842       1.140071552400358E-006
  0.412931506849315       5.802630222698196E-006
  0.471636007827789       2.623107791474039E-005
  0.530340508806262       1.056567943621345E-004
  0.589045009784736       3.802692294722234E-004
  0.647749510763209       1.225829686256719E-003
  0.706454011741683       3.545909169492216E-003
  0.765158512720157       9.215816220494871E-003
  0.823863013698630       2.153129000247696E-002
  0.882567514677104       4.519877090606968E-002
  0.941272015655577       8.509364876266946E-002
  0.999976516634051       0.143118037737776     
   1.05868101761252       0.213513152522804     
   1.11738551859100       0.278940558626209     
   1.17609001956947       0.311422574750639     
   1.23479452054795       0.281692519444108     
   1.29349902152642       0.176069714335277     
   1.35220352250489       1.294068398253074E-002
   1.41090802348337      -0.153725335295911     
   1.46961252446184      -0.252834631532142     
   1.52831702544031      -0.232642714396312     
   1.58702152641879      -9.595956937713658E-002
   1.64572602739726       9.073406976798704E-002
   1.70443052837573       0.226944794264105     
   1.76313502935421       0.234325079639063     
   1.82183953033268       0.105991821541485     
   1.88054403131115      -8.455094817785519E-002
   1.93924853228963      -0.224566255233137     
   1.99795303326810      -0.229931587563510     
   2.05665753424658      -9.715442338329321E-002
   2.11536203522505       9.397650275043780E-002
   2.17406653620352       0.229066084818509     
   2.23277103718200       0.228320454561720     
   2.29147553816047       9.332164249004267E-002
   2.35018003913894      -9.610825488015899E-002
   2.40888454011742      -0.230748431623281     
   2.46758904109589      -0.235382296262329     
   2.52629354207436      -0.109430221384237     
   2.58499804305284       7.636363792634586E-002
   2.64370254403131       0.221802304173766     
   2.70240704500978       0.251717623335664     
   2.76111154598826       0.153185936901293     
   2.81981604696673      -2.193802585273352E-002
   2.87852054794521      -0.186801510822193     
   2.93722504892368      -0.263538470023271     
   2.99592954990215      -0.218885750089679     
   3.05463405088063      -7.591244873199846E-002
   3.11333855185910       0.100500862166745     
   3.17204305283757       0.234757935653329     
   3.23074755381605       0.272831616222017     
   3.28945205479452       0.202236514888827     
   3.34815655577299       5.335335447564753E-002
   3.40686105675147      -0.115821919388790     
   3.46556555772994      -0.243409112691584     
   3.52427005870842      -0.285964824132301     
   3.58297455968689      -0.231703827428710     
   3.64167906066536      -0.101447237440431     
   3.70038356164384       6.116317706591413E-002
   3.75908806262231       0.205403457973349     
   3.81779256360078       0.289355688776616     
   3.87649706457926       0.291160010808337     
   3.93520156555773       0.213107058338197     
   3.99390606653620       7.857473798505714E-002
   4.05261056751468      -7.620181945257960E-002
   4.11131506849315      -0.212531906622645     
   4.17001956947162      -0.298861128399569     
   4.22872407045010      -0.317354151863750     
   4.28742857142857      -0.266428053829467     
   4.34613307240704      -0.159348368838083     
   4.40483757338552      -1.986727522959726E-002
   4.46354207436399       0.123667034833093     
   4.52224657534247       0.244266239736562     
   4.58095107632094       0.321142702599706     
   4.63965557729941       0.342714660512944     
   4.69836007827789       0.307551430553045     
   4.75706457925636       0.223458200474695     
   4.81576908023483       0.105188054500360     
   4.87447358121331      -2.859786456396999E-002
   4.93317808219178      -0.158506809298991     
   4.99188258317025      -0.267219661266304     
   5.05058708414873      -0.341581380050416     
   5.10929158512720      -0.373812191224544     
   5.16799608610568      -0.361836354846672     
   5.22670058708415      -0.308848537813319     
   5.28540508806262      -0.222314379600311     
   5.34410958904110      -0.112632944012037     
   5.40281409001957       8.317968633139350E-003
   5.46151859099804       0.128566259877833     
   5.52022309197652       0.237221179174597     
   5.57892759295499       0.325355378562751     
   5.63763209393346       0.386559186139273     
   5.69633659491194       0.417175070572199     
   5.75504109589041       0.416251267876895     
   5.81374559686888       0.385272811294968     
   5.87245009784736       0.327736739148510     
   5.93115459882583       0.248638004028211     
   5.98985909980431       0.153925946478278     
   6.04856360078278       4.998052088084376E-002
   6.10726810176125      -5.685509803193708E-002
   6.16597260273973      -0.160661629925318     
   6.22467710371820      -0.256238291361614     
   6.28338160469667      -0.339302475234918     
   6.34208610567515      -0.406599700356457     
   6.40079060665362      -0.455934348083807     
   6.45949510763209      -0.486134909259509     
   6.51819960861057      -0.496968857457791     
   6.57690410958904      -0.489022216731703     
   6.63560861056752      -0.463557791239616     
   6.69431311154599      -0.422364233462518     
   6.75301761252446      -0.367605961986996     
   6.81172211350294      -0.301681653434089     
   6.87042661448141      -0.227096817353261     
   6.92913111545988      -0.146353949573704     
   6.98783561643836      -6.186202842518559E-002
   7.04654011741683       2.413429329068808E-002
   7.10524461839530       0.109606534952769     
   7.16394911937378       0.192776789221748     
   7.22265362035225       0.272136702483744     
   7.28135812133072       0.346453337793005     
   7.34006262230920       0.414764315397923     
   7.39876712328767       0.476364575038903     
   7.45747162426615       0.530786950470836     
   7.51617612524462       0.577778525016877     
   7.57488062622309       0.617274476557718     
   7.63358512720157       0.649370844487397     
   7.69228962818004       0.674297377542805     
   7.75099412915851       0.692391362773434     
   7.80969863013699       0.704073100717817     
   7.86840313111546       0.709823485034478     
   7.92710763209393       0.710163968561960     
   7.98581213307241       0.705639052123711     
   8.04451663405088       0.696801315919574     
   8.10322113502936       0.684198923630524     
   8.16192563600783       0.668365463393419     
   8.22063013698630       0.649811944292918     
   8.27933463796478       0.629020738651361     
   8.33803913894325       0.606441245992574     
   8.39674363992172       0.582487051179306     
   8.45544814090020       0.557534354256864     
   8.51415264187867       0.531921460704243     
   8.57285714285714       0.505949136175473     
   8.63156164383562       0.479881647822935     
   8.69026614481409       0.453948333657745     
   8.74897064579256       0.428345561127187     
   8.80767514677104       0.403238955426548     
   8.86637964774951       0.378765796471859     
   8.92508414872799       0.355037500572777     
   8.98378864970646       0.332142118433533     
   9.04249315068493       0.310146795057956     
   9.10119765166341       0.289100149411195     
   9.15990215264188       0.269034542328771     
   9.21860665362035       0.249968210241513     
   9.27731115459883       0.231907249911799     
   9.33601565557730       0.214847445679986     
   9.39472015655577       0.198775935837077     
   9.45342465753425       0.183672718809642     
   9.51212915851272       0.169512003001875     
   9.57083365949119       0.156263406516977     
   9.62953816046967       0.143893014695849     
   9.68824266144814       0.132364304575154     
   9.74694716242662       0.121638946077311     
   9.80565166340509       0.111677490088947     
   9.86435616438356       0.102439953637406     
   9.92306066536204       9.388631220234686E-002
   9.98176516634051       8.597690885667068E-002
   10.0404696673190       7.867278946457053E-002
   10.0991741682975       7.193597261285654E-002
   10.1578786692759       6.572966234647287E-002
   10.2165831702544       6.001841114555410E-002
   10.2752876712329       5.476823993954624E-002
   10.3339921722114       4.994672131934293E-002
   10.3926966731898       4.552303149275054E-002
   10.4514011741683       4.146797594042870E-002
   10.5101056751468       3.775399317466797E-002
   10.5688101761252       3.435514048572809E-002
   10.6275146771037       3.124706508208449E-002
   10.6862191780822       2.840696359253091E-002
   10.7449236790607       2.581353249939938E-002
   10.8036281800391       2.344691171211041E-002
   10.8623326810176       2.128862316722219E-002
   10.9210371819961       1.932150605309050E-002
   10.9797416829746       1.752965000189742E-002
   11.0384461839530       1.589832736673462E-002
   11.0971506849315       1.441392550416045E-002
   11.1558551859100       1.306387981072411E-002
   11.2145596868885       1.183660811295536E-002
   11.2732641878669       1.072144688195417E-002
   11.3319686888454       9.708589633795029E-003
   11.3906731898239       8.789027783441178E-003
   11.4493776908024       7.954494140855851E-003
   11.5080821917808       7.197409171753298E-003
   11.5667866927593       6.510830090368242E-003
   11.6254911937378       5.888402806296861E-003
   11.6841956947162       5.324316710576882E-003
   11.7429001956947       4.813262256568946E-003
   11.8016046966732       4.350391267839110E-003
   11.8603091976517       3.931279887204980E-003
   11.9190136986301       3.551894067585458E-003
   11.9777181996086       3.208557495574706E-003
   12.0364227005871       2.897921832121624E-003
   12.0951272015656       2.616939150795638E-003
   12.1538317025440       2.362836452388422E-003
   12.2125362035225       2.133092134633823E-003
   12.2712407045010       1.925414297277489E-003
   12.3299452054795       1.737720765296843E-003
   12.3886497064579       1.568120716507637E-003
   12.4473542074364       1.414897803883623E-003
   12.5060587084149       1.276494667480491E-003
   12.5647632093933       1.151498735745687E-003
   12.6234677103718       1.038629221087858E-003
   12.6821722113503       9.367252197724610E-004
   12.7408767123288       8.447348314205994E-004
   12.7995812133072       7.617052185508355E-004
   12.8582857142857       6.867735316660027E-004
   12.9169902152642       6.191586303084538E-004
   12.9756947162427       5.581535352571737E-004
   13.0343992172211       5.031185515964582E-004
   13.0931037181996       4.534750067327236E-004
   13.1518082191781       4.086995515641180E-004
   13.2105127201566       3.683189769113606E-004
   13.2692172211350       3.319055009967010E-004
   13.3279217221135       2.990724872125774E-004
   13.3866262230920       2.694705546565087E-004
   13.4453307240705       2.427840469300313E-004
   13.5040352250489       2.187278275142782E-004
   13.5627397260274       1.970443726515721E-004
   13.6214442270059       1.775011350900688E-004
   13.6801487279843       1.598881542966778E-004
   13.7388532289628       1.440158908218746E-004
   13.7975577299413       1.297132644184168E-004
   13.8562622309198       1.168258772841677E-004
   13.9149667318982       1.052144054267363E-004
   13.9736712328767       9.475314264383711E-005
   14.0323757338552       8.532868298710170E-005
   14.0910802348337       7.683872883720116E-005
   14.1497847358121       6.919101287279518E-005
   14.2084892367906       6.230232327283638E-005
   14.2671937377691       5.609762245851101E-005
   14.3258982387476       5.050925056457777E-005
   14.3846027397260       4.547620563659149E-005
   14.4433072407045       4.094349328662234E-005
   14.5020117416830       3.686153921128006E-005
   14.5607162426614       3.318565858748523E-005
   14.6194207436399       2.987557691841694E-005
   14.6781252446184       2.689499740900364E-005
   14.7368297455969       2.421121041144934E-005
   14.7955342465753       2.179474090053277E-005
   14.8542387475538       1.961903031937881E-005
   14.9129432485323       1.766014948243916E-005
   14.9716477495108       1.589653953657082E-005
   15.0303522504892       1.430877826620301E-005
   15.0890567514677       1.287936928720963E-005
   15.1477612524462       1.159255190862810E-005
   15.2064657534247       1.043412965395616E-005
   15.2651702544031       9.391315626402988E-006
   15.3238747553816       8.452593076980882E-006
   15.3825792563601       7.607589692361875E-006
   15.4412837573386       6.846964262499803E-006
   15.4999882583170       6.162304517514008E-006
   15.5586927592955       5.546035040503509E-006
   15.6173972602740       4.991334268957751E-006
   15.6761017612524       4.492059693291046E-006
   15.7348062622309       4.042680447707120E-006
   15.7935107632094       3.638216566954997E-006
   15.8522152641879       3.274184253356309E-006
   15.9109197651663       2.946546562477150E-006
   15.9696242661448       2.651668973632316E-006
   16.0283287671233       2.386279363633137E-006
   16.0870332681018       2.147431949355204E-006
   16.1457377690802       1.932474807291279E-006
   16.2044422700587       1.739020616705722E-006
   16.2631467710372       1.564920307717953E-006
   16.3218512720157       1.408239326970369E-006
   16.3805557729941       1.267236261809965E-006
   16.4392602739726       1.140343589424000E-006
   16.4979647749511       1.026150340388078E-006
   16.5566692759296       9.233864868487382E-007
   16.6153737769080       8.309088842932452E-007
   16.6740782778865       7.476886127513541E-007
   16.7327827788650       6.727995785086911E-007
   16.7914872798434       6.054082511483053E-007
   16.8501917808219       5.447644231234337E-007
   16.9088962818004       4.901928902313733E-007
   16.9676007827789       4.410859614253009E-007
   17.0263052837573       3.968967154754565E-007
   17.0850097847358       3.571329301700891E-007
   17.1437142857143       3.213516171184487E-007
   17.2024187866928       2.891541018613836E-007
   17.2611232876712       2.601815949818458E-007
   17.3198277886497       2.341112053020580E-007
   17.3785322896282       2.106523511147685E-007
   17.4372367906067       1.895435297751518E-007
   17.4959412915851       1.705494099254131E-007
   17.5546457925636       1.534582141782701E-007
   17.6133502935421       1.380793632873363E-007
   17.6720547945205       1.242413557164013E-007
   17.7307592954990       1.117898591173924E-007
   17.7894637964775       1.005859925665662E-007
   17.8481682974560       9.050478051573941E-008
   17.9068727984344       8.143376131328458E-008
   17.9655772994129       7.327173485870474E-008
   18.0242818003914       6.592763549381139E-008
   18.0829863013699       5.931951761949738E-008
   18.1416908023483       5.337364277519586E-008
   18.2003953033268       4.802365804188146E-008
   18.2590998043053       4.320985664138636E-008
   18.3178043052838       3.887851251584980E-008
   18.3765088062622       3.498128149143331E-008
   18.4352133072407       3.147466236894850E-008
   18.4939178082192       2.831951194894562E-008
   18.5526223091977       2.548060859740815E-008
   18.6113268101761       2.292625949707337E-008
   18.6700313111546       2.062794721453213E-008
   18.7287358121331       1.856001164995820E-008
   18.7874403131115       1.669936382945446E-008
   18.8461448140900       1.502522835386743E-008
   18.9048493150685       1.351891163647630E-008
   18.9635538160470       1.216359334868564E-008
   19.0222583170254       1.094413875095083E-008
   19.0809628180039       9.846929818466441E-009
   19.1396673189824       8.859713280253438E-009
   19.1983718199609       7.971463878476462E-009
   19.2570763209393       7.172261324220893E-009
   19.3157808219178       6.453179578415893E-009
   19.3744853228963       5.806187223810917E-009
   19.4331898238748       5.224057817411012E-009
   19.4918943248532       4.700289223925629E-009
   19.5505988258317       4.229031030820920E-009
   19.6093033268102       3.805019235591463E-009
   19.6680078277886       3.423517476892645E-009
   19.7267123287671       3.080264154090583E-009
   19.7854168297456       2.771424845409206E-009
   19.8441213307241       2.493549493909451E-009
   19.9028258317025       2.243533883682485E-009
   19.9615303326810       2.018584976465187E-009
   20.0202348336595       1.816189721928126E-009
   20.0789393346380       1.634086993617522E-009
   20.1376438356164       1.470242337389172E-009
   20.1963483365949       1.322825250537604E-009
   20.2550528375734       1.190188738049999E-009
   20.3137573385519       1.070850917814252E-009
   20.3724618395303       9.634784694667234E-010
   20.4311663405088       8.668717421337149E-010
   20.4898708414873       7.799513548282087E-010
   20.5485753424658       7.017461399186401E-010
   20.6072798434442       6.313822950726728E-010
   20.6659843444227       5.680736225649913E-010
   20.7246888454012       5.111127469726433E-010
   20.7833933463796       4.598632132012334E-010
   20.8420978473581       4.137523766105191E-010
   20.9008023483366       3.722650058495175E-010
   20.9595068493151       3.349375269666755E-010
   21.0182113502935       3.013528445192423E-010
   21.0769158512720       2.711356818474120E-010
   21.1356203522505       2.439483884747022E-010
   21.1943248532290       2.194871678114150E-010
   21.2530293542074       1.974786830306159E-010
   21.3117338551859       1.776770032086839E-010
   21.3704383561644       1.598608556217445E-010
   21.4291428571429       1.438311535080575E-010
   21.4878473581213       1.294087716824117E-010
   21.5465518590998       1.164325451564616E-010
   21.6052563600783       1.047574684092941E-010
   21.6639608610568       9.425307519342909E-011
   21.7226653620352       8.480198077765489E-011
   21.7813698630137       7.629857034233774E-011
   21.8400743639922       6.864781887516724E-011
   21.8987788649706       6.176422938407712E-011
   21.9574833659491       5.557087756560632E-011
   22.0161878669276       4.999855225604651E-011
   22.0748923679061       4.498498206262994E-011
   22.1335968688845       4.047413953464373E-011
   22.1923013698630       3.641561510053802E-011
   22.2510058708415       3.276405377641967E-011
   22.3097103718200       2.947864835254617E-011
   22.3684148727984       2.652268339535601E-011
   22.4271193737769       2.386312497025957E-011
   22.4858238747554       2.147025150117477E-011
   22.5445283757339       1.931732164237757E-011
   22.6032328767123       1.738027545172260E-011
   22.6619373776908       1.563746552634623E-011
   22.7206418786693       1.406941509671040E-011
   22.7793463796478       1.265860037603415E-011
   22.8380508806262       1.138925473316095E-011
   22.8967553816047       1.024719250073092E-011
   22.9554598825832       9.219650449917224E-012
   23.0141643835616       8.295145160368341E-012
   23.0728688845401       7.463344691602737E-012
   23.1315733855186       6.714953121892534E-012
   23.1902778864971       6.041606664449844E-012
   23.2489823874755       5.435780200084795E-012
   23.3076868884540       4.890703181897823E-012
   23.3663913894325       4.400283972285799E-012
   23.4250958904110       3.959041766765429E-012
   23.4838003913894       3.562045343890263E-012
   23.5425048923679       3.204857956812913E-012
   23.6012093933464       2.883487750671884E-012
   23.6599138943249       2.594343151728040E-012
   23.7186183953033       2.334192729732610E-012
   23.7773228962818       2.100129084992636E-012
   23.8360273972603       1.889536356574866E-012
   23.8947318982387       1.700060988552147E-012
   23.9534363992172       1.529585427604616E-012
   24.0121409001957       1.376204458043934E-012
   24.0708454011742       1.238203909801926E-012
   24.1295499021526       1.114041501441458E-012
   24.1882544031311       1.002329604106700E-012
   24.2469589041096       9.018197337953298E-013
   24.3056634050881       8.113885986497319E-013
   24.3643679060665       7.300255453410757E-013
   24.4230724070450       6.568212642553180E-013
   24.4817769080235       5.909576272571818E-013
   24.5404814090020       5.316985444649335E-013
   24.5991859099804       4.783817378563693E-013
   24.6578904109589       4.304113397720622E-013
   24.7165949119374       3.872512336006149E-013
   24.7752994129159       3.484190622243205E-013
   24.8340039138943       3.134808372665428E-013
   24.8927084148728       2.820460888958278E-013
   24.9514129158513       2.537635019830402E-013
   25.0101174168297       2.283169898427892E-013
   25.0688219178082       2.054221616806897E-013
   25.1275264187867       1.848231442678442E-013
   25.1862309197652       1.662897223225390E-013
   25.2449354207436       1.496147656409807E-013
   25.3036399217221       1.346119142233155E-013
   25.3623444227006       1.211134955245706E-013
   25.4210489236791       1.089686505541881E-013
   25.4797534246575       9.804164788187738E-014
   25.5384579256360       8.821036670747272E-014
   25.5971624266145       7.936493204188570E-014
   25.6558669275930       7.140648674618629E-014
   25.7145714285714       6.424608670533039E-014
   25.7732759295499       5.780370678916965E-014
   25.8319804305284       5.200734649151164E-014
   25.8906849315069       4.679222525196095E-014
   25.9493894324853       4.210005846757674E-014
   26.0080939334638       3.787840610310963E-014
   26.0667984344423       3.408008661997036E-014
   26.1255029354207       3.066264967404420E-014
   26.1842074363992       2.758790168926724E-014
   26.2429119373777       2.482147900480901E-014
   26.3016164383562       2.233246382538096E-014
   26.3603209393346       2.009303868255379E-014
   26.4190254403131       1.807817554535525E-014
   26.4777299412916       1.626535610566838E-014
   26.5364344422701       1.463432011233919E-014
   26.5951389432485       1.316683894138935E-014
   26.6538434442270       1.184651187175466E-014
   26.7125479452055       1.065858278973043E-014
   26.7712524461840       9.589775273613112E-015
   26.8299569471624       8.628144215444202E-015
   26.8886614481409       7.762942321580062E-015
   26.9473659491194       6.984500000094986E-015
   27.0060704500978       6.284117292639848E-015
   27.0647749510763       5.653966642980656E-015
   27.1234794520548       5.087005415558468E-015
   27.1821839530333       4.576897186373583E-015
   27.2408884540117       4.117940926538582E-015
   27.2995929549902       3.705007287052547E-015
   27.3582974559687       3.333481272712190E-015
   27.4170019569472       2.999210664480683E-015
   27.4757064579256       2.698459613879987E-015
   27.5344109589041       2.427866890774402E-015
   27.5931154598826       2.184408317921082E-015
   27.6518199608611       1.965362972452428E-015
   27.7105244618395       1.768282776556831E-015
   27.7692289628180       1.590965137500577E-015
   27.8279334637965       1.431428331213959E-015
   27.8866379647750       1.287889354326662E-015
   27.9453424657534       1.158743997125030E-015
   28.0040469667319       1.042548914725017E-015
   28.0627514677104       9.380054960865644E-016
   28.1214559686888       8.439453505885029E-016
   28.1801604696673       7.593172499601419E-016
   28.2388649706458       6.831753796319280E-016
   28.2975694716243       6.146687682007269E-016
   28.3562739726027       5.530317768727418E-016
   28.4149784735812       4.975755425930127E-016
   28.4736829745597       4.476802792291123E-016
   28.5323874755382       4.027883507663194E-016
   28.5910919765166       3.623980390995049E-016
   28.6497964774951       3.260579367700904E-016
   28.7085009784736       2.933619019805259E-016
   28.7672054794521       2.639445195031460E-016
   28.8259099804305       2.374770167539509E-016
   28.8846144814090       2.136635893889301E-016
   28.9433189823875       1.922380953573876E-016
   29.0020234833659       1.729610804646338E-016
   29.0607279843444       1.556171022014001E-016
   29.1194324853229       1.400123219307860E-016
   29.1781369863014       1.259723385227427E-016
   29.2368414872798       1.133402392245451E-016
   29.2955459882583       1.019748459835358E-016
   29.3542504892368       9.174913762285950E-017
   29.4129549902153       8.254883023621737E-017
   29.4716594911937       7.427109993596998E-017
   29.5303639921722       6.682343367986528E-017
   29.5890684931507       6.012259533309139E-017
   29.6477729941292       5.409369541023944E-017
   29.7064774951076       4.866935410048688E-017
   29.7651819960861       4.378894822188810E-017
   29.8238864970646       3.939793368861147E-017
   29.8825909980431       3.544723591895996E-017
   29.9412954990215       3.189270137127437E-017
   30.0000000000000       2.869460407803123E-017
