           0  3.467063117534104E-002
           1  0.101485529496963     
           2  0.159422469388907     
           3  0.179386274608060     
           4  0.162841536786592     
           5  0.127361414982780     
           6  8.951894996838397E-002
           7  5.824533335274268E-002
           8  3.586846727095774E-002
           9  2.127320816445979E-002
          10  1.232402337321986E-002
          11  7.055220212826394E-003
          12  4.028665556661517E-003
          13  2.309972345125714E-003
          14  1.333431562615701E-003
          15  7.708123072979832E-004
          16  4.357654437578081E-004
          17  2.224176184302535E-004
          18  6.825464818581198E-005
