  2.000000000000000E-003  1.274143443676317E-002 -7.447493440832707E-003
  6.070450097847359E-002 -4.940457038865180E-004 -1.282574620150715E-002
  0.119409001956947       2.434784982250558E-003  5.060627968073771E-003
  0.178113502935421       9.598827319914764E-003 -1.699156322251119E-002
  0.236818003913894       7.708133280833081E-004 -2.876406952880537E-002
  0.295522504892368      -2.441204635592209E-003  6.193744039336919E-003
  0.354227005870842       4.835736660862545E-003 -4.044118721713862E-003
  0.412931506849315       2.690039885710829E-002  2.552451386804473E-002
  0.471636007827789       1.395847893911054E-002 -1.954062176988729E-002
  0.530340508806262      -1.244470841508342E-003  4.208528466724246E-002
  0.589045009784736       2.451625840997352E-002  8.297270149554366E-003
  0.647749510763209      -1.400068685638177E-002 -5.531639807375171E-003
  0.706454011741683      -2.038073286608611E-002  1.253026571529202E-002
  0.765158512720157       1.645955360553568E-002 -3.373547215382663E-003
  0.823863013698630       1.717507055037859E-002  3.628041757770239E-002
  0.882567514677104       5.361351135015965E-002  4.460299832602203E-002
  0.941272015655577       4.232367743761219E-002  1.978767217044359E-002
  0.999976516634051       7.269506913467506E-002  1.370145108072081E-002
   1.05868101761252       3.708506061082752E-002  9.839758324946312E-003
   1.11738551859100      -4.666632607503152E-002 -2.058816401045007E-003
   1.17609001956947      -7.010596491247924E-002 -6.793299206550969E-003
   1.23479452054795      -0.116661616300545      -6.159964161451920E-002
   1.29349902152642      -7.613050552175166E-002 -9.444281630226170E-003
   1.35220352250489      -3.026052125871163E-003  6.682388981111397E-003
   1.41090802348337      -4.012779120206558E-002  5.044273629950517E-002
   1.46961252446184      -2.784398827910983E-002  0.106123789657453     
   1.52831702544031      -0.127356596284264       9.173993914386915E-002
   1.58702152641879      -0.152139342455916       0.169931890477524     
   1.64572602739726      -0.140042599577908       0.180820613201190     
   1.70443052837573      -0.185067769369583       0.215879734874379     
   1.76313502935421      -0.268872795490307       0.296597151109800     
   1.82183953033268      -0.364452614707093       0.272357796537785     
   1.88054403131115      -0.403449605697048       0.154349364058193     
   1.93924853228963      -0.381037402026842      -2.330533222067740E-002
   1.99795303326810      -0.337273728705862      -0.177607551742753     
   2.05665753424658      -0.364125430748183      -0.324752302446726     
   2.11536203522505      -0.322294889445982      -0.442678385854648     
   2.17406653620352      -0.200553573603480      -0.488757575952849     
   2.23277103718200      -4.348599182455364E-002 -0.474654225337170     
   2.29147553816047       0.137876106996864      -0.399234856931901     
   2.35018003913894       0.180218891689274      -0.310822510437501     
   2.40888454011742       0.192408578139145      -0.133335626731151     
   2.46758904109589       0.194016631956420      -1.484861000731627E-002
   2.52629354207436       0.219836219407674       0.114550084352802     
   2.58499804305284       0.233640613429629       0.197434259055388     
   2.64370254403131       0.240323221352143       0.190452786350677     
   2.70240704500978       0.166921900792649       0.167899846231584     
   2.76111154598826       7.178886179392732E-002  0.114559280634290     
   2.81981604696673       8.462059200977730E-003  0.150728703124588     
   2.87852054794521      -1.369205122683690E-002  0.139865168208910     
   2.93722504892368      -9.410986950734003E-002  0.142963871027896     
   2.99592954990215      -0.142168287052487       0.106836481063623     
   3.05463405088063      -0.187785594997737       0.122999166256809     
   3.11333855185910      -0.135162252726692       0.125399818366222     
   3.17204305283757      -0.106933243543202       4.779601399667343E-002
   3.23074755381605      -0.148298667888383      -4.835364073225545E-002
   3.28945205479452      -0.156928202426899      -9.267980280751131E-002
   3.34815655577299      -0.195622280400839      -0.150935744831423     
   3.40686105675147      -0.189275430326535      -9.423698978363744E-002
   3.46556555772994      -0.186115022390813      -2.118316789427390E-002
   3.52427005870842      -0.135737528560365       5.755015441866442E-002
   3.58297455968689      -0.119120224010432       6.195797597691219E-002
   3.64167906066536      -0.110257929381439       3.775043984911218E-002
   3.70038356164384      -8.801239870560300E-002 -1.262822252114585E-002
   3.75908806262231      -0.113910668339411      -6.932145632650345E-002
   3.81779256360078      -0.116837445187146       1.936910738139350E-002
   3.87649706457926      -5.309319292200880E-002  7.199671920758538E-002
   3.93520156555773      -9.251784324957265E-003  0.106669045421275     
   3.99390606653620       1.484274465594150E-002  0.105805912264525     
   4.05261056751468       5.166458743384746E-002  0.109563781553471     
   4.11131506849315       8.622463454734804E-002  5.488653851671677E-002
   4.17001956947162       7.683148545826406E-002 -4.400173007032783E-002
   4.22872407045010       3.192234268193909E-002 -7.359601440269564E-002
   4.28742857142857       2.001435692383880E-002 -2.318597006313407E-002
   4.34613307240704      -4.804837219616766E-003  2.755286205448753E-002
   4.40483757338552      -3.640699054184963E-002  4.482306483246447E-002
   4.46354207436399      -0.170517832792026       6.647395176330401E-002
   4.52224657534247      -0.191842339362301       3.426063441455003E-002
   4.58095107632094      -0.184338779123242      -2.014134932707063E-003
   4.63965557729941      -0.120235199378667      -1.570524055567888E-002
   4.69836007827789      -5.909451768427520E-002  1.670999157690474E-002
   4.75706457925636      -1.812115046233096E-002  5.011033549306654E-002
   4.81576908023483      -3.886501976903903E-002  9.560823296481656E-003
   4.87447358121331      -1.464361772589201E-002 -2.671744595249909E-002
   4.93317808219178      -4.505996758200392E-002 -7.717669314843964E-002
   4.99188258317025      -6.989246629531068E-002 -1.755585073193765E-002
   5.05058708414873      -2.810110170065236E-002  0.109051294409247     
   5.10929158512720      -3.299807220091754E-002  0.100386070988976     
   5.16799608610568      -5.372273220161861E-002  0.135065067682347     
   5.22670058708415      -1.743122099817878E-002  6.436186090916961E-002
   5.28540508806262       1.000250445761532E-002 -2.050968458260983E-002
   5.34410958904110       2.351490841972838E-002 -5.840958412299740E-002
   5.40281409001957       1.040654076794835E-002 -0.151935137857371     
   5.46151859099804      -3.745776861970745E-002 -0.188633572006237     
   5.52022309197652       1.906604727132273E-002 -0.161866126849919     
   5.57892759295499       3.976588144594764E-002 -0.209774851866551     
   5.63763209393346      -1.673223784790319E-002 -0.197225908900555     
   5.69633659491194      -1.775651842088070E-002 -0.114054757334288     
   5.75504109589041       1.885909582625673E-002 -0.134671124288464     
   5.81374559686888       3.722968701007769E-002 -0.150348965527083     
   5.87245009784736       3.906147286039736E-002 -5.444997494961641E-002
   5.93115459882583       9.078150925470710E-002 -1.980245724480486E-002
   5.98985909980431       1.933566548403149E-002 -4.020022335043728E-002
   6.04856360078278       1.187001776326379E-002 -5.458440315029338E-003
   6.10726810176125       1.215169073958855E-002 -6.276284173067116E-002
   6.16597260273973       6.504166576925473E-002 -5.766341760517862E-002
   6.22467710371820       0.160901369047143      -1.157874691240582E-003
   6.28338160469667       0.174928661731117      -3.536834210466086E-002
   6.34208610567515       5.825918270210645E-002  2.806976618844811E-003
   6.40079060665362       7.315650612575907E-003  4.823747130169959E-002
   6.45949510763209      -5.037044975010163E-002  2.164447609256594E-002
   6.51819960861057      -9.760980275076887E-002 -6.573170746710152E-003
   6.57690410958904      -0.108843587974221      -1.038556487296706E-003
   6.63560861056752       6.263784624836541E-002  4.786106455625280E-002
   6.69431311154599       0.156849440961107       3.011480340672017E-002
   6.75301761252446       0.176979313305397       8.298201768073603E-002
   6.81172211350294       0.145984015049521       0.126954569968985     
   6.87042661448141       6.487991912772098E-002  0.115727539165613     
   6.92913111545988       5.189424167331844E-003  0.151234787634044     
   6.98783561643836      -1.092144567568991E-002  0.124753841568750     
   7.04654011741683      -7.399076328533187E-002  9.641178354073512E-002
   7.10524461839530      -9.653901382298029E-002  7.639476170961279E-002
   7.16394911937378      -9.292183848402998E-002  5.323555299059458E-002
   7.22265362035225       1.797802475667725E-002  2.702859718903863E-002
   7.28135812133072       8.301612141923628E-002  1.384347918795920E-002
   7.34006262230920       0.104292707849059       5.922648199148120E-002
   7.39876712328767       8.107641210648767E-002  6.020931551375792E-003
   7.45747162426615      -7.680038472666043E-003 -2.827020410695555E-002
   7.51617612524462      -2.263825962837240E-002 -5.078236095349996E-002
   7.57488062622309       7.876424774373862E-003 -0.109331861179108     
   7.63358512720157      -6.274158158229583E-002 -6.221788586747096E-002
   7.69228962818004      -9.928642187089801E-002  4.973353638674367E-002
   7.75099412915851      -6.331558729463951E-002  0.141635803656395     
   7.80969863013699      -1.498809367203117E-002  0.123204501057745     
   7.86840313111546       6.157328847649073E-003  0.103766060706766     
   7.92710763209393      -7.030050822271308E-003  7.265116318132014E-002
   7.98581213307241      -5.325099812622701E-002  1.284992137522514E-002
   8.04451663405088      -1.306978872344983E-002  2.447862288002060E-002
   8.10322113502936       3.569581422086279E-002 -4.598537583522133E-003
   8.16192563600783      -1.779346373850763E-002  1.140490061931524E-002
   8.22063013698630      -0.116088803586188       9.214764313662578E-002
   8.27933463796478      -0.108696053202152       3.617389939806923E-002
   8.33803913894325      -0.124449088433685      -5.279863739932127E-002
   8.39674363992172      -0.190122955838658      -0.111290425139551     
   8.45544814090020      -0.193959238002897      -3.916847850400951E-002
   8.51415264187867      -0.119016585244940      -6.630841375601457E-002
   8.57285714285714      -7.841966162121709E-002 -4.305993908949148E-002
   8.63156164383562      -4.398302225428261E-002 -5.867914002461938E-002
   8.69026614481409      -3.577371405819162E-002 -5.328804974824550E-002
   8.74897064579256      -3.812432671688683E-002 -4.253621591771471E-002
   8.80767514677104      -4.315244843466848E-002 -3.927804376969699E-003
   8.86637964774951      -1.456599028125870E-002  4.950463209347716E-002
   8.92508414872799      -3.687399330698354E-002  3.181034066579756E-002
   8.98378864970646      -0.152619505392677       7.436821204384621E-002
   9.04249315068493      -0.136262192502470       0.121396427210793     
   9.10119765166341      -8.682624500206289E-002  0.103418336083361     
   9.15990215264188      -0.115963949589507       5.992519367491739E-002
   9.21860665362035      -0.192810644415219       8.994593516882815E-002
   9.27731115459883      -0.166973164407249       2.729435239585579E-002
   9.33601565557730      -7.456081714437082E-002 -3.936366607694591E-002
   9.39472015655577       5.367597306139045E-002 -8.121896434872641E-002
   9.45342465753425       0.205223210882575      -9.676920740074625E-002
   9.51212915851272       0.270583932439999      -0.139218783641747     
   9.57083365949119       0.192589548883428      -0.123904940040316     
   9.62953816046967       0.152916093727107      -4.705164814149898E-002
   9.68824266144814       0.173141157544951       1.106768296631680E-002
   9.74694716242662       8.192000721813342E-002  1.899889763455619E-002
   9.80565166340509       5.775232635190301E-002  5.994457684762318E-002
   9.86435616438356      -8.189465762675111E-003  5.442078023758219E-002
   9.92306066536204       1.567141503330548E-002  5.088668283974725E-002
   9.98176516634051      -2.476893953529349E-002  4.431698464658143E-003
   10.0404696673190      -5.917540319532986E-002 -1.946746965950209E-002
   10.0991741682975      -6.344513971859350E-002 -0.126680652156348     
   10.1578786692759      -0.117254164351560      -0.128026421201161     
   10.2165831702544      -6.928271080555357E-002 -6.484417643879796E-002
   10.2752876712329      -3.155093390248352E-003 -2.284174927060536E-003
   10.3339921722114       2.739840219399941E-002  6.115372542130898E-002
   10.3926966731898       2.558180786463635E-002  8.473630737891648E-002
   10.4514011741683      -2.698975738308034E-002  0.139993114498083     
   10.5101056751468      -6.440851076639811E-002  6.807846286760776E-002
   10.5688101761252      -0.105551102639040      -4.074685752861694E-002
   10.6275146771037      -0.101843730962079      -6.565100291243833E-002
   10.6862191780822      -7.083824073314732E-002 -8.482697544432929E-002
   10.7449236790607      -2.213325313221960E-002 -0.134315625846922     
   10.8036281800391      -8.350561185866343E-002 -0.176024855805258     
   10.8623326810176      -4.550701342557076E-002 -0.151061436851671     
   10.9210371819961      -1.304046054147266E-003 -0.158082386550272     
   10.9797416829746       8.844183480234807E-002 -0.135207407149091     
   11.0384461839530       0.144836186933445      -0.122395127129811     
   11.0971506849315       0.138461133366282      -3.372897296242822E-003
   11.1558551859100       0.150653022667101       5.703137343974168E-002
   11.2145596868885       0.154036282295561       0.160632216471003     
   11.2732641878669       0.193420979572204      -3.362241842180948E-002
   11.3319686888454       0.158873153920940      -0.169875148038835     
   11.3906731898239       2.472374353804937E-002 -0.128536004463493     
   11.4493776908024       2.712928961867457E-003 -0.170753727059797     
   11.5080821917808       7.583887556782126E-002 -0.236632068291167     
   11.5667866927593       6.637038429154174E-002 -0.311787000729886     
   11.6254911937378       4.812280609797071E-002 -0.268409318069383     
   11.6841956947162       0.164251540360862      -0.119568381756950     
   11.7429001956947       0.193688278005247      -2.195237609279888E-002
   11.8016046966732       0.145927927581190      -3.755594007969945E-002
   11.8603091976517       0.118307280747767      -3.312294091463246E-002
   11.9190136986301      -2.704695364520540E-002 -2.658108430594226E-003
   11.9777181996086      -0.163103439621966      -9.965936746105117E-002
   12.0364227005871      -7.498650887765787E-002 -0.115224202875998     
   12.0951272015656      -1.868557919199617E-002 -9.204777809418598E-002
   12.1538317025440       9.555119172920151E-002 -0.112721321177271     
   12.2125362035225       2.258592000074829E-002 -6.399541709360589E-002
   12.2712407045010      -6.635504274375419E-003  2.001721247033317E-002
   12.3299452054795       0.113808057410231      -3.216592383093135E-002
   12.3886497064579       6.453554303297068E-002 -5.293257229350996E-002
   12.4473542074364       2.146845498140046E-002 -0.100765487862296     
   12.5060587084149      -5.686078850266574E-002 -3.846137724421120E-002
   12.5647632093933      -9.318760312317723E-002 -2.791913331466137E-002
   12.6234677103718      -5.686124816892235E-002 -0.112971060876210     
   12.6821722113503      -7.710714481294040E-002 -7.605088437082622E-002
   12.7408767123288      -2.481203554528872E-002 -8.367769779835424E-002
   12.7995812133072       5.852590028336383E-002 -0.104787813490112     
   12.8582857142857       0.135146616545393      -9.891147338036743E-002
   12.9169902152642       0.194479501010422      -6.837020294623679E-002
   12.9756947162427       0.174364695128685      -4.070579056108788E-002
   13.0343992172211       9.369214527710314E-002  2.784371027613797E-002
   13.0931037181996       6.436150569648161E-002  7.602115760509928E-002
   13.1518082191781       0.114627682239348       0.114878066585748     
   13.2105127201566       0.136888874675411       7.601997164056568E-003
   13.2692172211350       2.997575177773478E-002 -4.409146337530954E-002
   13.3279217221135      -2.975300858997429E-003 -3.033882480746581E-002
   13.3866262230920       5.236654049734901E-002 -9.836890126083631E-003
   13.4453307240705       3.911892871150541E-002 -3.095012559043132E-002
   13.5040352250489       1.084715457771381E-002 -0.121279588036984     
   13.5627397260274      -3.725216380764593E-002 -0.145506449364047     
   13.6214442270059      -1.267491679587988E-002 -7.438486734286473E-002
   13.6801487279843      -5.478190372658139E-002 -2.864628163099314E-002
   13.7388532289628      -2.671776903276086E-002  8.273657953247946E-003
   13.7975577299413      -5.871387587781966E-002 -3.754510041322991E-002
   13.8562622309198       4.321573433504657E-002 -3.068005950892162E-002
   13.9149667318982       0.234324431230467       7.640440345082891E-002
   13.9736712328767       0.228001299663357       0.102076439090689     
   14.0323757338552       0.114029586530321       5.715174735351505E-002
   14.0910802348337      -2.871597338171742E-002  5.245747208211179E-004
   14.1497847358121       5.638558312412167E-003 -3.225916070541126E-002
   14.2084892367906       4.756291113955928E-002 -1.552341923153052E-002
   14.2671937377691       7.568051044813387E-002  9.949545069814287E-003
   14.3258982387476      -1.068265284743283E-002  7.073292636589806E-002
   14.3846027397260      -7.859582672489238E-002  4.851472988831011E-002
   14.4433072407045      -8.319776265728096E-002  1.252832964613177E-002
   14.5020117416830      -5.026450056047696E-004  1.841928314254782E-002
   14.5607162426614       8.472034300604064E-002 -6.881729685985459E-002
   14.6194207436399       1.310407135212218E-002 -2.576986353152676E-002
   14.6781252446184      -0.102304356359659      -2.993249677259186E-002
   14.7368297455969      -0.104771469992682      -1.800682935260088E-002
   14.7955342465753      -1.178766034755691E-002 -5.271400922232438E-002
   14.8542387475538       0.131880023821467      -8.588031017124911E-002
   14.9129432485323       9.508251321728059E-002  7.300157518193121E-002
   14.9716477495108       2.346386939933701E-002  9.987132740092125E-002
   15.0303522504892       4.791434542556677E-002  8.342652911539031E-002
   15.0890567514677      -6.040036857931422E-003  0.113659638514571     
   15.1477612524462       9.134976246594026E-002  6.067345494828970E-002
   15.2064657534247       3.429313739054891E-002  5.952382945306207E-002
   15.2651702544031      -9.909089510590319E-002  9.611542565585524E-003
   15.3238747553816      -0.145871754044564      -4.608606826145493E-002
   15.3825792563601      -0.197553189122029      -3.673006026907592E-002
   15.4412837573386      -9.593928927522750E-002 -5.544649419579203E-002
   15.4999882583170      -6.483427865958287E-002 -6.258248605441978E-002
   15.5586927592955       3.518674865950284E-002  6.517230723408543E-002
   15.6173972602740       0.128217868187873       0.113020336108434     
   15.6761017612524       0.100442769445147       7.908313863537264E-002
   15.7348062622309       0.172366647450436       0.113220373227546     
   15.7935107632094       0.153923800483529       8.017059074549784E-002
   15.8522152641879      -2.063859311140848E-002  4.020407371868027E-002
   15.9109197651663       1.179348746425388E-002  9.919177583516942E-002
   15.9696242661448       9.941285284944859E-002  5.952135726410791E-002
   16.0283287671233       0.121679216958158       7.924934939073751E-002
   16.0870332681018       8.467095439439254E-002  5.127890350014591E-002
   16.1457377690802       5.202806709645085E-002  3.831938942868712E-002
   16.2044422700587      -3.601368042037603E-003  0.100245108532521     
   16.2631467710372       7.974258558602598E-002 -3.390459368167587E-002
   16.3218512720157       8.049069488197792E-002 -5.166240790363726E-002
   16.3805557729941       2.042117447883515E-002 -6.587941935764488E-002
   16.4392602739726      -5.147974420552480E-002 -1.974532722930530E-002
   16.4979647749511      -0.115295352665290       3.089101297132426E-002
   16.5566692759296      -0.147400914133252       2.504825042242390E-002
   16.6153737769080      -0.101754843312922       5.635565723802131E-002
   16.6740782778865      -5.275681703898147E-002  1.997179923241808E-002
   16.7327827788650      -9.633922592022044E-002 -1.775940251150375E-002
   16.7914872798434      -0.117905849699566       3.687787771197459E-002
   16.8501917808219      -1.900454107962329E-002  6.207769511704263E-002
   16.9088962818004       9.643631477293027E-002  7.047036973992789E-002
   16.9676007827789       6.228193093274721E-003  3.282880765691443E-003
   17.0263052837573      -5.500994988093498E-002 -2.247071279733931E-002
   17.0850097847358      -6.465288264709881E-002  1.867615537387227E-002
   17.1437142857143      -2.255474972892433E-002  5.494525343252857E-002
   17.2024187866928       6.395667605834414E-002  0.108336910813275     
   17.2611232876712       0.129460556349394       0.145752631977126     
   17.3198277886497       7.750988211027975E-002  0.172142213829927     
   17.3785322896282      -1.956079993028618E-002  8.971584111529828E-002
   17.4372367906067      -3.368520160532011E-002  4.856095691498790E-003
   17.4959412915851       3.385921228876299E-002  1.025237153125878E-002
   17.5546457925636      -7.494518769939565E-002 -2.110468937832436E-003
   17.6133502935421      -0.175554426923705       4.096909755389250E-002
   17.6720547945205      -6.512106633583983E-002  4.700637475366060E-002
   17.7307592954990       2.310962102090299E-002  4.265354885536425E-002
   17.7894637964775       6.912582288488933E-002  7.374668786056598E-002
   17.8481682974560       5.161844564342215E-002  7.620387824308786E-002
   17.9068727984344       3.371598030461477E-003  0.123178348258171     
   17.9655772994129      -7.825723196985268E-003  0.195860090748341     
   18.0242818003914      -5.012093097171496E-002  8.594768913661213E-002
   18.0829863013699       1.332751858301429E-002  2.422770693692056E-002
   18.1416908023483      -6.331108551908289E-002 -3.556221977185028E-002
   18.2003953033268      -0.130090878197226      -0.122136173751880     
   18.2590998043053      -0.139770550986965      -9.889306564656682E-002
   18.3178043052838      -4.245706038174954E-002 -0.100112948675435     
   18.3765088062622       4.255207446342191E-002 -7.086897057627994E-002
   18.4352133072407       5.413650824147662E-002 -4.268690593095447E-002
   18.4939178082192       0.113643685757114      -3.435999422901294E-002
   18.5526223091977       6.008809054100060E-002 -4.570672023882818E-002
   18.6113268101761       2.043012210832392E-002 -2.857321348239836E-002
   18.6700313111546       0.121435431356777      -2.159087602490421E-002
   18.7287358121331       9.505178777394147E-002 -1.697896801194711E-002
   18.7874403131115       3.220239126374667E-002  5.126210793722230E-002
   18.8461448140900       1.672765558636610E-002  4.771643009239378E-002
   18.9048493150685       1.765127971122183E-002 -4.684374759569062E-004
   18.9635538160470       5.876144744610448E-002  4.264434111278238E-002
   19.0222583170254       5.051962507029544E-002  1.739013227882888E-002
   19.0809628180039       8.115271198333360E-002 -4.314689533618694E-002
   19.1396673189824       0.169535977897129       2.936983483608928E-002
   19.1983718199609       0.122866229665766       1.349712620531841E-002
   19.2570763209393       5.619213359167394E-002  3.459798213346762E-002
   19.3157808219178       4.629961827112854E-002  9.280424704865707E-002
   19.3744853228963       5.072082857278534E-002  9.700112084166720E-002
   19.4331898238748       2.558863562730542E-002  5.939892074831798E-002
   19.4918943248532       4.476866273127084E-002 -8.123713580498909E-002
   19.5505988258317       1.237673508510927E-002 -0.181230975157263     
   19.6093033268102      -8.016213656279994E-002 -0.138354679937202     
   19.6680078277886      -0.139563712382222      -0.119845585037015     
   19.7267123287671      -0.170997625578433      -7.309905824392084E-002
   19.7854168297456      -0.137748711917742      -1.701864962769093E-003
   19.8441213307241      -6.670367143562964E-002  0.137140454648257     
   19.9028258317025      -3.014920001697430E-002  0.166028523725723     
   19.9615303326810      -1.663808369733530E-002  0.106006499593619     
   20.0202348336595       6.136387305794999E-002  4.499372601490981E-002
   20.0789393346380       2.491515290291796E-002 -3.872986855529538E-002
   20.1376438356164      -3.299413056071129E-002 -4.499810429580874E-002
   20.1963483365949      -4.109877692028213E-002 -6.705727249805345E-002
   20.2550528375734      -1.842458828253332E-002 -0.116823773931993     
   20.3137573385519      -4.577190453017764E-002 -0.101854039935993     
   20.3724618395303      -3.988087552660764E-002 -5.316192464560561E-002
   20.4311663405088      -7.888593908980271E-002 -1.071339959749643E-002
   20.4898708414873      -0.150834583391365      -2.314611407977297E-002
   20.5485753424658      -0.174483391524545      -3.226432054067463E-002
   20.6072798434442      -0.141588771705533      -1.278486112180588E-002
   20.6659843444227      -0.108319292443503       4.266634780391537E-002
   20.7246888454012      -9.042741506068297E-002  5.821356903237534E-002
   20.7833933463796       1.710812098694666E-002  9.060092713663381E-002
   20.8420978473581       2.942605538553494E-002  8.321512841829722E-002
   20.9008023483366      -2.989215647621979E-002 -3.857969705158283E-002
   20.9595068493151      -6.959989188893606E-002 -0.108253438591168     
   21.0182113502935      -6.589854880390114E-002 -7.849023345560932E-002
   21.0769158512720      -3.104344000517217E-002  8.959396637401456E-003
   21.1356203522505      -5.514782276164483E-002  0.106908945563304     
   21.1943248532290      -6.206301905758176E-002  0.116674093449719     
   21.2530293542074      -0.128823031753890       9.289651455648265E-002
   21.3117338551859      -9.367084979709171E-002 -1.651514135122739E-003
   21.3704383561644      -2.481032451160835E-002 -3.946921347802403E-002
   21.4291428571429      -1.924804732425455E-002 -6.993192489388339E-002
   21.4878473581213      -2.827285247670604E-002 -9.679608900271838E-002
   21.5465518590998      -1.037204207968232E-002 -0.125626655545144     
   21.6052563600783       5.586754163999341E-002 -0.135363083180814     
   21.6639608610568       6.775976708208752E-002 -4.342951951507860E-002
   21.7226653620352       7.633489392237043E-002 -8.259265770959810E-002
   21.7813698630137       0.191403688255183      -6.262777829343287E-002
   21.8400743639922       0.182875675381307       3.097259747094369E-003
   21.8987788649706       9.199377880124424E-002  0.103153055356433     
   21.9574833659491      -1.495119462346061E-002  0.112706449165382     
   22.0161878669276      -5.135858486612838E-002 -8.344215114613779E-003
   22.0748923679061       1.736847301248801E-002 -0.143195794464931     
   22.1335968688845       5.682827823005095E-002 -0.180632540249474     
   22.1923013698630       5.391003934240128E-004 -0.101254580769337     
   22.2510058708415      -0.119298050199253       9.009303958457865E-003
   22.3097103718200      -0.204189605685188       2.004453709168919E-002
   22.3684148727984      -0.169509766552300       6.198614387086161E-002
   22.4271193737769      -8.331779195179298E-002  9.820350933507169E-002
   22.4858238747554      -5.500677112180150E-003  7.661667212997769E-002
   22.5445283757339       0.109216727110456       4.316958935387694E-003
   22.6032328767123       0.196062145744623      -2.250105958435435E-002
   22.6619373776908       0.189337784213506      -3.532368734569326E-002
   22.7206418786693       0.149030114452355       3.192290779539784E-003
   22.7793463796478       0.107952928108078       2.670402013908051E-002
   22.8380508806262       9.339278871371401E-002  7.252409152972016E-002
   22.8967553816047       6.457388583022829E-002  0.153295080120347     
   22.9554598825832      -5.350475165574904E-002  0.253563408784815     
   23.0141643835616      -6.757999214842758E-002  0.223311622824528     
   23.0728688845401       1.480590514555569E-002  0.170108931761344     
   23.1315733855186       6.901551130936330E-002  0.127283633355929     
   23.1902778864971       3.164934268313707E-002  8.743202752617507E-002
   23.2489823874755      -5.055496664481393E-002 -2.715630330647344E-002
   23.3076868884540       3.983607608402095E-002 -0.108935310161189     
   23.3663913894325       0.130588131663660      -9.827906483084466E-002
   23.4250958904110       0.117712148763776      -8.022911012072671E-002
   23.4838003913894       0.117250597557734      -6.740304439089767E-002
   23.5425048923679       3.385153634025964E-002 -4.615091723101571E-002
   23.6012093933464      -1.673360698216676E-002  2.832471778713125E-002
   23.6599138943249      -8.930944489896057E-002  2.265369556859051E-002
   23.7186183953033      -0.111560756734497       7.746279225613349E-003
   23.7773228962818      -8.513217407767229E-002 -3.112805199125754E-003
   23.8360273972603      -2.245607722115257E-002  6.065504765805411E-002
   23.8947318982387      -6.070052392753219E-002  6.319465325043230E-002
   23.9534363992172      -4.085719318045272E-002  5.366619270785029E-002
   24.0121409001957      -8.634562672821419E-003  5.331673184164275E-002
   24.0708454011742      -2.765571518408483E-002  6.249302113000015E-002
   24.1295499021526      -3.407798672057149E-002  7.849035698263236E-002
   24.1882544031311      -9.858030316905984E-002  2.845372609287938E-002
   24.2469589041096      -9.611339020699333E-002 -8.942175509366435E-002
   24.3056634050881      -0.100066020857095      -7.648392772994342E-002
   24.3643679060665      -0.136015224975223      -6.370734717596017E-002
   24.4230724070450      -0.183898438807837      -0.146884679422769     
   24.4817769080235      -0.170832127896056      -0.214087701422684     
   24.5404814090020      -0.153088831363503      -0.148532780093678     
   24.5991859099804      -9.566799053094185E-002 -9.537570675690632E-002
   24.6578904109589      -4.238875943953641E-002 -8.209596364042968E-002
   24.7165949119374       4.842408418035703E-002  1.166389489571083E-002
   24.7752994129159       8.680943537428917E-002  6.598982427848107E-002
   24.8340039138943       9.943990978267173E-002  1.999768061090953E-002
   24.8927084148728       8.418532404594031E-002 -4.476024351594596E-003
   24.9514129158513       7.215814574984374E-002  2.603384539270298E-002
   25.0101174168297       0.152459668160767       3.600056403884566E-002
   25.0688219178082       0.173057216186806       4.750802926645972E-002
   25.1275264187867       0.164305638383024       1.986475967331214E-002
   25.1862309197652       0.111526772618126      -3.330102552008901E-002
   25.2449354207436       2.395263290341926E-003 -9.790042948775178E-002
   25.3036399217221      -8.197919181393129E-002 -0.163245862737909     
   25.3623444227006      -4.300041205950121E-002 -9.584090726088602E-002
   25.4210489236791      -6.121854104666851E-002 -1.967515521820686E-002
   25.4797534246575      -8.737076711251709E-002 -2.175107032090298E-004
   25.5384579256360      -0.144584961983442      -2.763047077010972E-004
   25.5971624266145      -4.439700101895492E-002 -2.088060037597209E-002
   25.6558669275930       1.254870912548196E-002  8.305749698161796E-002
   25.7145714285714       9.343880439059662E-003  0.170365892524632     
   25.7732759295499      -3.496591263347701E-002  0.218276622360244     
   25.8319804305284      -1.189822233561792E-002  0.170555177284306     
   25.8906849315069       2.395416544964295E-004  0.115617986809326     
   25.9493894324853      -6.275539235146191E-002  3.284665175958035E-002
   26.0080939334638      -4.767646565729587E-002 -6.914678439190723E-002
   26.0667984344423      -2.750387538245837E-002 -0.148880963407010     
   26.1255029354207      -1.647809535876966E-002 -0.194501127504320     
   26.1842074363992      -6.985128230927486E-003 -9.558150788442474E-002
   26.2429119373777      -3.313517486402513E-002  2.728893348394405E-002
   26.3016164383562       3.995584483685029E-002  9.219298707774548E-002
   26.3603209393346       7.505828763742414E-002  0.189582983053203     
   26.4190254403131       4.085987188906007E-002  0.155514280023967     
   26.4777299412916       6.563600727845949E-002  2.589747101968339E-002
   26.5364344422701       2.059059042191633E-002 -9.542198058202282E-003
   26.5951389432485      -1.099969280559769E-003 -0.100010269470258     
   26.6538434442270      -5.272835329343874E-002 -0.147680522947260     
   26.7125479452055      -6.951326737951426E-002 -0.215647965322563     
   26.7712524461840      -8.250419205062984E-002 -0.143139396762651     
   26.8299569471624      -1.424973170113811E-002 -9.191385220528650E-002
   26.8886614481409       3.966129736243170E-002 -5.068637080000853E-002
   26.9473659491194       0.101564304246969      -1.340070642943691E-002
   27.0060704500978       0.190003715319444      -9.251061557519182E-003
   27.0647749510763       0.184833408004449       2.254966345612304E-002
   27.1234794520548       0.143569810006364       5.949305464110499E-003
   27.1821839530333       0.128460298561575      -3.384714489318968E-002
   27.2408884540117       0.143241863167231       2.170322984107638E-002
   27.2995929549902       9.504254131667340E-002  4.418060343222052E-002
   27.3582974559687       2.422719075072043E-003 -2.491923545183168E-002
   27.4170019569472      -5.688661774857154E-002 -6.194014547168683E-002
   27.4757064579256      -7.201674389926122E-002 -0.126154837016525     
   27.5344109589041      -4.525351128678873E-002 -8.204828086157023E-002
   27.5931154598826      -7.261474799585162E-002 -8.627068815431008E-002
   27.6518199608611       2.813959001786074E-002 -8.573660109599246E-002
   27.7105244618395       0.103893595276366      -2.769534439159785E-002
   27.7692289628180       3.249232677886771E-002 -2.782305256063797E-002
   27.8279334637965       1.110125063616228E-002 -0.108418911023071     
   27.8866379647750       3.341191113791710E-002 -0.104491449019980     
   27.9453424657534       5.656352966215737E-002 -9.250041565147510E-002
   28.0040469667319       2.955188055678928E-002 -1.433792328848257E-002
   28.0627514677104       3.926055033267092E-002 -4.397667604877407E-002
   28.1214559686888       4.339564012457898E-002 -5.091025896229850E-002
   28.1801604696673       5.122913113435879E-004 -0.106584878631769     
   28.2388649706458      -1.925117463796020E-002 -0.165236407917228     
   28.2975694716243      -4.341440570340699E-002 -0.147139938065289     
   28.3562739726027      -9.696614695003783E-002 -0.157014279307164     
   28.4149784735812      -0.153543134907688      -0.123690976724783     
   28.4736829745597      -0.134791983291960      -7.202468202754177E-002
   28.5323874755382      -6.741254196458749E-002 -0.102746635704398     
   28.5910919765166      -7.150167696326620E-003 -0.117196929933526     
   28.6497964774951       3.016658762117551E-002 -0.144146528487937     
   28.7085009784736       9.663713576512729E-002 -0.141561660510303     
   28.7672054794521       1.130930983037515E-002 -8.403232333945754E-002
   28.8259099804305      -3.058213763377227E-002 -6.428926037538275E-002
   28.8846144814090       1.100058317749499E-002 -1.082956862123251E-002
   28.9433189823875       5.698335313952331E-002 -4.489072238296823E-006
   29.0020234833659       1.335969546075204E-002  2.842204193644948E-003
   29.0607279843444       3.389954553126975E-002  3.035887657292946E-002
   29.1194324853229       3.425848422536051E-002  5.456085960128788E-002
   29.1781369863014      -5.719676832907109E-002  3.062083378921897E-002
   29.2368414872798      -9.465337291427339E-002  1.743854099801148E-002
   29.2955459882583      -6.017451467685611E-002 -7.442046781162562E-003
   29.3542504892368       1.757860847144978E-002 -4.997801480388109E-002
   29.4129549902153       7.815951391846558E-002 -6.796793048548173E-002
   29.4716594911937       0.123549182993608      -2.557561754434436E-002
   29.5303639921722       9.908654332891499E-002 -2.958236481266801E-002
   29.5890684931507       1.342518659751751E-003 -5.933773709368588E-003
   29.6477729941292      -8.046706074429882E-002  3.114899194764439E-002
   29.7064774951076      -0.146089173452801      -3.675902014667295E-002
   29.7651819960861      -0.133956836890714      -1.412836076589014E-002
   29.8238864970646      -5.771667118809163E-002 -2.343836883466053E-002
   29.8825909980431       1.474814772547114E-002 -4.612814530111357E-002
   29.9412954990215       6.309986486071394E-002 -4.036690005397170E-002
   30.0000000000000       4.019306254131266E-002 -2.770078941822568E-002
