           0  0.172457742886759     
           1  0.239560421584774     
           2  0.207901259487087     
           3  0.147201921109415     
           4  9.400790501779750E-002
           5  5.690784727476070E-002
           6  3.357946179885678E-002
           7  1.964354733176687E-002
           8  1.151483619330210E-002
           9  6.810461492032279E-003
          10  4.081838627093549E-003
          11  2.484986659060042E-003
          12  1.537408796807377E-003
          13  9.647125210560212E-004
          14  6.102460737741353E-004
          15  3.835254189771314E-004
          16  2.311552253191249E-004
          17  1.205964561456388E-004
          18  5.838222976147916E-015
