  2.000000000000000E-003 -6.471514159201856E-013
  6.070450097847359E-002 -7.652950258004920E-012
  0.119409001956947      -7.852299513210166E-011
  0.178113502935421      -7.028166615397638E-010
  0.236818003913894      -5.515423946393217E-009
  0.295522504892368      -3.813343048398116E-008
  0.354227005870842      -2.333493674163373E-007
  0.412931506849315      -1.269259240995017E-006
  0.471636007827789      -6.161565063006900E-006
  0.530340508806262      -2.679573897620899E-005
  0.589045009784736      -1.047588835605108E-004
  0.647749510763209      -3.693657597749595E-004
  0.706454011741683      -1.177927609739982E-003
  0.765158512720157      -3.406318166703218E-003
  0.823863013698630      -8.951581885515826E-003
  0.882567514677104      -2.141481389686571E-002
  0.941272015655577      -4.669287967541382E-002
  0.999976516634051      -9.284153122212924E-002
   1.05868101761252      -0.168284187949163     
   1.11738551859100      -0.277639292598208     
   1.17609001956947      -0.415530023838419     
   1.23479452054795      -0.560671118940770     
   1.29349902152642      -0.674375693229777     
   1.35220352250489      -0.707736587470892     
   1.41090802348337      -0.618730207402655     
   1.46961252446184      -0.394705834613247     
   1.52831702544031      -6.995873533167263E-002
   1.58702152641879       0.273468442505978     
   1.64572602739726       0.528120277152412     
   1.70443052837573       0.601647882261738     
   1.76313502935421       0.459067843784421     
   1.82183953033268       0.145821946401782     
   1.88054403131115      -0.222716670498134     
   1.93924853228963      -0.504213527929328     
   1.99795303326810      -0.587305948580785     
   2.05665753424658      -0.438564259877557     
   2.11536203522505      -0.116960126888024     
   2.17406653620352       0.250635538978060     
   2.23277103718200       0.521559138544224     
   2.29147553816047       0.593946282853844     
   2.35018003913894       0.444197862865472     
   2.40888454011742       0.131660804290731     
   2.46758904109589      -0.228393851166125     
   2.52629354207436      -0.509943291609141     
   2.58499804305284      -0.620727189269775     
   2.64370254403131      -0.530219302600163     
   2.70240704500978      -0.273635474514952     
   2.76111154598826       6.578706288671947E-002
   2.81981604696673       0.387020398175397     
   2.87852054794521       0.602403762608745     
   2.93722504892368       0.660162715673228     
   2.99592954990215       0.553372916391931     
   3.05463405088063       0.315533668108695     
   3.11333855185910       6.694945695810940E-003
   3.17204305283757      -0.304256581656000     
   3.23074755381605      -0.555904430739968     
   3.28945205479452      -0.705642797304849     
   3.34815655577299      -0.734642304027430     
   3.40686105675147      -0.646921281035244     
   3.46556555772994      -0.464215292445041     
   3.52427005870842      -0.218781713664627     
   3.58297455968689       5.390678444145829E-002
   3.64167906066536       0.321183863864776     
   3.70038356164384       0.557207335502819     
   3.75908806262231       0.744857994095821     
   3.81779256360078       0.875829554786599     
   3.87649706457926       0.949440604422160     
   3.93520156555773       0.970744580724392     
   3.99390606653620       0.948438445505584     
   4.05261056751468       0.892933934511987     
   4.11131506849315       0.814805511630042     
   4.17001956947162       0.723698412833922     
   4.22872407045010       0.627684121071540     
   4.28742857142857       0.532992248962481     
   4.34613307240704       0.444022105871523     
   4.40483757338552       0.363535480802861     
   4.46354207436399       0.292945149646691     
   4.52224657534247       0.232633443392492     
   4.58095107632094       0.182256183349901     
   4.63965557729941       0.141005899752557     
   4.69836007827789       0.107822838822942     
   4.75706457925636       8.155247708115435E-002
   4.81576908023483       6.105453975231802E-002
   4.87447358121331       4.527167783567920E-002
   4.93317808219178       3.326689699574796E-002
   4.99188258317025       2.423836611725642E-002
   5.05058708414873       1.751901315185599E-002
   5.10929158512720       1.256680565645147E-002
   5.16799608610568       8.950111860427840E-003
   5.22670058708415       6.331211801904761E-003
   5.28540508806262       4.449948955032513E-003
   5.34410958904110       3.108691504222894E-003
   5.40281409001957       2.159184837104032E-003
   5.46151859099804       1.491482760635660E-003
   5.52022309197652       1.024900428790489E-003
   5.57892759295499       7.007962420051999E-004
   5.63763209393346       4.769288003137280E-004
   5.69633659491194       3.231216050010759E-004
   5.75504109589041       2.179829187944971E-004
   5.81374559686888       1.464573255647974E-004
   5.87245009784736       9.802011913713206E-005
   5.93115459882583       6.536024476280642E-005
   5.98985909980431       4.342912367804042E-005
   6.04856360078278       2.875995063059739E-005
   6.10726810176125       1.898462136684781E-005
   6.16597260273973       1.249355712537563E-005
   6.22467710371820       8.197870405965815E-006
   6.28338160469667       5.364190011656957E-006
   6.34208610567515       3.500660266776292E-006
   6.40079060665362       2.278716790135289E-006
   6.45949510763209       1.479703353796169E-006
   6.51819960861057       9.586274164912450E-007
   6.57690410958904       6.196702249715727E-007
   6.63560861056752       3.997142188518109E-007
   6.69431311154599       2.573103944559241E-007
   6.75301761252446       1.653188991266988E-007
   6.81172211350294       1.060185826272236E-007
   6.87042661448141       6.786892401338853E-008
   6.92913111545988       4.337334940261699E-008
   6.98783561643836       2.767387610613129E-008
   7.04654011741683       1.762960601275046E-008
   7.10524461839530       1.121424308116663E-008
   7.16394911937378       7.123278305670459E-009
   7.22265362035225       4.518549430680323E-009
   7.28135812133072       2.862547746270582E-009
   7.34006262230920       1.811195295919577E-009
   7.39876712328767       1.144616095466930E-009
   7.45747162426615       7.225345126037447E-010
   7.51617612524462       4.555989363497165E-010
   7.57488062622309       2.869805125266805E-010
   7.63358512720157       1.805872423045425E-010
   7.69228962818004       1.135285743928829E-010
   7.75099412915851       7.130573454971447E-011
   7.80969863013699       4.474678240183505E-011
   7.86840313111546       2.805649626260117E-011
   7.92710763209393       1.757740713005149E-011
   7.98581213307241       1.100375112121380E-011
   8.04451663405088       6.883438726348588E-012
   8.10322113502936       4.302911864203086E-012
   8.16192563600783       2.687971982953227E-012
   8.22063013698630       1.678049368254422E-012
   8.27933463796478       1.046922001642684E-012
   8.33803913894325       6.527770787391074E-013
   8.39674363992172       4.067872523152402E-013
   8.45544814090020       2.533565105677959E-013
   8.51415264187867       1.577135768079385E-013
   8.57285714285714       9.812686608231832E-014
   8.63156164383562       6.102359120727630E-014
   8.69026614481409       3.793213981065983E-014
   8.74897064579256       2.356812648135019E-014
   8.80767514677104       1.463723174317497E-014
   8.86637964774951       9.086919950497157E-015
   8.92508414872799       5.639046665896850E-015
   8.98378864970646       3.498105994212404E-015
   9.04249315068493       2.169228437097826E-015
   9.10119765166341       1.344711550891232E-015
   9.15990215264188       8.333178874189257E-016
   9.21860665362035       5.162450907476369E-016
   9.27731115459883       3.197205242515596E-016
   9.33601565557730       1.979520023821481E-016
   9.39472015655577       1.225262957603251E-016
   9.45342465753425       7.581999168414790E-017
   9.51212915851272       4.690595430057355E-017
   9.57083365949119       2.901126229099631E-017
   9.62953816046967       1.793924159937570E-017
   9.68824266144814       1.109033206111387E-017
   9.74694716242662       6.854757187481183E-018
   9.80565166340509       4.235947068318934E-018
   9.86435616438356       2.617119799839747E-018
   9.92306066536204       1.616645741279197E-018
   9.98176516634051       9.984531828305262E-019
   10.0404696673190       6.165458707179461E-019
   10.0991741682975       3.806545717108245E-019
   10.1578786692759       2.349782525289445E-019
   10.2165831702544       1.450300916586322E-019
   10.2752876712329       8.950043673299941E-020
   10.3339921722114       5.522445056179897E-020
   10.3926966731898       3.407056955648427E-020
   10.4514011741683       2.101703968005816E-020
   10.5101056751468       1.296313887919030E-020
   10.5688101761252       7.994614092628217E-021
   10.6275146771037       4.929872265155997E-021
   10.6862191780822       3.039671842139179E-021
   10.7449236790607       1.874012839278050E-021
   10.8036281800391       1.155247735727809E-021
   10.8623326810176       7.120921347954427E-022
   10.9210371819961       4.388918059371552E-022
   10.9797416829746       2.704834066018130E-022
   11.0384461839530       1.666814366370469E-022
   11.0971506849315       1.027067084277613E-022
   11.1558551859100       6.328150634593704E-023
   11.2145596868885       3.898725152036479E-023
   11.2732641878669       2.401804088305867E-023
   11.3319686888454       1.479527246253036E-023
   11.3906731898239       9.113391106606725E-024
   11.4493776908024       5.613191759059308E-024
   11.5080821917808       3.457114028498322E-024
   11.5667866927593       2.129082865029320E-024
   11.6254911937378       1.311135253096424E-024
   11.6841956947162       8.073827863670459E-025
   11.7429001956947       4.971523414798152E-025
   11.8016046966732       3.061106332016433E-025
   11.8603091976517       1.884721300592076E-025
   11.9190136986301       1.160370009801257E-025
   11.9777181996086       7.143767125839813E-026
   12.0364227005871       4.397848731945954E-026
   12.0951272015656       2.707299034237693E-026
   12.1538317025440       1.666540293993390E-026
   12.2125362035225       1.025840250822607E-026
   12.2712407045010       6.314349670017657E-027
   12.3299452054795       3.886539796983653E-027
   12.3886497064579       2.392124641647570E-027
   12.4473542074364       1.472282863274127E-027
   12.5060587084149       9.061206422187085E-028
   12.5647632093933       5.576588916316190E-028
   12.6234677103718       3.431939174263504E-028
   12.6821722113503       2.112026481896771E-028
   12.7408767123288       1.299715881930532E-028
   12.7995812133072       7.998107280291357E-029
   12.8582857142857       4.921711835767454E-029
   12.9169902152642       3.028556673825748E-029
   12.9756947162427       1.863572031958073E-029
   13.0343992172211       1.146695197610919E-029
   13.0931037181996       7.055722519939025E-030
   13.1518082191781       4.341372251417199E-030
   13.2105127201566       2.671190876844479E-030
   13.2692172211350       1.643521914487956E-030
   13.3279217221135       1.011204651519967E-030
   13.3866262230920       6.221511260902860E-031
   13.4453307240705       3.827773895333944E-031
   13.5040352250489       2.354997660237082E-031
   13.5627397260274       1.448867792650415E-031
   13.6214442270059       8.913768628093403E-032
   13.6801487279843       5.483887172884853E-032
   13.7388532289628       3.373730951081454E-032
   13.7975577299413       2.075522169997114E-032
   13.8562622309198       1.276848915303660E-032
   13.9149667318982       7.855015556458822E-033
   13.9736712328767       4.832258735434843E-033
   14.0323757338552       2.972686325686468E-033
   14.0910802348337       1.828706215717361E-033
   14.1497847358121       1.124954389046933E-033
   14.2084892367906       6.920256092215307E-034
   14.2671937377691       4.257021570023712E-034
   14.3258982387476       2.618702213485787E-034
   14.3846027397260       1.610879674002729E-034
   14.4433072407045       9.909162385676538E-035
   14.5020117416830       6.095478121222952E-035
   14.5607162426614       3.749520396026743E-035
   14.6194207436399       2.306433278625576E-035
   14.6781252446184       1.418741973043218E-035
   14.7368297455969       8.726968237010177E-036
   14.7955342465753       5.368104167636672E-036
   14.8542387475538       3.301992910794159E-036
   14.9129432485323       2.031089670765595E-036
   14.9716477495108       1.249337887132751E-036
   15.0303522504892       7.684730901698021E-037
   15.0890567514677       4.726889437058053E-037
   15.1477612524462       2.907504073462821E-037
   15.2064657534247       1.788394829673860E-037
   15.2651702544031       1.100030534966352E-037
   15.3238747553816       6.766193423788965E-038
   15.3825792563601       4.161812200183339E-038
   15.4412837573386       2.559876523828332E-038
   15.4999882583170       1.574541412962990E-038
   15.5586927592955       9.684735193534415E-039
   15.6173972602740       5.956896629909152E-039
   15.6761017612524       3.663963037520652E-039
   15.7348062622309       2.253620911571495E-039
   15.7935107632094       1.386147529681645E-039
   15.8522152641879       8.525834683594203E-040
   15.9109197651663       5.244007054347553E-040
   15.9696242661448       3.225437122435637E-040
   16.0283287671233       1.983868534073497E-040
   16.0870332681018       1.220214653627309E-040
   16.1457377690802       7.505137630218109E-041
   16.2044422700587       4.616153068507647E-041
   16.2631467710372       2.839232085528628E-041
   16.3218512720157       1.746307723091273E-041
   16.3805557729941       1.074088029019288E-041
   16.4392602739726       6.606299081805163E-042
   16.4979647749511       4.063271766868826E-042
   16.5566692759296       2.499152878850817E-042
   16.6153737769080       1.537124763394524E-042
   16.6740782778865       9.454199973784348E-043
   16.7327827788650       5.814867789867528E-043
   16.7914872798434       3.576467855530528E-043
   16.8501917808219       2.199724297470662E-043
   16.9088962818004       1.352949683446462E-043
   16.9676007827789       8.321364167921425E-044
   17.0263052837573       5.118078259360581E-044
   17.0850097847358       3.147884920373578E-044
   17.1437142857143       1.936111312036185E-044
   17.2024187866928       1.190806966425562E-044
   17.2611232876712       7.324061759867460E-045
   17.3198277886497       4.504662238091590E-045
   17.3785322896282       2.770588889847367E-045
   17.4372367906067       1.704047042419994E-045
   17.4959412915851       1.048071043945548E-045
   17.5546457925636       6.446136989922301E-046
   17.6133502935421       3.964678888776347E-046
   17.6720547945205       2.438463159005849E-046
   17.7307592954990       1.499768004179379E-046
   17.7894637964775       9.224263222373838E-047
   17.8481682974560       5.673342724857598E-047
   17.9068727984344       3.489362528348341E-047
   17.9655772994129       2.146114639998364E-047
   18.0242818003914       1.319956147119244E-047
   18.0829863013699       8.118314281536338E-048
   18.1416908023483       4.993119935063307E-048
   18.2003953033268       3.070986631121506E-048
   18.2590998043053       1.888789902489094E-048
   18.3178043052838       1.161687150880982E-048
   18.3765088062622       7.144873337587011E-049
   18.4352133072407       4.394401205043378E-049
   18.4939178082192       2.702742718690867E-049
   18.5526223091977       1.662300532095131E-049
   18.6113268101761       1.022384426592979E-049
   18.6700313111546       6.288090119654465E-050
   18.7287358121331       3.867436088583888E-050
   18.7874403131115       2.378632760263816E-050
   18.8461448140900       1.462956842558832E-050
   18.9048493150685       8.997782825117840E-051
   18.9635538160470       5.534002836300597E-051
   19.0222583170254       3.403636183458534E-051
   19.0809628180039       2.093373754835891E-051
   19.1396673189824       1.287509111812176E-051
   19.1983718199609       7.918697357739845E-052
   19.2570763209393       4.870315331681735E-052
   19.3157808219178       2.995437913413970E-052
   19.3744853228963       1.842313242218096E-052
   19.4331898238748       1.133095562225212E-052
   19.4918943248532       6.968984853607713E-053
   19.5505988258317       4.286199913065143E-053
   19.6093033268102       2.636181145198753E-053
   19.6680078277886       1.621354580448069E-053
   19.7267123287671       9.971963636093213E-054
   19.7854168297456       6.133145987524352E-054
   19.8441213307241       3.772123074779278E-054
   19.9028258317025       2.320001920682268E-054
   19.9615303326810       1.426890923926608E-054
   20.0202348336595       8.775929989404034E-055
   20.0789393346380       5.397535036070453E-055
   20.1376438356164       3.319691589099170E-055
   20.1963483365949       2.041737738870523E-055
   20.2550528375734       1.255746934047833E-055
   20.3137573385519       7.723323940132296E-056
   20.3724618395303       4.750139142457620E-056
   20.4311663405088       2.921516675654303E-056
   20.4898708414873       1.796843973612947E-056
   20.5485753424658       1.105127348555754E-056
   20.6072798434442       6.796952712834092E-057
   20.6659843444227       4.180383595988788E-057
   20.7246888454012       2.571094191003691E-057
   20.7833933463796       1.581320156227189E-057
   20.8420978473581       9.725716252201479E-058
   20.9008023483366       5.981682437850554E-058
   20.9595068493151       3.678960138808004E-058
   21.0182113502935       2.262698995254674E-058
   21.0769158512720       1.391644986024872E-058
   21.1356203522505       8.559139585036097E-059
   21.1943248532290       5.264192165896464E-059
   21.2530293542074       3.237675632664707E-059
   21.3117338551859       1.991291851108734E-059
   21.3704383561644       1.224719054797186E-059
   21.4291428571429       7.532480441673571E-060
   21.4878473581213       4.632757105271707E-060
   21.5465518590998       2.849318711075349E-060
   21.6052563600783       1.752437391906636E-060
   21.6639608610568       1.077814383456619E-060
   21.7226653620352       6.628960361475987E-061
   21.7813698630137       4.077057658078685E-061
   21.8400743639922       2.507542307666246E-061
   21.8987788649706       1.542231859323110E-061
   21.9574833659491       9.485299704458951E-062
   22.0161878669276       5.833812027027899E-062
   22.0748923679061       3.588011218998224E-062
   22.1335968688845       2.206760190629077E-062
   22.1923013698630       1.357239459049968E-062
   22.2510058708415       8.347526427177109E-063
   22.3097103718200       5.134038451276047E-063
   22.3684148727984       3.157624047668089E-063
   22.4271193737769       1.942055847667161E-063
   22.4858238747554       1.194436315132283E-063
   22.5445283757339       7.346225817257858E-064
   22.6032328767123       4.518200926911580E-064
   22.6619373776908       2.778860836320839E-064
   22.7206418786693       1.709102257376062E-064
   22.7793463796478       1.051161121747722E-064
   22.8380508806262       6.465029697010835E-065
   22.8967553816047       3.976232323576429E-065
   22.9554598825832       2.445529871129948E-065
   23.0141643835616       1.504091253606529E-065
   23.0728688845401       9.250716963656367E-066
   23.1315733855186       5.689532662858544E-066
   23.1902778864971       3.499272717772175E-066
   23.2489823874755       2.152181931742705E-066
   23.3076868884540       1.323671340940591E-066
   23.3663913894325       8.141067316086469E-067
   23.4250958904110       5.007056831252988E-067
   23.4838003913894       3.079524694711443E-067
   23.5425048923679       1.894021291742591E-067
   23.6012093933464       1.164892953840034E-067
   23.6599138943249       7.164521259285218E-068
   23.7186183953033       4.406444749998477E-068
   23.7773228962818       2.710125975301267E-068
   23.8360273972603       1.666827376101301E-068
   23.8947318982387       1.025160271059843E-068
   23.9534363992172       6.305113464962552E-069
   24.0121409001957       3.877877112040642E-069
   24.0708454011742       2.385037299241265E-069
   24.1295499021526       1.466885802698071E-069
   24.1882544031311       9.021888021947613E-070
   24.2469589041096       5.548793425122924E-070
   24.3056634050881       3.412712307685844E-070
   24.3643679060665       2.098943740762451E-070
   24.4230724070450       1.290927686116216E-070
   24.4817769080235       7.939680562475639E-071
   24.5404814090020       4.883195843938138E-071
   24.5991859099804       3.003345203563125E-071
   24.6578904109589       1.847167850377578E-071
   24.7165949119374       1.136076215375931E-071
   24.7752994129159       6.987286842340495E-072
   24.8340039138943       4.297438548341627E-072
   24.8927084148728       2.643082847649554E-072
   24.9514129158513       1.625593207391725E-072
   25.0101174168297       9.997996350276427E-073
   25.0688219178082       6.149135603020334E-073
   25.1275264187867       3.781944623184687E-073
   25.1862309197652       2.326035074028822E-073
   25.2449354207436       1.430597136731277E-073
   25.3036399217221       8.798698628946351E-074
   25.3623444227006       5.411523297478353E-074
   25.4210489236791       3.328285869977923E-074
   25.4797534246575       2.047018222962751E-074
   25.5384579256360       1.258991492483287E-074
   25.5971624266145       7.743260693209273E-075
   25.6558669275930       4.762390086486768E-075
   25.7145714285714       2.929045034827385E-075
   25.7732759295499       1.801470405081786E-075
   25.8319804305284       1.107970541711951E-075
   25.8906849315069       6.814426234812309E-076
   25.9493894324853       4.191122694755692E-076
   26.0080939334638       2.577694556587896E-076
   26.0667984344423       1.585376926384514E-076
   26.1255029354207       9.750650977034370E-077
   26.1842074363992       5.997008834116332E-077
   26.2429119373777       3.688380907901288E-077
   26.3016164383562       2.268489855325645E-077
   26.3603209393346       1.395204656249307E-077
   26.4190254403131       8.581021536043664E-078
   26.4777299412916       5.277643690501574E-078
   26.5364344422701       3.245944876558438E-078
   26.5951389432485       1.996375418168437E-078
   26.6538434442270       1.227844266446702E-078
   26.7125479452055       7.551693570941092E-079
   26.7712524461840       4.644569127386007E-079
   26.8299569471624       2.856580733251395E-079
   26.8886614481409       1.756902148337382E-079
   26.9473659491194       1.080559397518275E-079
   27.0060704500978       6.645837456990163E-080
   27.0647749510763       4.087434302088466E-080
   27.1234794520548       2.513922326405242E-080
   27.1821839530333       1.546154626930349E-080
   27.2408884540117       9.509419219303413E-081
   27.2995929549902       5.848642318881234E-081
   27.3582974559687       3.597129978465928E-081
   27.4170019569472       2.212367138949759E-081
   27.4757064579256       1.360687098833728E-081
   27.5344109589041       8.368725729361826E-082
   27.5931154598826       5.147073883051432E-082
   27.6518199608611       3.165639596771538E-082
   27.7105244618395       1.946984690563076E-082
   27.7692289628180       1.197467136589271E-082
   27.8279334637965       7.364862956983390E-083
   27.8866379647750       4.529661373846693E-083
   27.9453424657534       2.785908206663814E-083
   28.0040469667319       1.713435926478047E-083
   28.0627514677104       1.053826061444600E-083
   28.1214559686888       6.481417543509359E-084
   28.1801604696673       3.986309970388045E-084
   28.2388649706458       2.451727121075076E-084
   28.2975694716243       1.507902275247758E-084
   28.3562739726027       9.274153111975786E-085
   28.4149784735812       5.703944965771927E-085
   28.4736829745597       3.508135758605255E-085
   28.5323874755382       2.157632405494417E-085
   28.5910919765166       1.327023215835036E-085
   28.6497964774951       8.161680416092650E-086
   28.7085009784736       5.019733370363648E-086
   28.7672054794521       3.087320480450142E-086
   28.8259099804305       1.898815543288973E-086
   28.8846144814090       1.167841333438274E-086
   28.9433189823875       7.182653336806142E-087
   29.0020234833659       4.417595735747931E-087
   29.0607279843444       2.716983705826820E-087
   29.1194324853229       1.671044816667231E-087
   29.1781369863014       1.027753965849328E-087
   29.2368414872798       6.321064543588116E-088
   29.2955459882583       3.887686964518683E-088
   29.3542504892368       2.391070337517986E-088
   29.4129549902153       1.470596118019446E-088
   29.4716594911937       9.044706498538466E-089
   29.5303639921722       5.562826844908240E-089
   29.5890684931507       3.421342915584823E-089
   29.6477729941292       2.104251609996942E-089
   29.7064774951076       1.294192060510488E-089
   29.7651819960861       7.959756719848234E-090
   29.8238864970646       4.895542861471708E-090
   29.8825909980431       3.010938744668883E-090
   29.9412954990215       1.851837963581445E-090
   30.0000000000000       1.138948392455464E-090
