  2.000000000000000E-003  6.880194828049095E-007 -1.154272064293679E-006
  6.070450097847359E-002  2.590256002892605E-008 -1.375539794407605E-008
  0.119409001956947       2.018816661579610E-008 -3.702127311986686E-008
  0.178113502935421       3.143215952008155E-009  1.934990314972056E-008
  0.236818003913894       1.457723535062103E-008  6.423985561702129E-010
  0.295522504892368      -3.276608350952616E-009  2.783047124104210E-008
  0.354227005870842       1.379587539653545E-008  5.996536295061454E-010
  0.412931506849315       1.837767933285463E-008 -2.202682224135180E-009
  0.471636007827789      -1.256282317206047E-008 -7.725766152158473E-008
  0.530340508806262      -1.213752750797727E-007 -3.417457419837358E-007
  0.589045009784736      -4.912732299252546E-007 -1.303392972859775E-006
  0.647749510763209      -1.616440204503984E-006 -4.245269278708783E-006
  0.706454011741683      -4.652134632058562E-006 -1.214220514323258E-005
  0.765158512720157      -1.205899343898602E-005 -3.113781349278158E-005
  0.823863013698630      -2.818827704084779E-005 -7.167756181527323E-005
  0.882567514677104      -5.945979396856016E-005 -1.478046297560101E-004
  0.941272015655577      -1.134989713339023E-004 -2.719702896527361E-004
  0.999976516634051      -1.971167849724259E-004 -4.434161388295600E-004
   1.05868101761252      -3.146765575400209E-004 -6.311893845808158E-004
   1.11738551859100      -4.713513659733363E-004 -7.598129419235415E-004
   1.17609001956947      -6.875875700709180E-004 -7.101672702716181E-004
   1.23479452054795      -1.030442160376291E-003 -3.452516845916985E-004
   1.29349902152642      -1.658946681493067E-003  4.446301134312701E-004
   1.35220352250489      -2.872560101077636E-003  1.703863382228021E-003
   1.41090802348337      -5.143239813521565E-003  3.416411559031617E-003
   1.46961252446184      -9.117170152001676E-003  5.572428911124411E-003
   1.52831702544031      -1.558590020272553E-002  8.269898612948981E-003
   1.58702152641879      -2.544209606783357E-002  1.178210314668474E-002
   1.64572602739726      -3.963998260375939E-002  1.651745736179751E-002
   1.70443052837573      -5.916441261862552E-002  2.285222844386575E-002
   1.76313502935421      -8.498836608798038E-002  3.090208350043409E-002
   1.82183953033268      -0.117986814125205       4.035497658523022E-002
   1.88054403131115      -0.158790793501525       5.046948683368641E-002
   1.93924853228963      -0.207603938759754       6.024959585528361E-002
   1.99795303326810      -0.264041873018080       6.870085993760690E-002
   2.05665753424658      -0.327062142005912       7.502816924991271E-002
   2.11536203522505      -0.395022687645110       7.868126265804132E-002
   2.17406653620352      -0.465851710226247       7.926262532062385E-002
   2.23277103718200      -0.537268809640539       7.640130096920643E-002
   2.29147553816047      -0.606987259169661       6.971230482481824E-002
   2.35018003913894      -0.672856092902434       5.889066511062363E-002
   2.40888454011742      -0.732942923622371       4.389151118305322E-002
   2.46758904109589      -0.785588388978923       2.508438043357883E-002
   2.52629354207436      -0.829463970980362       3.278926249278582E-003
   2.58499804305284      -0.863643206807770      -2.040602770436781E-002
   2.64370254403131      -0.887667131814991      -4.477391109146201E-002
   2.70240704500978      -0.901571372787232      -6.877716611376737E-002
   2.76111154598826      -0.905849679425711      -9.164806350996564E-002
   2.81981604696673      -0.901355208063440      -0.112899771806201     
   2.87852054794521      -0.889163923443575      -0.132229796310095     
   2.93722504892368      -0.870437775675461      -0.149397631709035     
   2.99592954990215      -0.846321062126147      -0.164144700844482     
   3.05463405088063      -0.817884926285667      -0.176192009127842     
   3.11333855185910      -0.786115011791290      -0.185302674521311     
   3.17204305283757      -0.751922769225108      -0.191368116280367     
   3.23074755381605      -0.716158176200713      -0.194469618686097     
   3.28945205479452      -0.679609035141721      -0.194885036103960     
   3.34815655577299      -0.642983544978281      -0.193037349070603     
   3.40686105675147      -0.606883072190788      -0.189406032466281     
   3.46556555772994      -0.571778352164755      -0.184435315975219     
   3.52427005870842      -0.537998824912091      -0.178468971007101     
   3.58297455968689      -0.505741078676501      -0.171727385183107     
   3.64167906066536      -0.475093389930733      -0.164326667159940     
   3.70038356164384      -0.446070805119711      -0.156324659652389     
   3.75908806262231      -0.418650368973203      -0.147773251251344     
   3.81779256360078      -0.392798772965919      -0.138759392825220     
   3.87649706457926      -0.368488030496529      -0.129422421555025     
   3.93520156555773      -0.345699025353643      -0.119948155061539     
   3.99390606653620      -0.324415166298221      -0.110544155679556     
   4.05261056751468      -0.304611784810623      -0.101406932190486     
   4.11131506849315      -0.286245970802401      -9.269177799239504E-002
   4.17001956947162      -0.269250679733634      -8.449304046965658E-002
   4.22872407045010      -0.253534379911080      -7.683880226385147E-002
   4.28742857142857      -0.238986386900466      -6.969947931130893E-002
   4.34613307240704      -0.225485790589069      -6.300579201761378E-002
   4.40483757338552      -0.212912383232047      -5.667164562050199E-002
   4.46354207436399      -0.201156238718465      -5.061569356597229E-002
   4.52224657534247      -0.190124680168305      -4.477783100052861E-002
   4.58095107632094      -0.179745814946484      -3.912835484683087E-002
   4.63965557729941      -0.169968294731022      -3.366934421158516E-002
   4.69836007827789      -0.160758170874775      -2.842940632827118E-002
   4.75706457925636      -0.152093803351812      -2.345405169598512E-002
   4.81576908023483      -0.143959913900150      -1.879418009702340E-002
   4.87447358121331      -0.136342375188475      -1.449535810759596E-002
   4.93317808219178      -0.129223819131275      -1.058917665868403E-002
   4.99188258317025      -0.122580936221843      -7.088245881614406E-003
   5.05058708414873      -0.116383841007344      -3.984358214147849E-003
   5.10929158512720      -0.110596221985774      -1.250071333568958E-003
   5.16799608610568      -0.105177513074220       1.157178081423728E-003
   5.22670058708415      -0.100085218511404       3.289583050212362E-003
   5.28540508806262      -9.527739171343438E-002  5.202964724922580E-003
   5.34410958904110      -9.071525920596210E-002  6.951110274255692E-003
   5.40281409001957      -8.636506361487493E-002  8.581186473476927E-003
   5.46151859099804      -8.219923103148447E-002  1.013062063093696E-002
   5.52022309197652      -7.819699971010047E-002  1.162516746895012E-002
   5.57892759295499      -7.434419414840754E-002  1.307892223407504E-002
   5.63763209393346      -7.063267407209332E-002  1.449481842125207E-002
   5.69633659491194      -6.705910624243080E-002  1.586673412105476E-002
   5.75504109589041      -6.362373443995173E-002  1.718186084185873E-002
   5.81374559686888      -6.032903264099740E-002  1.842324725684530E-002
   5.87245009784736      -5.717851263141828E-002  1.957239584115789E-002
   5.93115459882583      -5.417557118267241E-002  2.061147873248693E-002
   5.98985909980431      -5.132262893674908E-002  2.152517102602567E-002
   6.04856360078278      -4.862049371088648E-002  2.230215929522494E-002
   6.10726810176125      -4.606816771544157E-002  2.293567580204692E-002
   6.16597260273973      -4.366263778846582E-002  2.342400674018199E-002
   6.22467710371820      -4.139887944452687E-002  2.377033413235920E-002
   6.28338160469667      -3.927010729645419E-002  2.398229233756253E-002
   6.34208610567515      -3.726812071815798E-002  2.407115606801817E-002
   6.40079060665362      -3.538373035975294E-002  2.405115714167846E-002
   6.45949510763209      -3.360703448125002E-002  2.393848266889363E-002
   6.51819960861057      -3.192791513542130E-002  2.375038588292408E-002
   6.57690410958904      -3.033644854658820E-002  2.350416982647510E-002
   6.63560861056752      -2.882302476821214E-002  2.321658738594118E-002
   6.69431311154599      -2.737875680293401E-002  2.290313437031949E-002
   6.75301761252446      -2.599552598225138E-002  2.257764009697346E-002
   6.81172211350294      -2.466623177415001E-002  2.225202320415303E-002
   6.87042661448141      -2.338474237648444E-002  2.193597299982396E-002
   6.92913111545988      -2.214593448189429E-002  2.163691107347608E-002
   6.98783561643836      -2.094561369367946E-002  2.136011710796233E-002
   7.04654011741683      -1.978051843859065E-002  2.110881364946107E-002
   7.10524461839530      -1.864821661447610E-002  2.088445967167406E-002
   7.16394911937378      -1.754709172304486E-002  2.068673990613890E-002
   7.22265362035225      -1.647620537487129E-002  2.051401744200299E-002
   7.28135812133072      -1.543523533025352E-002  2.036360020206574E-002
   7.34006262230920      -1.442426263438143E-002  2.023194722047562E-002
   7.39876712328767      -1.344382256530266E-002  2.011489852068910E-002
   7.45747162426615      -1.249472050275085E-002  2.000799644382925E-002
   7.51617612524462      -1.157787975172425E-002  1.990665969146798E-002
   7.57488062622309      -1.069443001920683E-002  1.980634912891346E-002
   7.63358512720157      -9.845396592039169E-003  1.970275406409272E-002
   7.69228962818004      -9.031822031663557E-003  1.959182359600061E-002
   7.75099412915851      -8.254696918115005E-003  1.946999084022343E-002
   7.80969863013699      -7.514749104892170E-003  1.933413274387233E-002
   7.86840313111546      -6.812603859028451E-003  1.918166109890441E-002
   7.92710763209393      -6.148600876445469E-003  1.901045879734005E-002
   7.98581213307241      -5.522794252056943E-003  1.881892143341325E-002
   8.04451663405088      -4.935061104232836E-003  1.860595245413374E-002
   8.10322113502936      -4.385111206891325E-003  1.837093514554066E-002
   8.16192563600783      -3.872339918474996E-003  1.811369515895667E-002
   8.22063013698630      -3.395894397564054E-003  1.783447656999002E-002
   8.27933463796478      -2.954687224128946E-003  1.753396766000568E-002
   8.33803913894325      -2.547479568873437E-003  1.721315259457538E-002
   8.39674363992172      -2.172875412292522E-003  1.687328753168876E-002
   8.45544814090020      -1.829349849256925E-003  1.651585349093006E-002
   8.51415264187867      -1.515313408860431E-003  1.614261311364381E-002
   8.57285714285714      -1.229085748236615E-003  1.575528217833646E-002
   8.63156164383562      -9.690056797867084E-004  1.535572054069831E-002
   8.69026614481409      -7.334457529460364E-004  1.494575333553868E-002
   8.74897064579256      -5.207395177803038E-004  1.452728650834672E-002
   8.80767514677104      -3.293902486858217E-004  1.410214286378706E-002
   8.86637964774951      -1.579421339089890E-004  1.367202843369732E-002
   8.92508414872799      -4.923591591092019E-006  1.323865317105209E-002
   8.98378864970646       1.309727775228446E-004  1.280367023617041E-002
   9.04249315068493       2.510191019872783E-004  1.236860177642252E-002
   9.10119765166341       3.562469723139034E-004  1.193486340536430E-002
   9.15990215264188       4.477816495889561E-004  1.150374400338993E-002
   9.21860665362035       5.267027339232155E-004  1.107647196073180E-002
   9.27731115459883       5.939766112561317E-004  1.065411094145964E-002
   9.33601565557730       6.505626996254882E-004  1.023758794174527E-002
   9.39472015655577       6.973935240016431E-004  9.827727465877685E-003
   9.45342465753425       7.352704766010471E-004  9.425331908993435E-003
   9.51212915851272       7.650262987748800E-004  9.031086381998010E-003
   9.57083365949119       7.874707229521851E-004  8.645589085581887E-003
   9.62953816046967       8.033235295070677E-004  8.269367548596158E-003
   9.68824266144814       8.133919932064729E-004  7.902967182441101E-003
   9.74694716242662       8.183274664067089E-004  7.546860768457314E-003
   9.80565166340509       8.188032697085632E-004  7.201502906383541E-003
   9.86435616438356       8.154397260063533E-004  6.867181344018295E-003
   9.92306066536204       8.088094606666121E-004  6.544179581922645E-003
   9.98176516634051       7.994485355155744E-004  6.232745019736017E-003
   10.0404696673190       7.878643945832926E-004  5.933007138039353E-003
   10.0991741682975       7.745441814616906E-004  5.644989079615573E-003
   10.1578786692759       7.597975626342467E-004  5.368711885770152E-003
   10.2165831702544       7.440002979253420E-004  5.104080918428824E-003
   10.2752876712329       7.274113968664150E-004  4.850891068540888E-003
   10.3339921722114       7.101868255686432E-004  4.608897508168396E-003
   10.3926966731898       6.925508335889232E-004  4.377785506405445E-003
   10.4514011741683       6.745912193992339E-004  4.157217559443870E-003
   10.5101056751468       6.564508884567288E-004  3.946835060900242E-003
   10.5688101761252       6.381868536333574E-004  3.746228653193692E-003
   10.6275146771037       6.198248572634891E-004  3.554947276304789E-003
   10.6862191780822       6.015327427048461E-004  3.372558510963609E-003
   10.7449236790607       5.833351897537904E-004  3.198659074114097E-003
   10.8036281800391       5.653650877632933E-004  3.032833234412501E-003
   10.8623326810176       5.477268815831808E-004  2.874598945938681E-003
   10.9210371819961       5.304600552673015E-004  2.723582552724814E-003
   10.9797416829746       5.135762491550845E-004  2.579479963844958E-003
   11.0384461839530       4.970579333764187E-004  2.442044022862292E-003
   11.0971506849315       4.809316274097525E-004  2.311014159688165E-003
   11.1558551859100       4.652184312238870E-004  2.186215218591709E-003
   11.2145596868885       4.498863744789412E-004  2.067518414606763E-003
   11.2732641878669       4.349104764761800E-004  1.954762078036104E-003
   11.3319686888454       4.202229844007627E-004  1.847914935181260E-003
   11.3906731898239       4.058425275374492E-004  1.746812104049547E-003
   11.4493776908024       3.918067568141629E-004  1.651315224594133E-003
   11.5080821917808       3.780615401588834E-004  1.561356960963260E-003
   11.5667866927593       3.645516241414899E-004  1.476796334730562E-003
   11.6254911937378       3.512299010813968E-004  1.397461200015847E-003
   11.6841956947162       3.381904590066099E-004  1.323119773433676E-003
   11.7429001956947       3.254241639072425E-004  1.253484568026998E-003
   11.8016046966732       3.129278293641869E-004  1.188323651011999E-003
   11.8603091976517       3.007194705203859E-004  1.127277377478047E-003
   11.9190136986301       2.888112775207091E-004  1.070085117054730E-003
   11.9777181996086       2.772532640759567E-004  1.016464669245894E-003
   12.0364227005871       2.661119643476222E-004  9.661216066235069E-004
   12.0951272015656       2.554806718370761E-004  9.187653601680770E-004
   12.1538317025440       2.454953654274797E-004  8.741406051122816E-004
   12.2125362035225       2.362414673666327E-004  8.320084757968097E-004
   12.2712407045010       2.277753355493512E-004  7.921827736880864E-004
   12.3299452054795       2.201285884735217E-004  7.544750479680241E-004
   12.3886497064579       2.133430908814938E-004  7.186962599791946E-004
   12.4473542074364       2.074790152298656E-004  6.847790699460424E-004
   12.5060587084149       2.023789112739907E-004  6.525176667182084E-004
   12.5647632093933       1.979072327777515E-004  6.218217993448909E-004
   12.6234677103718       1.939513398078374E-004  5.925603898912281E-004
   12.6821722113503       1.904313790493126E-004  5.647127532006602E-004
   12.7408767123288       1.871536716896808E-004  5.383010233555441E-004
   12.7995812133072       1.839593402434957E-004  5.133092460695282E-004
   12.8582857142857       1.806814236612559E-004  4.897253199742607E-004
   12.9169902152642       1.771574971870498E-004  4.675594823554227E-004
   12.9756947162427       1.732689790876252E-004  4.467273032671834E-004
   13.0343992172211       1.689669347357978E-004  4.271900251150451E-004
   13.0931037181996       1.642145237759112E-004  4.088501689021204E-004
   13.1518082191781       1.590320298403539E-004  3.916349013623463E-004
   13.2105127201566       1.534082334482920E-004  3.755079896554696E-004
   13.2692172211350       1.474005987125104E-004  3.603930441756479E-004
   13.3279217221135       1.410824115623063E-004  3.461757363468521E-004
   13.3866262230920       1.345654447688690E-004  3.328732404358493E-004
   13.4453307240705       1.279508783595548E-004  3.204187123745868E-004
   13.5040352250489       1.213635394932709E-004  3.088419812105545E-004
   13.5627397260274       1.149482591109788E-004  2.981433476635429E-004
   13.6214442270059       1.088500876606065E-004  2.883250766633706E-004
   13.6801487279843       1.031150466502542E-004  2.794074489699924E-004
   13.7388532289628       9.786450854809971E-005  2.714377531143820E-004
   13.7975577299413       9.318400607889613E-005  2.644193497333469E-004
   13.8562622309198       8.914517372116229E-005  2.582426991264259E-004
   13.9149667318982       8.574913933634289E-005  2.528295775517513E-004
   13.9736712328767       8.295234118053902E-005  2.481060039197413E-004
   14.0323757338552       8.065621165443417E-005  2.439880991882536E-004
   14.0910802348337       7.875966319317126E-005  2.404073278312999E-004
   14.1497847358121       7.719068879551903E-005  2.371847215711276E-004
   14.2084892367906       7.577835816154679E-005  2.342218817187445E-004
   14.2671937377691       7.440039083787291E-005  2.313250796879085E-004
   14.3258982387476       7.296045484360108E-005  2.284092606771315E-004
   14.3846027397260       7.134003278287524E-005  2.253988542944841E-004
   14.4433072407045       6.952299498136605E-005  2.222122622637699E-004
   14.5020117416830       6.739959094953227E-005  2.187698630211663E-004
   14.5607162426614       6.504174002607060E-005  2.149865974509691E-004
   14.6194207436399       6.251513644398038E-005  2.108320698557110E-004
   14.6781252446184       5.980963137046423E-005  2.063310282541075E-004
   14.7368297455969       5.689962687482478E-005  2.015067716247524E-004
   14.7955342465753       5.378712556893628E-005  1.964375617070998E-004
   14.8542387475538       5.053068568173681E-005  1.912145981868253E-004
   14.9129432485323       4.715263400878931E-005  1.859256501490337E-004
   14.9716477495108       4.353934395649961E-005  1.806982996589280E-004
   15.0303522504892       3.966233068981336E-005  1.756795929872058E-004
   15.0890567514677       3.552747967577939E-005  1.710814065449788E-004
   15.1477612524462       3.114791996347961E-005  1.670394122962947E-004
   15.2064657534247       2.652221040622605E-005  1.635855158646253E-004
   15.2651702544031       2.163981000363906E-005  1.607768305238640E-004
   15.3238747553816       1.657585474542806E-005  1.586596483430567E-004
   15.3825792563601       1.132104728771138E-005  1.572525832917142E-004
   15.4412837573386       5.901691225686932E-006  1.564439616146755E-004
   15.4999882583170       3.750674549054090E-007  1.560600928384407E-004
   15.5586927592955      -5.159572008533849E-006  1.560490613249244E-004
   15.6173972602740      -1.060952012208943E-005  1.562978568289710E-004
   15.6761017612524      -1.590541030495282E-005  1.566390681564705E-004
   15.7348062622309      -2.104108500020758E-005  1.568918548264713E-004
   15.7935107632094      -2.589656329111213E-005  1.569940001217012E-004
   15.8522152641879      -3.042877162269414E-005  1.568529961665297E-004
   15.9109197651663      -3.449204579137932E-005  1.564696693634001E-004
   15.9696242661448      -3.806052281370818E-005  1.558076981946144E-004
   16.0283287671233      -4.110295818381598E-005  1.548283175339662E-004
   16.0870332681018      -4.360369863579583E-005  1.535262274813585E-004
   16.1457377690802      -4.557331398904602E-005  1.519393447786978E-004
   16.2044422700587      -4.709910152171309E-005  1.500781935379965E-004
   16.2631467710372      -4.817761795618265E-005  1.478678630731817E-004
   16.3218512720157      -4.897081572976692E-005  1.453279661526874E-004
   16.3805557729941      -4.959209437145373E-005  1.424550916012934E-004
   16.4392602739726      -5.020829714579901E-005  1.392269400773308E-004
   16.4979647749511      -5.098361631610740E-005  1.357035775871106E-004
   16.5566692759296      -5.207024390148101E-005  1.318610526207836E-004
   16.6153737769080      -5.360656621956986E-005  1.277193606133859E-004
   16.6740782778865      -5.568616278639647E-005  1.232834394994278E-004
   16.7327827788650      -5.830903497887753E-005  1.185357430054578E-004
   16.7914872798434      -6.156774157418031E-005  1.135111160821154E-004
   16.8501917808219      -6.536679802924411E-005  1.082553350859919E-004
   16.9088962818004      -6.960346590985150E-005  1.028485102870111E-004
   16.9676007827789      -7.417618664433245E-005  9.729304515233466E-005
   17.0263052837573      -7.896797652004606E-005  9.160593301863140E-005
   17.0850097847358      -8.384922772976655E-005  8.586640381072606E-005
   17.1437142857143      -8.870620779798264E-005  8.016216194601847E-005
   17.2024187866928      -9.341777742492662E-005  7.457853099033380E-005
   17.2611232876712      -9.790621714451761E-005  6.921290806760540E-005
   17.3198277886497      -1.021096244511493E-004  6.413865315699308E-005
   17.3785322896282      -1.060196428790608E-004  5.945540702988012E-005
   17.4372367906067      -1.096288171485785E-004  5.522738767742355E-005
   17.4959412915851      -1.129411764480241E-004  5.148483887348679E-005
   17.5546457925636      -1.159547627270913E-004  4.820251794992106E-005
   17.6133502935421      -1.186003882168352E-004  4.535704843004334E-005
   17.6720547945205      -1.208696528525282E-004  4.296911344601537E-005
   17.7307592954990      -1.226345500324637E-004  4.089983002038339E-005
   17.7894637964775      -1.240187339324071E-004  3.910830718945971E-005
   17.8481682974560      -1.249364170134406E-004  3.743794490502051E-005
   17.9068727984344      -1.254072120380458E-004  3.558704219201872E-005
   17.9655772994129      -1.254659835737999E-004  3.347626947863304E-005
   18.0242818003914      -1.249371483064464E-004  3.096974722648051E-005
   18.0829863013699      -1.238659499239383E-004  2.787436125653794E-005
   18.1416908023483      -1.223527138120787E-004  2.418960788411304E-005
   18.2003953033268      -1.204075911131971E-004  1.996684444830612E-005
   18.2590998043053      -1.179817516595833E-004  1.515827734883420E-005
   18.3178043052838      -1.151606557421738E-004  9.805126127452915E-006
   18.3765088062622      -1.118856177157662E-004  4.010885892636095E-006
   18.4352133072407      -1.082753498440826E-004 -2.141830999830044E-006
   18.4939178082192      -1.043795469582566E-004 -8.505129750814025E-006
   18.5526223091977      -1.003401569602593E-004 -1.497964169063031E-005
   18.6113268101761      -9.623997764605871E-005 -2.146097613258429E-005
   18.6700313111546      -9.215779638612499E-005 -2.792301145530307E-005
   18.7287358121331      -8.816453784704799E-005 -3.431039290501163E-005
   18.7874403131115      -8.433226804195918E-005 -4.059485403245787E-005
   18.8461448140900      -8.075033479483167E-005 -4.686866792356348E-005
   18.9048493150685      -7.755572215982353E-005 -5.305171084862232E-005
   18.9635538160470      -7.481408008372972E-005 -5.905072450778607E-005
   19.0222583170254      -7.251603953532488E-005 -6.487596513145691E-005
   19.0809628180039      -7.064382124706777E-005 -7.043253489521163E-005
   19.1396673189824      -6.911694960191806E-005 -7.567067753136150E-005
   19.1983718199609      -6.782255682015945E-005 -8.057019729639916E-005
   19.2570763209393      -6.662522074209098E-005 -8.511464512239882E-005
   19.3157808219178      -6.540575106053545E-005 -8.920368661166385E-005
   19.3744853228963      -6.403369473161493E-005 -9.275349271716982E-005
   19.4331898238748      -6.234495587130204E-005 -9.571637471861982E-005
   19.4918943248532      -6.024442827677835E-005 -9.804332748098804E-005
   19.5505988258317      -5.757682408928422E-005 -9.968260906448750E-005
   19.6093033268102      -5.438872195390406E-005 -1.006480015014520E-004
   19.6680078277886      -5.066311446739741E-005 -1.009196031238119E-004
   19.7267123287671      -4.645740252386200E-005 -1.005159668097260E-004
   19.7854168297456      -4.183006433559478E-005 -9.946592087141445E-005
   19.8441213307241      -3.686797675083975E-005 -9.784640000831652E-005
   19.9028258317025      -3.162930295654861E-005 -9.568216574989262E-005
   19.9615303326810      -2.615890115565734E-005 -9.306920671171530E-005
   20.0202348336595      -2.045076918055594E-005 -9.007617825594590E-005
   20.0789393346380      -1.453289244484855E-005 -8.683861354543620E-005
   20.1376438356164      -8.397006579837332E-006 -8.348397615050114E-005
   20.1963483365949      -2.078978894303535E-006 -8.013697496913766E-005
   20.2550528375734       4.418275346677515E-006 -7.686385888122616E-005
   20.3137573385519       1.115014062885827E-005 -7.380221281928902E-005
   20.3724618395303       1.803027691122354E-005 -7.102001125013556E-005
   20.4311663405088       2.505438451046383E-005 -6.854198340245405E-005
   20.4898708414873       3.224614722427376E-005 -6.635921688204770E-005
   20.5485753424658       3.947817541940925E-005 -6.445838093517425E-005
   20.6072798434442       4.665150319819496E-005 -6.285244828053071E-005
   20.6659843444227       5.361972031577724E-005 -6.148690393230742E-005
   20.7246888454012       6.023290410151233E-005 -6.015498806090686E-005
   20.7833933463796       6.645674803746159E-005 -5.878637995631208E-005
   20.8420978473581       7.214901144765176E-005 -5.730268028578937E-005
   20.9008023483366       7.717581411427764E-005 -5.559290119022351E-005
   20.9595068493151       8.144035606507711E-005 -5.360720801726202E-005
   21.0182113502935       8.489826367853200E-005 -5.130309925839787E-005
   21.0769158512720       8.752366292726001E-005 -4.876840147716663E-005
   21.1356203522505       8.930363039217575E-005 -4.598651657825728E-005
   21.1943248532290       9.027725081619551E-005 -4.303365716749323E-005
   21.2530293542074       9.050496404522207E-005 -3.990210006803442E-005
   21.3117338551859       8.999053173604571E-005 -3.655150142217687E-005
   21.3704383561644       8.874172178417877E-005 -3.305563373958905E-005
   21.4291428571429       8.685291916938896E-005 -2.944149689882887E-005
   21.4878473581213       8.441180509033267E-005 -2.559469310413262E-005
   21.5465518590998       8.151079405833792E-005 -2.155634157249299E-005
   21.6052563600783       7.825117989016355E-005 -1.723820100452539E-005
   21.6639608610568       7.473665633890011E-005 -1.251764593860180E-005
   21.7226653620352       7.104650703296270E-005 -7.325846453400649E-006
   21.7813698630137       6.727793970828917E-005 -1.632581055487838E-006
   21.8400743639922       6.349256630861579E-005  4.560011064357449E-006
   21.8987788649706       5.973661399949836E-005  1.121043391756798E-005
   21.9574833659491       5.606504089591059E-005  1.826297106695578E-005
   22.0161878669276       5.244744752214506E-005  2.559944516940236E-005
   22.0748923679061       4.890523711389115E-005  3.309759796869521E-005
   22.1335968688845       4.540735799232548E-005  4.056028477757367E-005
   22.1923013698630       4.198789407349950E-005  4.782986601475052E-005
   22.2510058708415       3.857740885681329E-005  5.477943416500281E-005
   22.3097103718200       3.518403762443982E-005  6.122244446157441E-005
   22.3684148727984       3.179873681345660E-005  6.699877823368427E-005
   22.4271193737769       2.847838517683153E-005  7.206986783810030E-005
   22.4858238747554       2.525164228229316E-005  7.639714079610952E-005
   22.5445283757339       2.220357500835131E-005  7.997446936898882E-005
   22.6032328767123       1.932528583878229E-005  8.286382802952594E-005
   22.6619373776908       1.667033575815033E-005  8.504467459627292E-005
   22.7206418786693       1.421442895715312E-005  8.647755895919914E-005
   22.7793463796478       1.199787723916893E-005  8.715914431522581E-005
   22.8380508806262       9.975371429106806E-006  8.708425865730114E-005
   22.8967553816047       8.106140855471711E-006  8.629608074538507E-005
   22.9554598825832       6.261680831260794E-006  8.483592790209033E-005
   23.0141643835616       4.382269466416997E-006  8.271739177533522E-005
   23.0728688845401       2.292917227087047E-006  7.993090893366239E-005
   23.1315733855186      -9.523862564143069E-008  7.652949332348833E-005
   23.1902778864971      -2.856600897366993E-006  7.250431357593087E-005
   23.2489823874755      -6.063799154805778E-006  6.794029302144442E-005
   23.3076868884540      -9.778052736010317E-006  6.277109670259135E-005
   23.3663913894325      -1.396950287570664E-005  5.711742644001706E-005
   23.4250958904110      -1.856103200187709E-005  5.103351767666282E-005
   23.4838003913894      -2.341621888378647E-005  4.462340757816553E-005
   23.5425048923679      -2.840696416320033E-005  3.799345388643568E-005
   23.6012093933464      -3.342307413947044E-005  3.123384936177941E-005
   23.6599138943249      -3.829855683992543E-005  2.443758025653464E-005
   23.7186183953033      -4.296590075867206E-005  1.768022880413714E-005
   23.7773228962818      -4.733744596550215E-005  1.104850865940933E-005
   23.8360273972603      -5.133378702246293E-005  4.664805780382143E-006
   23.8947318982387      -5.497424318479007E-005 -1.405183801311583E-006
   23.9534363992172      -5.825960326728500E-005 -7.081187267219787E-006
   24.0121409001957      -6.120678240475287E-005 -1.230170707004879E-005
   24.0708454011742      -6.381134271031582E-005 -1.702763751105582E-005
   24.1295499021526      -6.608705070238894E-005 -2.119258066156848E-005
   24.1882544031311      -6.803150991224800E-005 -2.477229597265071E-005
   24.2469589041096      -6.962716705469927E-005 -2.777802602426884E-005
   24.3056634050881      -7.079622664432930E-005 -3.024359420008867E-005
   24.3643679060665      -7.148667285113840E-005 -3.220841922146696E-005
   24.4230724070450      -7.155691897685400E-005 -3.370656901951037E-005
   24.4817769080235      -7.094374978875975E-005 -3.481042299367405E-005
   24.5404814090020      -6.954643886321972E-005 -3.562005072468597E-005
   24.5991859099804      -6.728213302660991E-005 -3.621356825095472E-005
   24.6578904109589      -6.407099229352312E-005 -3.661732423842246E-005
   24.7165949119374      -5.992413410491596E-005 -3.689917891541175E-005
   24.7752994129159      -5.490926514200035E-005 -3.703012071358134E-005
   24.8340039138943      -4.909643054061283E-005 -3.700263589163070E-005
   24.8927084148728      -4.266547821578046E-005 -3.677082536431251E-005
   24.9514129158513      -3.566581375969774E-005 -3.635163697104688E-005
   25.0101174168297      -2.819514719595916E-005 -3.574810098668012E-005
   25.0688219178082      -2.048369793994211E-005 -3.501215082714371E-005
   25.1275264187867      -1.264636395868590E-005 -3.412552255759068E-005
   25.1862309197652      -4.772846718292163E-006 -3.302773161133875E-005
   25.2449354207436       3.054525732837137E-006 -3.180747843879181E-005
   25.3036399217221       1.074157420275841E-005 -3.045749616655710E-005
   25.3623444227006       1.820137855747556E-005 -2.902984193583763E-005
   25.4210489236791       2.537971599741422E-005 -2.774283398049390E-005
   25.4797534246575       3.227556552904827E-005 -2.660457520519864E-005
   25.5384579256360       3.883842549291785E-005 -2.573975419885263E-005
   25.5971624266145       4.503880303876855E-005 -2.512349155235567E-005
   25.6558669275930       5.072063633738048E-005 -2.466685450107638E-005
   25.7145714285714       5.591015143745031E-005 -2.439106920419378E-005
   25.7732759295499       6.054507535481147E-005 -2.417977460397401E-005
   25.8319804305284       6.447919666926481E-005 -2.401739066060532E-005
   25.8906849315069       6.768644564812125E-005 -2.380537899118402E-005
   25.9493894324853       7.005024661402229E-005 -2.334688603621095E-005
   26.0080939334638       7.153525600065386E-005 -2.258363441642630E-005
   26.0667984344423       7.207455874399087E-005 -2.136919988342496E-005
   26.1255029354207       7.168261538704019E-005 -1.971447532721887E-005
   26.1842074363992       7.037936686655990E-005 -1.767911855936510E-005
   26.2429119373777       6.816569647359861E-005 -1.531770098444355E-005
   26.3016164383562       6.511424146257536E-005 -1.268681065732633E-005
   26.3603209393346       6.131476925933161E-005 -9.820993013496969E-006
   26.4190254403131       5.683107283629740E-005 -6.782154257456783E-006
   26.4777299412916       5.169926931543314E-005 -3.661917064973310E-006
   26.5364344422701       4.606568940496909E-005 -5.367402501533704E-007
   26.5951389432485       4.000123031412941E-005  2.610393159360928E-006
   26.6538434442270       3.363491690020180E-005  5.711301643536827E-006
   26.7125479452055       2.699455080870096E-005  8.818497827692709E-006
   26.7712524461840       2.018763951032656E-005  1.192787077934488E-005
   26.8299569471624       1.335628062201247E-005  1.511165702199410E-005
   26.8886614481409       6.555708090294900E-006  1.842101576002506E-005
   26.9473659491194      -1.700081313855039E-007  2.186576071160863E-005
   27.0060704500978      -6.771300850235782E-006  2.546435358627777E-005
   27.0647749510763      -1.312342952444242E-005  2.922722994093340E-005
   27.1234794520548      -1.918479341590149E-005  3.305231341992659E-005
   27.1821839530333      -2.486804402155903E-005  3.677233940669458E-005
   27.2408884540117      -3.012336477863294E-005  4.026876099178106E-005
   27.2995929549902      -3.486158086186624E-005  4.344598617505618E-005
   27.3582974559687      -3.908712262332412E-005  4.614565361447634E-005
   27.4170019569472      -4.276641510725651E-005  4.823267473101262E-005
   27.4757064579256      -4.578796197588061E-005  4.961460363686140E-005
   27.5344109589041      -4.810871726763561E-005  5.028974155573887E-005
   27.5931154598826      -4.976394122604116E-005  5.025718822808665E-005
   27.6518199608611      -5.074460798015534E-005  4.950349364935549E-005
   27.7105244618395      -5.104189419545033E-005  4.808973322807999E-005
   27.7692289628180      -5.062129011098163E-005  4.606102433142680E-005
   27.8279334637965      -4.949736040217333E-005  4.349484781143649E-005
   27.8866379647750      -4.775344930469636E-005  4.050090145998652E-005
   27.9453424657534      -4.537842921807751E-005  3.716792784623537E-005
   28.0040469667319      -4.235840361390738E-005  3.355772308129633E-005
   28.0627514677104      -3.881424035329508E-005  2.970728314953046E-005
   28.1214559686888      -3.480931733996606E-005  2.556532426488605E-005
   28.1801604696673      -3.048831249653797E-005  2.114409547118938E-005
   28.2388649706458      -2.588118242896989E-005  1.640775583393871E-005
   28.2975694716243      -2.103793960566356E-005  1.132858867495871E-005
   28.3562739726027      -1.605497525264039E-005  5.867905219703395E-006
   28.4149784735812      -1.099331977115623E-005  4.267918933115795E-008
   28.4736829745597      -5.967465506860407E-006 -6.072189851740076E-006
   28.5323874755382      -1.073422031221563E-006 -1.239336018732873E-005
   28.5910919765166       3.680318433643223E-006 -1.875634418870419E-005
   28.6497964774951       8.255561670111759E-006 -2.501550274072931E-005
   28.7085009784736       1.263631128186102E-005 -3.099691028384311E-005
   28.7672054794521       1.680706733295117E-005 -3.660558692895583E-005
   28.8259099804305       2.076658035071039E-005 -4.165261327457320E-005
   28.8846144814090       2.440362661198284E-005 -4.607881964553153E-005
   28.9433189823875       2.765199948508516E-005 -4.976811532052655E-005
   29.0020234833659       3.048945639365435E-005 -5.267145883174403E-005
   29.0607279843444       3.289631830022783E-005 -5.482123220539698E-005
   29.1194324853229       3.485222334506879E-005 -5.618356063935802E-005
   29.1781369863014       3.630572013973326E-005 -5.681336616771420E-005
   29.2368414872798       3.716073273351203E-005 -5.680313293825830E-005
   29.2955459882583       3.737210483186834E-005 -5.621927720431399E-005
   29.3542504892368       3.695614434162166E-005 -5.510893274853272E-005
   29.4129549902153       3.597601805760047E-005 -5.351640134366701E-005
   29.4716594911937       3.445068262986891E-005 -5.149779996517165E-005
   29.5303639921722       3.245286143842797E-005 -4.889946388432928E-005
   29.5890684931507       2.993712997485258E-005 -4.575350908451255E-005
   29.6477729941292       2.698702642007125E-005 -4.202430910604039E-005
   29.7064774951076       2.368445544772194E-005 -3.770633707370305E-005
   29.7651819960861       2.011140971337831E-005 -3.268811034190871E-005
   29.8238864970646       1.639845703518363E-005 -2.709210683459712E-005
   29.8825909980431       1.249850104221435E-005 -2.090492756970847E-005
   29.9412954990215       8.502146399193460E-006 -1.435387451986392E-005
   30.0000000000000       4.334779515069894E-006 -7.330107930088349E-006
  2.000000000000000E-003  6.764536264973777E-007 -1.157559531132841E-006
  6.070450097847359E-002  2.870686875135197E-008 -1.702183387837423E-008
  0.119409001956947       1.917256010833790E-008 -2.454164161518940E-008
  0.178113502935421       3.368635418361709E-009  1.571735216381358E-008
  0.236818003913894       1.262981768084649E-008  4.589904261960072E-009
  0.295522504892368       3.492310890701167E-009  2.685129093166366E-008
  0.354227005870842       1.513152849362275E-008  1.000784323047358E-009
  0.412931506849315       1.880515415234229E-008 -6.529177905112085E-010
  0.471636007827789      -1.085645659404912E-008 -7.555050056831874E-008
  0.530340508806262      -1.220352386965684E-007 -3.359011748364400E-007
  0.589045009784736      -4.865682968581279E-007 -1.305975637810524E-006
  0.647749510763209      -1.619159128821261E-006 -4.243203812256698E-006
  0.706454011741683      -4.658292688201008E-006 -1.214325360627390E-005
  0.765158512720157      -1.206864285247135E-005 -3.116691090545537E-005
  0.823863013698630      -2.823629635979871E-005 -7.176350496060714E-005
  0.882567514677104      -5.962093196589900E-005 -1.480811869119031E-004
  0.941272015655577      -1.139526986876802E-004 -2.728066156657099E-004
  0.999976516634051      -1.983687546246620E-004 -4.456817566687997E-004
   1.05868101761252      -3.178637404450937E-004 -6.369924769361029E-004
   1.11738551859100      -4.788680157375748E-004 -7.737345729645073E-004
   1.17609001956947      -7.041268971653632E-004 -7.416048060239491E-004
   1.23479452054795      -1.064497208967177E-003 -4.122400207056829E-004
   1.29349902152642      -1.724959943318354E-003  3.095555536201134E-004
   1.35220352250489      -2.993372415864337E-003  1.445396969970937E-003
   1.41090802348337      -5.352688295148414E-003  2.945809582901691E-003
   1.46961252446184      -9.462090680526732E-003  4.755084840703120E-003
   1.52831702544031      -1.612672221284054E-002  6.912481445398798E-003
   1.58702152641879      -2.625111102570971E-002  9.621524238236730E-003
   1.64572602739726      -4.079656434367912E-002  1.321429027851577E-002
   1.70443052837573      -6.074683490021548E-002  1.799151765966579E-002
   1.76313502935421      -8.706272100121239E-002  2.400372746346991E-002
   1.82183953033268      -0.120594224975892       3.089466064316717E-002
   1.88054403131115      -0.161934770774390       3.790958902312683E-002
   1.93924853228963      -0.211240077414103       4.407752213494111E-002
   1.99795303326810      -0.268071998974844       4.847071319172090E-002
   2.05665753424658      -0.331334245256519       5.040092465582607E-002
   2.11536203522505      -0.399337350371722       4.945853331014288E-002
   2.17406653620352      -0.469974277904426       4.540982139980709E-002
   2.23277103718200      -0.540946055695978       3.805769509068322E-002
   2.29147553816047      -0.609966395652883       2.718705162097636E-002
   2.35018003913894      -0.674903813926689       1.264579835206834E-002
   2.40888454011742      -0.733862421730827      -5.485632269924785E-003
   2.46758904109589      -0.785232463820630      -2.674721979305032E-002
   2.52629354207436      -0.827743302347399      -5.027700629366846E-002
   2.58499804305284      -0.860529305446796      -7.494178986554020E-002
   2.64370254403131      -0.883190327272014      -9.956519217958522E-002
   2.70240704500978      -0.895814676372702      -0.123148797739642     
   2.76111154598826      -0.898939594766994      -0.144996008491328     
   2.81981604696673      -0.893450794528155      -0.164705801343064     
   2.87852054794521      -0.880445352334697      -0.182069072190587     
   2.93722504892368      -0.861095360616162      -0.196940178334570     
   2.99592954990215      -0.836545491095543      -0.209151949496867     
   3.05463405088063      -0.807859184952340      -0.218509551604890     
   3.11333855185910      -0.776008156138960      -0.224850678847536     
   3.17204305283757      -0.741885594035448      -0.228130462832823     
   3.23074755381605      -0.706320639682384      -0.228482569482280     
   3.28945205479452      -0.670079144025779      -0.226226243566897     
   3.34815655577299      -0.633847448718585      -0.221815682959313     
   3.40686105675147      -0.598206175545167      -0.215752491969895     
   3.46556555772994      -0.563606952580430      -0.208495222241076     
   3.52427005870842      -0.530362327492250      -0.200395497156236     
   3.58297455968689      -0.498654311553098      -0.191676363049928     
   3.64167906066536      -0.468558983250050      -0.182452556126230     
   3.70038356164384      -0.440081488912262      -0.172777531036269     
   3.75908806262231      -0.413191069459791      -0.162696661341989     
   3.81779256360078      -0.387848515367749      -0.152288933075075     
   3.87649706457926      -0.364021573496808      -0.141684889877948     
   3.93520156555773      -0.341688211964233      -0.131061117005067     
   3.99390606653620      -0.320830117555259      -0.120615890463663     
   4.05261056751468      -0.301421811076677      -0.110536599604626     
   4.11131506849315      -0.283420334839354      -0.100969793902204     
   4.17001956947162      -0.266759165413824      -9.200151147323594E-002
   4.22872407045010      -0.251347750894357      -8.365208438845843E-002
   4.28742857142857      -0.237076699058346      -7.588474021689057E-002
   4.34613307240704      -0.223826608141035      -6.862364250214723E-002
   4.40483757338552      -0.211478934649640      -6.177667502359514E-002
   4.46354207436399      -0.199925465093481      -5.525704075792526E-002
   4.52224657534247      -0.189075274693553      -4.899971196463178E-002
   4.58095107632094      -0.178858170455316      -4.297056273677619E-002
   4.63965557729941      -0.169224476831211      -3.716766028364353E-002
   4.69836007827789      -0.160141819315550      -3.161603975967388E-002
   4.75706457925636      -0.151590055824505      -2.635800928465226E-002
   4.81576908023483      -0.143555299194607      -2.144160188925477E-002
   4.87447358121331      -0.136024740987481      -1.690977149084054E-002
   4.93317808219178      -0.128982189614088      -1.279182758062161E-002
   4.99188258317025      -0.122405481652709      -9.098326515851192E-003
   5.05058708414873      -0.116265742369473      -5.819174704359019E-003
   5.10929158512720      -0.110527592272774      -2.925308061234866E-003
   5.16799608610568      -0.105151330968468      -3.726560746979039E-004
   5.22670058708415      -0.100095226442169       1.892304449005189E-003
   5.28540508806262      -9.531804562897842E-002  3.926579569497199E-003
   5.34410958904110      -9.078167032171508E-002  5.785039319849370E-003
   5.40281409001957      -8.645290597202004E-002  7.515819336165864E-003
   5.46151859099804      -8.230470293481711E-002  9.157212866782899E-003
   5.52022309197652      -7.831678144645408E-002  1.073578242847744E-002
   5.57892759295499      -7.447535052309892E-002  1.226631007306884E-002
   5.63763209393346      -7.077266404702821E-002  1.375241055018249E-002
   5.69633659491194      -6.720573222217124E-002  1.518850782676166E-002
   5.75504109589041      -6.377506275191991E-002  1.656234288079405E-002
   5.81374559686888      -6.048342277813887E-002  1.785743954316174E-002
   5.87245009784736      -5.733453622192602E-002  1.905571374783713E-002
   5.93115459882583      -5.433200274313511E-002  2.013975483999117E-002
   5.98985909980431      -5.147844555672416E-002  2.109457943367330E-002
   6.04856360078278      -4.877481200728217E-002  2.190917882610787E-002
   6.10726810176125      -4.622025433149226E-002  2.257710711714986E-002
   6.16597260273973      -4.381187670470561E-002  2.309691711007497E-002
   6.22467710371820      -4.154477785286844E-002  2.347203980148167E-002
   6.28338160469667      -3.941226540068616E-002  2.371031359907387E-002
   6.34208610567515      -3.740622083801706E-002  2.382323186361363E-002
   6.40079060665362      -3.551752447842869E-002  2.382522874866246E-002
   6.45949510763209      -3.373633822754823E-002  2.373265048803751E-002
   6.51819960861057      -3.205260309810045E-002  2.356291449108741E-002
   6.57690410958904      -3.045644224606091E-002  2.333348522163098E-002
   6.63560861056752      -2.893827869024931E-002  2.306122438612769E-002
   6.69431311154599      -2.748926546162717E-002  2.276177232360703E-002
   6.75301761252446      -2.610133438020169E-002  2.244907212416595E-002
   6.81172211350294      -2.476737985388290E-002  2.213514026162516E-002
   6.87042661448141      -2.348130901630243E-002  2.182976512860485E-002
   6.92913111545988      -2.223802288758894E-002  2.154047052559400E-002
   6.98783561643836      -2.103332916327036E-002  2.127258054350578E-002
   7.04654011741683      -1.986398211432069E-002  2.102941824349197E-002
   7.10524461839530      -1.872755091810020E-002  2.081248896095272E-002
   7.16394911937378      -1.762244355186840E-002  2.062155538253326E-002
   7.22265362035225      -1.654771814777149E-002  2.045500923207256E-002
   7.28135812133072      -1.550303690546058E-002  2.031022016769975E-002
   7.34006262230920      -1.448850893629131E-002  2.018369400984727E-002
   7.39876712328767      -1.350466481118921E-002  2.007130432240507E-002
   7.45747162426615      -1.255230062522635E-002  1.996865270959003E-002
   7.51617612524462      -1.163233951542142E-002  1.987116097868431E-002
   7.57488062622309      -1.074591987482970E-002  1.977435475673639E-002
   7.63358512720157      -9.894046878529220E-003  1.967392960906243E-002
   7.69228962818004      -9.077779921323323E-003  1.956587305830787E-002
   7.75099412915851      -8.298078668260701E-003  1.944665115696244E-002
   7.80969863013699      -7.555696893438161E-003  1.931315675355671E-002
   7.86840313111546      -6.851237063568246E-003  1.916282596614352E-002
   7.92710763209393      -6.185037472813844E-003  1.899356761975378E-002
   7.98581213307241      -5.557135703638489E-003  1.880378794839285E-002
   8.04451663405088      -4.967428602969036E-003  1.859239791630890E-002
   8.10322113502936      -4.415607042467345E-003  1.835882480890019E-002
   8.16192563600783      -3.901069261378281E-003  1.810289222703844E-002
   8.22063013698630      -3.422957277882232E-003  1.782485873829811E-002
   8.27933463796478      -2.980176179356053E-003  1.752542346290316E-002
   8.33803913894325      -2.571485919871861E-003  1.720557258337910E-002
   8.39674363992172      -2.195476536678660E-003  1.686659132087571E-002
   8.45544814090020      -1.850627105200385E-003  1.650995085114360E-002
   8.51415264187867      -1.535331838830309E-003  1.613742584427023E-002
   8.57285714285714      -1.247935988529877E-003  1.575073406281120E-002
   8.63156164383562      -9.867332357318763E-004  1.535174260158529E-002
   8.69026614481409      -7.501264319015502E-004  1.494229439330314E-002
   8.74897064579256      -5.364263449263780E-004  1.452427532454440E-002
   8.80767514677104      -3.441375061982976E-004  1.409952416677761E-002
   8.86637964774951      -1.718034438792489E-004  1.366977138606553E-002
   8.92508414872799      -1.795109579845942E-005  1.323670182739884E-002
   8.98378864970646       1.187361765732490E-004  1.280199492640181E-002
   9.04249315068493       2.395194935539340E-004  1.236714517147601E-002
   9.10119765166341       3.454533762436870E-004  1.193362264353572E-002
   9.15990215264188       4.376469070246843E-004  1.150268601399432E-002
   9.21860665362035       5.171916704043744E-004  1.107557311122872E-002
   9.27731115459883       5.850568022647248E-004  1.065335217407921E-002
   9.33601565557730       6.422029328554547E-004  1.023695997140750E-002
   9.39472015655577       6.895531298864720E-004  9.827207188888236E-003
   9.45342465753425       7.279159886053405E-004  9.424910797316893E-003
   9.51212915851272       7.581281817932337E-004  9.030755226648044E-003
   9.57083365949119       7.809964007082670E-004  8.645327998826389E-003
   9.62953816046967       7.972405318216564E-004  8.269192037931626E-003
   9.68824266144814       8.076702818200276E-004  7.902847357401190E-003
   9.74694716242662       8.129415302313249E-004  7.546803389986946E-003
   9.80565166340509       8.137355127536649E-004  7.201495108554385E-003
   9.86435616438356       8.106693041142403E-004  6.867219957073469E-003
   9.92306066536204       8.043144156635619E-004  6.544262206550168E-003
   9.98176516634051       7.952128982455962E-004  6.232859100527977E-003
   10.0404696673190       7.838807664674757E-004  5.933155948516662E-003
   10.0991741682975       7.707957624433031E-004  5.645162505600221E-003
   10.1578786692759       7.562744646294184E-004  5.368903229857970E-003
   10.2165831702544       7.406944110998992E-004  5.104289101130250E-003
   10.2752876712329       7.243105548396587E-004  4.851096892699596E-003
   10.3339921722114       7.072792707988981E-004  4.609100582883201E-003
   10.3926966731898       6.898343884652117E-004  4.377988011754826E-003
   10.4514011741683       6.720516523933131E-004  4.157415096533465E-003
   10.5101056751468       6.540816462827713E-004  3.947021353098267E-003
   10.5688101761252       6.359803806452072E-004  3.746412880967914E-003
   10.6275146771037       6.177769296414991E-004  3.555133857413910E-003
   10.6862191780822       5.996226586679469E-004  3.372736015980234E-003
   10.7449236790607       5.815548675381153E-004  3.198834873792739E-003
   10.8036281800391       5.637167088523092E-004  3.033006162242954E-003
   10.8623326810176       5.461905855303327E-004  2.874774669567966E-003
   10.9210371819961       5.290254587968112E-004  2.723748131528310E-003
   10.9797416829746       5.122303703628385E-004  2.579641692848200E-003
   11.0384461839530       4.957975003087352E-004  2.442191948100923E-003
   11.0971506849315       4.797396202511557E-004  2.311155360398903E-003
   11.1558551859100       4.640844239054321E-004  2.186348067018960E-003
   11.2145596868885       4.488160474134061E-004  2.067641489942318E-003
   11.2732641878669       4.338799376262059E-004  1.954874501555153E-003
   11.3319686888454       4.192453992173087E-004  1.848020946265542E-003
   11.3906731898239       4.049142195042266E-004  1.746917987594571E-003
   11.4493776908024       3.909093897215180E-004  1.651407792426760E-003
   11.5080821917808       3.772068941144322E-004  1.561442291865532E-003
   11.5667866927593       3.637389485300204E-004  1.476871663826867E-003
   11.6254911937378       3.504656267322496E-004  1.397545855781382E-003
   11.6841956947162       3.374757588913322E-004  1.323193394457356E-003
   11.7429001956947       3.247485219008108E-004  1.253557608369596E-003
   11.8016046966732       3.123115241938209E-004  1.188388428226020E-003
   11.8603091976517       3.001476755231903E-004  1.127346965295385E-003
   11.9190136986301       2.882846416172579E-004  1.070155581887569E-003
   11.9777181996086       2.767657167382726E-004  1.016542390679503E-003
   12.0364227005871       2.656652264155187E-004  9.662048669510795E-004
   12.0951272015656       2.550725374219643E-004  9.188629924143512E-004
   12.1538317025440       2.451259502834359E-004  8.742452326972271E-004
   12.2125362035225       2.359023979561671E-004  8.321187864123763E-004
   12.2712407045010       2.274660099773328E-004  7.922945779466819E-004
   12.3299452054795       2.198473281467525E-004  7.545878480140637E-004
   12.3886497064579       2.130774653062474E-004  7.188209359436077E-004
   12.4473542074364       2.072338603266669E-004  6.848790573481951E-004
   12.5060587084149       2.021491519481709E-004  6.526028442966132E-004
   12.5647632093933       1.976952336369825E-004  6.218924128582297E-004
   12.6234677103718       1.937498460253832E-004  5.926220541059076E-004
   12.6821722113503       1.902283641176698E-004  5.647530709095647E-004
   12.7408767123288       1.869590850698755E-004  5.383189483235150E-004
   12.7995812133072       1.837691423565223E-004  5.133109988160119E-004
   12.8582857142857       1.804933321427120E-004  4.897077437400669E-004
   12.9169902152642       1.769736567136736E-004  4.675263534074520E-004
   12.9756947162427       1.730937799149664E-004  4.466893734727889E-004
   13.0343992172211       1.688038179071091E-004  4.271455639028078E-004
   13.0931037181996       1.640668532708945E-004  4.088078507314693E-004
   13.1518082191781       1.588888919643375E-004  3.915926998579905E-004
   13.2105127201566       1.532775454503555E-004  3.754718245307099E-004
   13.2692172211350       1.472871520847322E-004  3.603614631172987E-004
   13.3279217221135       1.409696421421170E-004  3.461581826675048E-004
   13.3866262230920       1.344530012947557E-004  3.328659269564403E-004
   13.4453307240705       1.278400217052904E-004  3.204251013997156E-004
   13.5040352250489       1.212573512185330E-004  3.088632340237618E-004
   13.5627397260274       1.148445846372082E-004  2.981803241039751E-004
   13.6214442270059       1.087297226268230E-004  2.883710192460487E-004
   13.6801487279843       1.029966370375756E-004  2.794636776654590E-004
   13.7388532289628       9.774835419868606E-005  2.715076974894520E-004
   13.7975577299413       9.308246154274178E-005  2.644948537629610E-004
   13.8562622309198       8.904332564731301E-005  2.583214961801279E-004
   13.9149667318982       8.565856935669810E-005  2.528990957149640E-004
   13.9736712328767       8.287284124164282E-005  2.481647621475601E-004
   14.0323757338552       8.058640734402786E-005  2.440368317968137E-004
   14.0910802348337       7.870661483651254E-005  2.404464669194814E-004
   14.1497847358121       7.714887862584408E-005  2.372012026273775E-004
   14.2084892367906       7.575824333296745E-005  2.342246053518951E-004
   14.2671937377691       7.439367679730317E-005  2.313177388271771E-004
   14.3258982387476       7.295723755597970E-005  2.283869353820932E-004
   14.3846027397260       7.135309534087116E-005  2.253757720205378E-004
   14.4433072407045       6.953743329898950E-005  2.221802322251944E-004
   14.5020117416830       6.742728793244362E-005  2.187450551062022E-004
   14.5607162426614       6.506615430422004E-005  2.149654479461135E-004
   14.6194207436399       6.253881219360247E-005  2.108074606069757E-004
   14.6781252446184       5.982772274728749E-005  2.063082100888595E-004
   14.7368297455969       5.691085284621324E-005  2.014822676543049E-004
   14.7955342465753       5.378771169287105E-005  1.964178331641991E-004
   14.8542387475538       5.052621873145403E-005  1.911993993253212E-004
   14.9129432485323       4.712501346685651E-005  1.858948743556233E-004
   14.9716477495108       4.349874055402850E-005  1.806658002318201E-004
   15.0303522504892       3.961150162340567E-005  1.756494858471834E-004
   15.0890567514677       3.545868270103433E-005  1.710545389346944E-004
   15.1477612524462       3.107365962517917E-005  1.670111493500829E-004
   15.2064657534247       2.643970378695914E-005  1.635544252000238E-004
   15.2651702544031       2.155751718862334E-005  1.607565498597055E-004
   15.3238747553816       1.649026089854602E-005  1.586363506012735E-004
   15.3825792563601       1.124554120005928E-005  1.572335061981252E-004
   15.4412837573386       5.845367014942591E-006  1.564273718075061E-004
   15.4999882583170       3.319686171179894E-007  1.560584522828000E-004
   15.5586927592955      -5.190062849840037E-006  1.560555442560034E-004
   15.6173972602740      -1.061955605915012E-005  1.563149387349622E-004
   15.6761017612524      -1.589604683015799E-005  1.566514908996418E-004
   15.7348062622309      -2.102168857940224E-005  1.569256850043201E-004
   15.7935107632094      -2.586749437939828E-005  1.570259713326138E-004
   15.8522152641879      -3.040030838805512E-005  1.569071658345992E-004
   15.9109197651663      -3.446102829332239E-005  1.565210018871975E-004
   15.9696242661448      -3.802570554362070E-005  1.558682767419793E-004
   16.0283287671233      -4.107082617212696E-005  1.548866324859976E-004
   16.0870332681018      -4.357569363854936E-005  1.535860903860583E-004
   16.1457377690802      -4.554915731364131E-005  1.519856707722006E-004
   16.2044422700587      -4.705885438774209E-005  1.501292761114541E-004
   16.2631467710372      -4.814470213428211E-005  1.478977988249497E-004
   16.3218512720157      -4.893629600010589E-005  1.453491461826522E-004
   16.3805557729941      -4.955663362262320E-005  1.424531760612251E-004
   16.4392602739726      -5.017450209934054E-005  1.392106896961973E-004
   16.4979647749511      -5.094798218367068E-005  1.356674316962105E-004
   16.5566692759296      -5.203560812772496E-005  1.318114597817670E-004
   16.6153737769080      -5.357470576236328E-005  1.276585484603874E-004
   16.6740782778865      -5.564772805873051E-005  1.232245070755862E-004
   16.7327827788650      -5.828070496314593E-005  1.184622071020196E-004
   16.7914872798434      -6.153900891034102E-005  1.134500240610430E-004
   16.8501917808219      -6.535156482150892E-005  1.082059576659303E-004
   16.9088962818004      -6.958984366981953E-005  1.028124434503561E-004
   16.9676007827789      -7.416413282943384E-005  9.726516541238733E-005
   17.0263052837573      -7.896399211391574E-005  9.159379979475511E-005
   17.0850097847358      -8.385630673544063E-005  8.586499188729108E-005
   17.1437142857143      -8.872061980967203E-005  8.017491373317649E-005
   17.2024187866928      -9.344118957902785E-005  7.460146619756857E-005
   17.2611232876712      -9.794260215259065E-005  6.924677923862978E-005
   17.3198277886497      -1.021535962536507E-004  6.416903851041655E-005
   17.3785322896282      -1.060607760041243E-004  5.948692821360117E-005
   17.4372367906067      -1.096845411713874E-004  5.526707170482271E-005
   17.4959412915851      -1.130008605889730E-004  5.152343809278063E-005
   17.5546457925636      -1.160062781701562E-004  4.824272904303710E-005
   17.6133502935421      -1.186543685220028E-004  4.540640449738984E-005
   17.6720547945205      -1.208980580703203E-004  4.301831550854388E-005
   17.7307592954990      -1.226557891321227E-004  4.094714244367501E-005
   17.7894637964775      -1.240273248624458E-004  3.915825567982780E-005
   17.8481682974560      -1.249254420190696E-004  3.749583179068602E-005
   17.9068727984344      -1.253862476166329E-004  3.563253357535270E-005
   17.9655772994129      -1.254322328545183E-004  3.353599429970213E-005
   18.0242818003914      -1.248896089400504E-004  3.102761983806460E-005
   18.0829863013699      -1.238089641773918E-004  2.792691071993456E-005
   18.1416908023483      -1.222879797376498E-004  2.424406609494998E-005
   18.2003953033268      -1.203499656289920E-004  2.001837353425417E-005
   18.2590998043053      -1.179263631396695E-004  1.520763269647610E-005
   18.3178043052838      -1.151151797610451E-004  9.860347343791654E-006
   18.3765088062622      -1.118559624539520E-004  4.052715425386684E-006
   18.4352133072407      -1.082549760066681E-004 -2.100924553193697E-006
   18.4939178082192      -1.043658728811638E-004 -8.481813064579425E-006
   18.5526223091977      -1.003366348701715E-004 -1.496389152672178E-005
   18.6113268101761      -9.624007140439963E-005 -2.146214795217236E-005
   18.6700313111546      -9.215828040795853E-005 -2.792818194930342E-005
   18.7287358121331      -8.817391590420029E-005 -3.433100014976577E-005
   18.7874403131115      -8.433744322578232E-005 -4.062591223625552E-005
   18.8461448140900      -8.076789743569540E-005 -4.690940044983668E-005
   18.9048493150685      -7.757794699571330E-005 -5.310165312408261E-005
   18.9635538160470      -7.483488647055260E-005 -5.910309127031923E-005
   19.0222583170254      -7.254727985042522E-005 -6.492636741381853E-005
   19.0809628180039      -7.067854610381170E-005 -7.047625252659998E-005
   19.1396673189824      -6.915755335056994E-005 -7.569987014540127E-005
   19.1983718199609      -6.786557073170106E-005 -8.058666946485355E-005
   19.2570763209393      -6.668150408558369E-005 -8.511245116343659E-005
   19.3157808219178      -6.547130106347204E-005 -8.918937260582425E-005
   19.3744853228963      -6.410437571278725E-005 -9.271736731054832E-005
   19.4331898238748      -6.241684534687095E-005 -9.567137105881491E-005
   19.4918943248532      -6.032326339703771E-005 -9.797646341662374E-005
   19.5505988258317      -5.765908870348576E-005 -9.962706742757637E-005
   19.6093033268102      -5.447222796936532E-005 -1.005834940021551E-004
   19.6680078277886      -5.074346016586422E-005 -1.008662036268191E-004
   19.7267123287671      -4.653236408818454E-005 -1.004686931929454E-004
   19.7854168297456      -4.189865089914885E-005 -9.942905683322904E-005
   19.8441213307241      -3.693411358336934E-005 -9.781310494941142E-005
   19.9028258317025      -3.168568143926028E-005 -9.565619648481959E-005
   19.9615303326810      -2.620568818469682E-005 -9.304117152461475E-005
   20.0202348336595      -2.048290431803229E-005 -9.005397456414569E-005
   20.0789393346380      -1.455353672956213E-005 -8.681170166839555E-005
   20.1376438356164      -8.405121331032776E-006 -8.346437397990485E-005
   20.1963483365949      -2.074974955856433E-006 -8.011755043987797E-005
   20.2550528375734       4.440241452377563E-006 -7.683710555063909E-005
   20.3137573385519       1.117298186661754E-005 -7.378780092297631E-005
   20.3724618395303       1.805815733408423E-005 -7.100448414138993E-005
   20.4311663405088       2.508411617539794E-005 -6.852103790382861E-005
   20.4898708414873       3.227098664471884E-005 -6.635595771137480E-005
   20.5485753424658       3.950147894566022E-005 -6.446480784301523E-005
   20.6072798434442       4.666969708209822E-005 -6.287780569758695E-005
   20.6659843444227       5.361753460818553E-005 -6.152752699934330E-005
   20.7246888454012       6.022793678035047E-005 -6.019805609192290E-005
   20.7833933463796       6.643796200792804E-005 -5.884688782889128E-005
   20.8420978473581       7.211789156107428E-005 -5.737908896044468E-005
   20.9008023483366       7.713855534486199E-005 -5.567886542643603E-005
   20.9595068493151       8.139798008097457E-005 -5.369788612217202E-005
   21.0182113502935       8.486737091847502E-005 -5.140146910704790E-005
   21.0769158512720       8.748636812188464E-005 -4.886392193254807E-005
   21.1356203522505       8.927769923717265E-005 -4.607609037776656E-005
   21.1943248532290       9.025036691785824E-005 -4.311964606167156E-005
   21.2530293542074       9.047314746793394E-005 -3.998631850802318E-005
   21.3117338551859       8.996736265477736E-005 -3.663550022644109E-005
   21.3704383561644       8.871933915923981E-005 -3.312692441545274E-005
   21.4291428571429       8.681225015515944E-005 -2.950111805615818E-005
   21.4878473581213       8.437789791469912E-005 -2.564836305257900E-005
   21.5465518590998       8.147073761465800E-005 -2.159595008876586E-005
   21.6052563600783       7.820083518101585E-005 -1.726565413906509E-005
   21.6639608610568       7.468118130170458E-005 -1.253934257502757E-005
   21.7226653620352       7.098537805879644E-005 -7.332515272793317E-006
   21.7813698630137       6.721956986155310E-005 -1.635837877070073E-006
   21.8400743639922       6.343311777679289E-005  4.562168905967074E-006
   21.8987788649706       5.968659868204646E-005  1.121877252162922E-005
   21.9574833659491       5.602910834268903E-005  1.826871271649929E-005
   22.0161878669276       5.242638412500203E-005  2.561063147056581E-005
   22.0748923679061       4.889760617487394E-005  3.310004923006945E-005
   22.1335968688845       4.542423984853247E-005  4.056766127790743E-005
   22.1923013698630       4.201471194513092E-005  4.783211978672057E-005
   22.2510058708415       3.863221281616290E-005  5.477944013560567E-005
   22.3097103718200       3.524655276983808E-005  6.122047144775236E-005
   22.3684148727984       3.187118706150070E-005  6.700423259724996E-005
   22.4271193737769       2.855007343904100E-005  7.207853346732859E-005
   22.4858238747554       2.533192538794253E-005  7.641581112427034E-005
   22.5445283757339       2.227898309623025E-005  7.999369044597014E-005
   22.6032328767123       1.940929420860875E-005  8.289063846217798E-005
   22.6619373776908       1.675351628288759E-005  8.506873431313949E-005
   22.7206418786693       1.430561928389554E-005  8.650396430174355E-005
   22.7793463796478       1.207742477374316E-005  8.718368656842572E-005
   22.8380508806262       1.005821626111087E-005  8.710042128000676E-005
   22.8967553816047       8.178569199193830E-006  8.629931171820676E-005
   22.9554598825832       6.338509169446501E-006  8.483400370742303E-005
   23.0141643835616       4.454019340350035E-006  8.269351927169180E-005
   23.0728688845401       2.361375933700013E-006  7.989846303595410E-005
   23.1315733855186      -2.269686226275899E-008  7.648579671989357E-005
   23.1902778864971      -2.792731407152751E-006  7.245575607627568E-005
   23.2489823874755      -6.000316083703030E-006  6.788176150020645E-005
   23.3076868884540      -9.726566397701454E-006  6.271903368666596E-005
   23.3663913894325      -1.392579254516976E-005  5.707195762460896E-005
   23.4250958904110      -1.852477519223375E-005  5.100480516926986E-005
   23.4838003913894      -2.339154584352659E-005  4.461016149899007E-005
   23.5425048923679      -2.839302742182169E-005  3.799104543851541E-005
   23.6012093933464      -3.341863198278857E-005  3.125519595830802E-005
   23.6599138943249      -3.830039469963485E-005  2.446036118056102E-005
   23.7186183953033      -4.298260099449576E-005  1.771417119229074E-005
   23.7773228962818      -4.736429637494577E-005  1.109193224220187E-005
   23.8360273972603      -5.136757181480252E-005  4.705795059363683E-006
   23.8947318982387      -5.501741578252267E-005 -1.363242399331857E-006
   23.9534363992172      -5.831454963731866E-005 -7.041946758393503E-006
   24.0121409001957      -6.126582178759548E-005 -1.226069831329337E-005
   24.0708454011742      -6.387679128363831E-005 -1.698937667091418E-005
   24.1295499021526      -6.615183698885764E-005 -2.115197398654162E-005
   24.1882544031311      -6.809771495719402E-005 -2.473326598273756E-005
   24.2469589041096      -6.968517261565024E-005 -2.772678976004736E-005
   24.3056634050881      -7.085210098912448E-005 -3.019017120654225E-005
   24.3643679060665      -7.153617675887624E-005 -3.213571223362217E-005
   24.4230724070450      -7.160341853339009E-005 -3.362864306949145E-005
   24.4817769080235      -7.097852760089780E-005 -3.472085544334534E-005
   24.5404814090020      -6.957279948874907E-005 -3.552382851464602E-005
   24.5991859099804      -6.730721119186328E-005 -3.610265937267685E-005
   24.6578904109589      -6.408199279270274E-005 -3.650978181906329E-005
   24.7165949119374      -5.994173534737251E-005 -3.679588051923214E-005
   24.7752994129159      -5.492286370994413E-005 -3.693756202641718E-005
   24.8340039138943      -4.911877276298365E-005 -3.692757618187980E-005
   24.8927084148728      -4.269092461866773E-005 -3.670705106643488E-005
   24.9514129158513      -3.568685986929169E-005 -3.630075802515565E-005
   25.0101174168297      -2.821436623547144E-005 -3.572585389841437E-005
   25.0688219178082      -2.050583108981329E-005 -3.499643485747466E-005
   25.1275264187867      -1.266159644140568E-005 -3.412210049986618E-005
   25.1862309197652      -4.782667709805170E-006 -3.303359874324025E-005
   25.2449354207436       3.051854727729020E-006 -3.181916983886700E-005
   25.3036399217221       1.074348832156700E-005 -3.048198728141213E-005
   25.3623444227006       1.820369064232719E-005 -2.906023317054079E-005
   25.4210489236791       2.538963515549882E-005 -2.777673045075454E-005
   25.4797534246575       3.229714538989902E-005 -2.664723332203234E-005
   25.5384579256360       3.885639867141729E-005 -2.578075953896851E-005
   25.5971624266145       4.505288587493430E-005 -2.517978313617552E-005
   25.6558669275930       5.073604417811829E-005 -2.472153988017889E-005
   25.7145714285714       5.591499577669804E-005 -2.445012059950169E-005
   25.7732759295499       6.054022533741452E-005 -2.425810184138197E-005
   25.8319804305284       6.446378422852692E-005 -2.409729102416572E-005
   25.8906849315069       6.764964639938487E-005 -2.389874869971645E-005
   25.9493894324853       7.001449611650565E-005 -2.344496045192952E-005
   26.0080939334638       7.148124491708651E-005 -2.269000256171813E-005
   26.0667984344423       7.201872108300373E-005 -2.147352300705109E-005
   26.1255029354207       7.162947857209809E-005 -1.981455498799406E-005
   26.1842074363992       7.033348581300009E-005 -1.778081198856661E-005
   26.2429119373777       6.812724587367283E-005 -1.540841280695759E-005
   26.3016164383562       6.508644329923748E-005 -1.277195837496416E-005
   26.3603209393346       6.129257549642780E-005 -9.893609548554814E-006
   26.4190254403131       5.681455703517663E-005 -6.853428585678751E-006
   26.4777299412916       5.169360387587822E-005 -3.713623658348405E-006
   26.5364344422701       4.605619572862208E-005 -5.829456784060148E-007
   26.5951389432485       4.000847019083878E-005  2.574441434885288E-006
   26.6538434442270       3.362409143871925E-005  5.682106089218420E-006
   26.7125479452055       2.698487701551867E-005  8.802305549593265E-006
   26.7712524461840       2.017548657984880E-005  1.192854299410070E-005
   26.8299569471624       1.333280894054176E-005  1.512005520270985E-005
   26.8886614481409       6.531679893153305E-006  1.842990557571574E-005
   26.9473659491194      -1.982982442732354E-007  2.187984085071913E-005
   27.0060704500978      -6.796049826773750E-006  2.549426514785938E-005
   27.0647749510763      -1.313892848346490E-005  2.926189573390155E-005
   27.1234794520548      -1.918579070713391E-005  3.309786754563829E-005
   27.1821839530333      -2.485864576800917E-005  3.682183014918325E-005
   27.2408884540117      -3.008961616601236E-005  4.032786966151523E-005
   27.2995929549902      -3.481301345110556E-005  4.350409650328564E-005
   27.3582974559687      -3.902951836070976E-005  4.620791732350554E-005
   27.4170019569472      -4.269724654165629E-005  4.830681636891370E-005
   27.4757064579256      -4.571180545128647E-005  4.969383560702129E-005
   27.5344109589041      -4.803576976169403E-005  5.036335652208751E-005
   27.5931154598826      -4.969080987626390E-005  5.033369535174545E-005
   27.6518199608611      -5.068509693679809E-005  4.958315606774358E-005
   27.7105244618395      -5.097398231099664E-005  4.817014668706193E-005
   27.7692289628180      -5.056745349350070E-005  4.614480404942875E-005
   27.8279334637965      -4.945981506361583E-005  4.356339043562624E-005
   27.8866379647750      -4.772417981126788E-005  4.057327068695916E-005
   27.9453424657534      -4.534882651078862E-005  3.724289581694765E-005
   28.0040469667319      -4.233779985888338E-005  3.361828187664734E-005
   28.0627514677104      -3.878552433918237E-005  2.975998032133404E-005
   28.1214559686888      -3.478954409080387E-005  2.560123537175421E-005
   28.1801604696673      -3.045155989593309E-005  2.117553329483604E-005
   28.2388649706458      -2.584596693430044E-005  1.643943513542891E-005
   28.2975694716243      -2.100012224054095E-005  1.134539489023008E-005
   28.3562739726027      -1.601892334499018E-005  5.878177118534982E-006
   28.4149784735812      -1.096283131778982E-005  4.419856731506907E-008
   28.4736829745597      -5.947414881764100E-006 -6.089216096941600E-006
   28.5323874755382      -1.075986351150121E-006 -1.240878370741618E-005
   28.5910919765166       3.663381273300292E-006 -1.877234790602212E-005
   28.6497964774951       8.221199971946625E-006 -2.502960831115658E-005
   28.7085009784736       1.258895571434800E-005 -3.102467431478726E-005
   28.7672054794521       1.674051264773622E-005 -3.663158030431278E-005
   28.8259099804305       2.069666336545601E-005 -4.168630191224802E-005
   28.8846144814090       2.432113526166351E-005 -4.611805617860741E-005
   28.9433189823875       2.755936642498961E-005 -4.980623681846222E-005
   29.0020234833659       3.040001258936157E-005 -5.271449619192098E-005
   29.0607279843444       3.280558886033804E-005 -5.486550072275190E-005
   29.1194324853229       3.477334816329968E-005 -5.623618821527145E-005
   29.1781369863014       3.623156280600438E-005 -5.687994230693886E-005
   29.2368414872798       3.709625279718633E-005 -5.686916029275130E-005
   29.2955459882583       3.730870483652824E-005 -5.628536882202553E-005
   29.3542504892368       3.690096691863874E-005 -5.517057807036100E-005
   29.4129549902153       3.592286595825856E-005 -5.357860488508717E-005
   29.4716594911937       3.439467865427232E-005 -5.154770744382614E-005
   29.5303639921722       3.239269969227271E-005 -4.895410204103139E-005
   29.5890684931507       2.987180072368182E-005 -4.579557717210741E-005
   29.6477729941292       2.691500130979162E-005 -4.205705848231771E-005
   29.7064774951076       2.361364904654874E-005 -3.772977689938822E-005
   29.7651819960861       2.004820236034630E-005 -3.269921859286497E-005
   29.8238864970646       1.633233292579957E-005 -2.710540298075441E-005
   29.8825909980431       1.244509673375268E-005 -2.091394683381209E-005
   29.9412954990215       8.472308716527908E-006 -1.435500599256090E-005
   30.0000000000000       4.313383812072579E-006 -7.331878370781840E-006
