           0  3.459149561101945E-002
           1  0.101263688109006     
           2  0.159089618070601     
           3  0.179029656100214     
           4  0.162534405069537     
           5  0.127134478035776     
           6  8.936900612566574E-002
           7  5.815415988556812E-002
           8  3.581636026385203E-002
           9  2.124476126602365E-002
          10  1.230899820497923E-002
          11  7.047463284027187E-003
          12  4.024718915808813E-003
          13  2.307980525072966E-003
          14  1.332430025843714E-003
          15  7.703104429076698E-004
          16  4.355178566909661E-004
          17  2.223045322457551E-004
          18  6.822208283013327E-005
