  2.000000000000000E-003 -2.486537633559855E-002 -1.912215130116831E-002
  6.070450097847359E-002 -2.579735022898849E-002  6.947470491812294E-003
  0.119409001956947       5.240264870982270E-003  1.869324995480922E-002
  0.178113502935421       1.576916003810697E-002  2.046210993988604E-003
  0.236818003913894      -1.721427792430153E-002 -1.518706909329954E-002
  0.295522504892368       1.769669438644768E-003  6.644483293087706E-004
  0.354227005870842       4.444407528292654E-003 -1.422415165584352E-003
  0.412931506849315       7.646083538111665E-003  1.931815452583398E-004
  0.471636007827789      -3.745570004128349E-003 -2.269299330441030E-006
  0.530340508806262      -7.753874021598306E-003 -4.076438876095529E-002
  0.589045009784736       4.309432377710747E-002 -4.090717048122479E-003
  0.647749510763209       4.985400135519886E-002  4.406910327316608E-003
  0.706454011741683       5.469092815719569E-002  2.618602853894401E-002
  0.765158512720157       6.070444732907981E-002  3.144060546032518E-002
  0.823863013698630       3.605193070809695E-002  4.556704656500574E-002
  0.882567514677104       1.686471106012025E-002  2.787320243530843E-002
  0.941272015655577      -7.386017614044814E-003  1.969762619006822E-002
  0.999976516634051      -2.954764623487568E-002 -2.228441356820255E-003
   1.05868101761252       1.824190161098017E-002 -2.435989127559738E-002
   1.11738551859100       2.186773065383635E-002 -4.121687169042436E-002
   1.17609001956947       5.008006814280105E-002 -5.505279332871248E-002
   1.23479452054795       7.957887030814237E-002 -8.988512817667482E-002
   1.29349902152642       0.183894685067232      -0.197052029274398     
   1.35220352250489       0.299664685948935      -0.316930385017904     
   1.41090802348337       0.398477862876034      -0.351320191193005     
   1.46961252446184       0.474332227812369      -0.328880754409904     
   1.52831702544031       0.609984498062815      -0.248303556484849     
   1.58702152641879       0.709637761368369      -0.170018367617795     
   1.64572602739726       0.711318300181222      -0.141336278636282     
   1.70443052837573       0.627140592536943      -4.442483387242445E-002
   1.76313502935421       0.466343684481614       7.949159257632547E-002
   1.82183953033268       0.259152078589900       0.187489579821048     
   1.88054403131115      -1.081172357235336E-002  0.297567394312945     
   1.93924853228963      -0.275536074001073       0.323774910490020     
   1.99795303326810      -0.530215618134287       0.316704370437755     
   2.05665753424658      -0.770478141867486       0.236458944060253     
   2.11536203522505      -0.834841032242422       9.676979238722007E-002
   2.17406653620352      -0.720851821378828      -0.176701425051824     
   2.23277103718200      -0.506015449545911      -0.420385760363666     
   2.29147553816047      -0.265723683928669      -0.544148782614788     
   2.35018003913894      -3.856255865098579E-002 -0.572937252413919     
   2.40888454011742       0.171954114908522      -0.521358276604425     
   2.46758904109589       0.359175556993598      -0.449091179606386     
   2.52629354207436       0.527080362252755      -0.389499426603029     
   2.58499804305284       0.573256356443861      -0.286861788738540     
   2.64370254403131       0.601157403346089      -0.164279373881595     
   2.70240704500978       0.575135487944412      -3.492101430919994E-002
   2.76111154598826       0.497374684826178       5.281493794050270E-002
   2.81981604696673       0.429608058074485       0.139837884874253     
   2.87852054794521       0.280396679478376       0.167140832102294     
   2.93722504892368       0.138216133821849       0.159083089208808     
   2.99592954990215       0.112087963909192       0.123029083098061     
   3.05463405088063       0.159295979092303       0.128792259311972     
   3.11333855185910       0.170412795884287       0.230109710242120     
   3.17204305283757       0.129003122328448       0.182747395042722     
   3.23074755381605       0.162318038978289       0.115636732743769     
   3.28945205479452       0.174213206787400       7.979288912552927E-002
   3.34815655577299       0.134215331974515       5.886659753566433E-002
   3.40686105675147       0.101640759973062       5.029821616644654E-003
   3.46556555772994       6.061479139652848E-002 -2.646490037122300E-002
   3.52427005870842      -6.082250494976850E-004 -7.653036047635532E-002
   3.58297455968689      -6.748069293769874E-003 -8.629939714312318E-002
   3.64167906066536      -1.720483354360457E-002 -4.929302849842747E-002
   3.70038356164384      -1.180288440606357E-002 -5.552359057588028E-003
   3.75908806262231      -1.221283923715324E-002  1.716748882000296E-002
   3.81779256360078      -3.572514673371979E-002  4.535648932012046E-002
   3.87649706457926      -7.715719083454128E-002  7.463256585560267E-002
   3.93520156555773      -0.151292544372348       2.386572473237247E-002
   3.99390606653620      -0.112266606138439      -9.595653078763708E-002
   4.05261056751468       4.868472391471255E-002 -0.169833270162846     
   4.11131506849315       4.828661095266087E-002 -0.160417120528711     
   4.17001956947162       6.661625909173555E-002 -0.113752978111113     
   4.22872407045010      -2.608872483199692E-002 -6.759900232927014E-002
   4.28742857142857      -8.033524472356664E-002 -5.516916974122956E-002
   4.34613307240704      -6.709299454394126E-002 -2.934015034069277E-002
   4.40483757338552      -3.968630124666396E-003 -9.389829034481988E-002
   4.46354207436399       6.634106106764508E-002 -2.893422867382670E-002
   4.52224657534247       8.786489864061253E-002  4.434763047572143E-002
   4.58095107632094       9.507222459550890E-002  4.367876479566747E-002
   4.63965557729941       3.036884001126420E-002  5.358323611472207E-002
   4.69836007827789      -7.864265515115789E-003  2.677781672137282E-002
   4.75706457925636       1.278594060773884E-002 -3.328679446091590E-002
   4.81576908023483       3.087833086967785E-002 -3.089213832376071E-002
   4.87447358121331       3.270311518322783E-002 -3.514502750713468E-002
   4.93317808219178       4.346949107170903E-002  1.345464885727311E-002
   4.99188258317025      -2.221365226030891E-002  0.108565507205137     
   5.05058708414873      -0.124913474317352       0.129092019684647     
   5.10929158512720      -0.151680310643236       5.409100132323864E-002
   5.16799608610568      -5.651464649794127E-002 -9.464429068665370E-003
   5.22670058708415      -7.732609779668730E-002 -8.457604094712221E-003
   5.28540508806262      -0.118627643243489      -7.347647508433253E-003
   5.34410958904110      -8.470104862127396E-002 -3.861390369076945E-003
   5.40281409001957      -3.572891019692367E-002  2.882835440094891E-002
   5.46151859099804      -3.268137616647599E-002  5.737863428816582E-002
   5.52022309197652      -4.093469431463991E-002 -2.965535439156963E-002
   5.57892759295499      -1.946637184878920E-002 -4.796725715236241E-002
   5.63763209393346      -8.319605507858194E-002  4.858300215197614E-002
   5.69633659491194      -8.218036231738356E-002  8.529161140092788E-003
   5.75504109589041       5.336746325680278E-003  2.382996193316748E-002
   5.81374559686888       3.232038377657569E-002  1.756852122075762E-004
   5.87245009784736       0.107182505883223       5.945768928230129E-004
   5.93115459882583       3.052061678304325E-002  5.501086484153365E-003
   5.98985909980431       6.280537961685361E-003 -1.553404051957427E-002
   6.04856360078278       5.467807076120686E-002  6.213256274840089E-003
   6.10726810176125       8.335397127228746E-002  6.871833127480918E-002
   6.16597260273973       0.104206609100088       0.162477676922617     
   6.22467710371820       4.076734248803582E-002  0.141744019821516     
   6.28338160469667       3.470851314215740E-002  0.115654740748556     
   6.34208610567515      -3.788556438062376E-002  8.967219773210303E-002
   6.40079060665362      -0.113061982174401      -3.739982426734460E-002
   6.45949510763209      -5.766622711364081E-002 -9.543282162712802E-002
   6.51819960861057      -4.391330843849904E-002 -2.460615141879344E-002
   6.57690410958904      -3.100158372784435E-002 -1.481526450529429E-002
   6.63560861056752       5.937707138369309E-003  1.224776049784048E-002
   6.69431311154599       1.855045858686268E-003 -2.931018405965316E-002
   6.75301761252446       1.990748233720537E-002 -4.471121011408800E-002
   6.81172211350294      -2.019741363488019E-002 -3.028166123819973E-002
   6.87042661448141       1.659731497511244E-002 -5.891672198411054E-002
   6.92913111545988       1.916325604454008E-002  7.346751351382517E-003
   6.98783561643836       6.957552157304751E-002 -1.743918981069963E-002
   7.04654011741683       9.728113685583034E-002  1.614883264746300E-002
   7.10524461839530       2.065029835536170E-002  2.456320832482531E-002
   7.16394911937378       3.121768311408123E-002  3.835275627871290E-002
   7.22265362035225      -1.735166280922994E-002  7.014932547161612E-002
   7.28135812133072      -2.783061641353302E-002  6.475366283844847E-002
   7.34006262230920      -1.147183433565846E-002  2.638200021562966E-002
   7.39876712328767      -1.771765071472648E-003  4.235121500114608E-002
   7.45747162426615      -2.179978905967461E-002  1.071219278948380E-002
   7.51617612524462      -4.112154217673806E-002  4.344351760979984E-002
   7.57488062622309      -8.334656312874301E-002  1.141316356395849E-002
   7.63358512720157      -3.077589822967799E-002 -1.003155765036829E-002
   7.69228962818004       1.293996598885194E-002  7.574439592835264E-002
   7.75099412915851       2.033440888252138E-002  8.757735710181200E-002
   7.80969863013699       5.208814409474481E-002  0.123428334484935     
   7.86840313111546       6.427544253031532E-002  6.656338312290672E-002
   7.92710763209393       6.897146601526732E-002 -1.499086274916995E-002
   7.98581213307241      -1.189558659588821E-003 -6.164795212967238E-002
   8.04451663405088       1.328028780072187E-002 -8.410645188090116E-002
   8.10322113502936      -1.264266549266410E-002 -8.710310660250693E-003
   8.16192563600783      -5.135926980348604E-002 -1.225794136559126E-002
   8.22063013698630       4.503483821509161E-002 -1.286415432457853E-003
   8.27933463796478       6.281607495699373E-002  2.576031163369654E-002
   8.33803913894325       0.124151054037717       2.424921440820993E-002
   8.39674363992172       0.109834198622097       2.372793417050725E-003
   8.45544814090020       6.727402923578285E-002  9.195180286945059E-003
   8.51415264187867       6.074304477095622E-002  1.289054091401704E-002
   8.57285714285714       2.906011403367358E-002  2.324363952659881E-002
   8.63156164383562      -1.504586950562111E-002  2.954933492326108E-002
   8.69026614481409       4.507103368017974E-002  4.107128804468604E-002
   8.74897064579256       3.004412526382950E-002  6.932509924783035E-002
   8.80767514677104       6.717941129043231E-002  4.112196641651875E-002
   8.86637964774951       7.955732935478296E-002  4.505308620431722E-002
   8.92508414872799       2.647604547690833E-002  3.258654564510036E-003
   8.98378864970646       2.063499673554521E-003  1.243972208793530E-002
   9.04249315068493      -6.805063348976624E-002  8.789941735603988E-003
   9.10119765166341      -8.935815128533271E-002 -1.628595087731406E-002
   9.15990215264188      -5.799532582922921E-002  2.236095272410276E-002
   9.21860665362035      -4.684355469168350E-002  1.552993819299591E-002
   9.27731115459883       4.739614338539373E-002  5.161900082439152E-002
   9.33601565557730       4.623259779168590E-002  8.429171409650782E-002
   9.39472015655577      -4.240938097786589E-002  5.945400669552518E-002
   9.45342465753425      -2.972730137212070E-002 -1.207920207755421E-002
   9.51212915851272      -5.534075906052121E-002 -1.257286552968763E-002
   9.57083365949119      -0.101844059153419      -3.236041480037584E-002
   9.62953816046967      -0.110290665609227      -2.995596315664190E-002
   9.68824266144814      -8.371015070042387E-002 -1.682539896700578E-002
   9.74694716242662      -8.793862916846085E-002  2.350416008686830E-003
   9.80565166340509      -3.165817445745063E-002 -1.539083076607039E-002
   9.86435616438356       5.849211856560154E-002  3.005893699525608E-002
   9.92306066536204       8.008799512619659E-002  4.842877991498182E-003
   9.98176516634051       7.690874975800306E-002 -1.874392287240922E-002
   10.0404696673190       6.788130030441930E-002 -5.944197439850431E-002
   10.0991741682975       6.814546929663198E-003 -6.404118201742304E-002
   10.1578786692759      -4.464478738329416E-003 -2.724594697240019E-002
   10.2165831702544      -2.195545768976172E-002  3.359278802757049E-002
   10.2752876712329      -8.939634977819000E-002  5.197950962835807E-002
   10.3339921722114      -3.094159236354626E-002 -5.201817656889381E-003
   10.3926966731898       6.834666576477437E-002 -4.792730592652845E-003
   10.4514011741683       8.843591119531904E-002  5.272794867495184E-003
   10.5101056751468       0.145147669925743      -1.275043856796628E-002
   10.5688101761252       0.103752526196246       1.584508021182354E-002
   10.6275146771037       4.095989331468205E-002 -3.133614012224539E-002
   10.6862191780822       2.172261453114916E-002 -5.389608170401673E-002
   10.7449236790607       9.736632430537920E-005 -2.372363891596024E-002
   10.8036281800391      -1.992713607564378E-002 -4.180053893702292E-002
   10.8623326810176      -3.877807747623408E-002  1.248766564527735E-002
   10.9210371819961      -7.315173322288096E-002  7.656101898883765E-003
   10.9797416829746      -2.328558384240034E-002  4.284702963683509E-003
   11.0384461839530      -3.341016767064769E-002  2.298704061086769E-002
   11.0971506849315      -6.813185274363492E-002 -9.012287259673946E-003
   11.1558551859100      -1.676355190978210E-002 -3.862571758944947E-002
   11.2145596868885      -8.147103997318004E-003 -3.678133303348420E-002
   11.2732641878669       6.104963727700256E-002 -5.985284623934066E-002
   11.3319686888454       9.800191915266496E-002  8.709223208542101E-003
   11.3906731898239       8.277425841197328E-002  9.825236736211729E-002
   11.4493776908024       6.509007445854750E-002  0.109633463109580     
   11.5080821917808       4.351532930844624E-002  9.143120564207428E-002
   11.5667866927593       5.824098940749809E-003  6.178502087448817E-002
   11.6254911937378       2.121162547865868E-004 -2.894972281599351E-004
   11.6841956947162       5.766761772663808E-003  6.669307300323283E-003
   11.7429001956947      -2.983397613440423E-002  1.751340053124029E-002
   11.8016046966732      -6.451423384041663E-002  7.041593137736399E-002
   11.8603091976517      -6.430039593458553E-002  0.123499665040301     
   11.9190136986301      -7.034815012455414E-002  0.100014130561932     
   11.9777181996086       2.022915624984601E-003  7.551621378541620E-002
   12.0364227005871       5.147515477543507E-002  9.289051335735068E-002
   12.0951272015656       6.055768232523719E-002  9.409788004404490E-002
   12.1538317025440       4.113790739987773E-002  0.120016303595162     
   12.2125362035225      -1.016485965258106E-002  2.983614563254602E-002
   12.2712407045010       3.149024509214177E-002  2.125767655441786E-002
   12.3299452054795       4.208538786768243E-002  2.209901452543045E-002
   12.3886497064579       2.517622916625946E-002  3.848990625566674E-002
   12.4473542074364      -3.991670154403045E-002  3.355142660156689E-002
   12.5060587084149      -6.784777415690982E-002 -2.196711475429116E-003
   12.5647632093933      -5.812600250830630E-002 -2.918996090691607E-002
   12.6234677103718      -7.364926005167501E-002  1.531473200407941E-002
   12.6821722113503      -9.521193596270899E-002  1.196933741730977E-002
   12.7408767123288      -8.317421275603976E-002  3.590508341255919E-003
   12.7995812133072      -1.347497343666862E-002  4.050850426172931E-002
   12.8582857142857       1.976318774598434E-002  3.287177754176480E-002
   12.9169902152642       4.641861883569451E-002  1.790439923127365E-002
   12.9756947162427       5.094253020454684E-002 -4.553062039399074E-004
   13.0343992172211       2.552294873143260E-002 -0.128726672492833     
   13.0931037181996       7.226533691500986E-002 -0.141667607225847     
   13.1518082191781      -7.708726509268009E-004 -8.185123520358972E-002
   13.2105127201566       3.200196041361309E-003 -1.740758882702396E-002
   13.2692172211350      -1.405498398653915E-002  3.653193277536868E-002
   13.3279217221135       1.801014727515332E-002  3.420923140800275E-002
   13.3866262230920       2.797677392258357E-002  4.024979900799738E-002
   13.4453307240705       5.549560783898747E-003  0.102561336774845     
   13.5040352250489      -2.757827339959615E-002  7.386935894689825E-002
   13.5627397260274      -5.936377966072286E-002  5.245195084200588E-002
   13.6214442270059      -2.009651572352599E-002  3.123712994415058E-002
   13.6801487279843       2.698376657818531E-002  4.343347095134445E-002
   13.7388532289628       1.620872554624063E-003  5.344457507628125E-002
   13.7975577299413      -1.832545459450610E-002  5.894042316467434E-003
   13.8562622309198      -2.860321562328206E-002 -4.581282942554427E-002
   13.9149667318982      -1.211236739527146E-002 -5.270608841152377E-002
   13.9736712328767      -4.504436161946627E-003 -4.681675666071376E-002
   14.0323757338552      -7.689759322854398E-002 -2.103833174585957E-002
   14.0910802348337      -6.577671058428172E-002 -1.479443713696256E-002
   14.1497847358121      -4.869320714534060E-002 -4.887191705185900E-002
   14.2084892367906       9.869790270363922E-003 -4.525687679678984E-002
   14.2671937377691       1.017688982053290E-002  1.151864418359794E-002
   14.3258982387476      -4.237402827172658E-002  5.063858254729296E-002
   14.3846027397260      -0.108866498533076       8.086890460170536E-003
   14.4433072407045      -0.111699736611823       5.941012597049586E-003
   14.5020117416830      -7.158053429883750E-002  2.179908675943752E-002
   14.5607162426614      -4.453303175041251E-002  7.677435972085045E-002
   14.6194207436399      -1.351224395073761E-002  6.132667092915776E-002
   14.6781252446184      -6.649228606691521E-002  3.877094619578983E-002
   14.7368297455969      -9.076098360770608E-002  2.737958566524988E-002
   14.7955342465753      -2.141731827174764E-002  3.805887698814348E-002
   14.8542387475538      -1.400361688390255E-002  2.357664939425142E-002
   14.9129432485323       1.598163743300146E-002  3.927988869911922E-002
   14.9716477495108       5.038713927902802E-003  9.180001863010323E-003
   15.0303522504892      -5.028990433870478E-002  5.131763797715348E-003
   15.0890567514677      -5.895687120203402E-002 -1.957783096282096E-002
   15.1477612524462       7.468082507785599E-003 -2.011520955599545E-002
   15.2064657534247       9.054080814006230E-003  9.025470093560922E-003
   15.2651702544031      -1.890215964075004E-002  4.210396167874529E-002
   15.3238747553816      -6.935727376454570E-002  3.592399708074465E-002
   15.3825792563601      -7.798778287383758E-002  6.276115992975811E-002
   15.4412837573386      -7.429362834261979E-002  1.490442669886211E-003
   15.4999882583170      -5.167325799524390E-002 -4.168233585793175E-003
   15.5586927592955      -7.399945036978467E-002 -3.710951008951961E-002
   15.6173972602740      -2.078485239002102E-002 -4.734001847476788E-002
   15.6761017612524      -5.467634848018742E-002 -0.102075736713356     
   15.7348062622309      -8.996271014852810E-003 -6.826608930292102E-002
   15.7935107632094      -8.736565655216527E-003 -5.603268451337580E-002
   15.8522152641879      -3.648591676464585E-003 -7.693299947348259E-002
   15.9109197651663       4.083338371601050E-002 -6.881961875549441E-003
   15.9696242661448       8.714781999529948E-002  2.253884780098671E-002
   16.0283287671233       8.204111209113751E-002 -1.644883640705637E-002
   16.0870332681018       0.108964501660404      -1.091694016737159E-002
   16.1457377690802       5.512610557857649E-002 -2.006338911995515E-002
   16.2044422700587       3.685868825209675E-002  6.896140953000422E-002
   16.2631467710372       4.531881981250559E-002  5.456640985131504E-002
   16.3218512720157       8.649196299271890E-003  7.239528108643577E-002
   16.3805557729941      -2.456334478264787E-002  0.117485699749996     
   16.4392602739726      -6.916493279938624E-002  9.506252116451483E-002
   16.4979647749511      -0.104623374616550       7.704854375017137E-002
   16.5566692759296      -0.115817532837071       1.693216786757339E-002
   16.6153737769080      -0.129617401041111      -1.388221993695099E-002
   16.6740782778865      -0.109335196432062      -4.751853742825641E-002
   16.7327827788650      -0.108674393419939      -0.118636350997944     
   16.7914872798434      -5.530962916058299E-002 -0.100897568657230     
   16.8501917808219      -5.189630672172737E-002 -8.485811279013922E-002
   16.9088962818004      -6.948965517084461E-002 -2.559033615216182E-002
   16.9676007827789       1.911913155653999E-002  8.890749588010987E-003
   17.0263052837573       4.647200499022466E-003 -1.145794838085554E-002
   17.0850097847358       7.689068296888352E-003  3.398079455220266E-002
   17.1437142857143       0.107612437104990       9.092170085671940E-003
   17.2024187866928       6.945094559672538E-002 -7.134338059204971E-002
   17.2611232876712       8.895457389233183E-002 -2.722871751651788E-002
   17.3198277886497       0.139529695473626      -1.191000686185178E-002
   17.3785322896282       0.129867108225838      -3.765801571707805E-002
   17.4372367906067       4.108492930079886E-002  1.910962413744180E-003
   17.4959412915851       4.743307204285099E-002 -5.170445565125158E-003
   17.5546457925636       4.750190632225643E-002 -4.688192999435873E-002
   17.6133502935421      -3.110335683797103E-003  1.126199240618457E-002
   17.6720547945205      -7.529114349228393E-003  1.970969401331828E-002
   17.7307592954990      -3.585120429360741E-002  5.351492323701012E-002
   17.7894637964775       3.577936236849460E-003  9.540510448773348E-002
   17.8481682974560      -2.590984209242145E-002  6.052947581330715E-002
   17.9068727984344      -3.271391995188510E-002  5.764161426033579E-002
   17.9655772994129      -4.350364464375599E-002  6.880074243893206E-002
   18.0242818003914      -5.234068424861866E-002  8.114789567712405E-002
   18.0829863013699      -2.293851072529936E-002  4.087013014559680E-002
   18.1416908023483       3.729892216112986E-002 -5.681254323641122E-002
   18.2003953033268       1.631525764395767E-002 -6.067023303714702E-002
   18.2590998043053      -2.257562094572199E-003 -5.455001427210800E-002
   18.3178043052838       6.958073858742073E-002 -4.376457915891535E-002
   18.3765088062622       7.169393630695231E-002 -6.196330166552479E-002
   18.4352133072407       8.511642709256191E-002 -3.604159843275842E-002
   18.4939178082192       8.216785391805168E-002 -7.375650672375746E-002
   18.5526223091977       3.807783509645008E-002 -2.838713374487861E-002
   18.6113268101761       4.246504374959993E-002  4.336632678500268E-002
   18.6700313111546       5.324944764490273E-002  4.747835834212344E-005
   18.7287358121331      -2.177997483371004E-002  7.316476890065463E-002
   18.7874403131115      -1.596811377384740E-002  0.132486884303170     
   18.8461448140900      -9.329097219414907E-002  9.742401549004534E-002
   18.9048493150685      -8.082142657031624E-002  2.694751550118067E-002
   18.9635538160470      -2.343202589801325E-002 -3.539968856347205E-002
   19.0222583170254       6.081326970741104E-003 -8.420452837603096E-002
   19.0809628180039       2.259756819940210E-002 -6.952094687845561E-002
   19.1396673189824       6.488337243050968E-002 -7.876231794023722E-002
   19.1983718199609       7.083302352161717E-002 -1.695808454454149E-002
   19.2570763209393       3.077289939062768E-002 -1.139577295259198E-002
   19.3157808219178       1.235021653712603E-002 -6.768628998378656E-003
   19.3744853228963       2.555333370239371E-002  6.802262890531194E-003
   19.4331898238748       1.805243897846730E-002  3.772300339968861E-002
   19.4918943248532      -3.686202056788819E-002  6.849721064351494E-002
   19.5505988258317      -3.791605558179017E-002  8.039478737510333E-002
   19.6093033268102      -2.735728644859084E-002  1.924380579976023E-002
   19.6680078277886      -1.172115060561085E-002 -2.355180604621775E-002
   19.7267123287671       1.504657531633241E-002 -9.637862787373261E-002
   19.7854168297456       1.729294947611972E-002 -9.205204229981895E-002
   19.8441213307241       8.025150348170482E-002 -6.892774178732682E-002
   19.9028258317025       0.103851317084331      -0.107168264829691     
   19.9615303326810       5.830293639735455E-002 -0.136688258613799     
   20.0202348336595       9.187176652543622E-003 -7.256196779701464E-002
   20.0789393346380       3.610395467580338E-003  3.539460604926582E-002
   20.1376438356164       2.744284506101984E-002  0.114698882066243     
   20.1963483365949       7.673639139456752E-002  0.127960794381755     
   20.2550528375734       7.383102184609271E-002  0.106867754859309     
   20.3137573385519       5.043258941799339E-002  0.100643926688111     
   20.3724618395303       1.365253172983790E-002  6.426382934796523E-002
   20.4311663405088      -1.071373306013220E-002  8.977586747258373E-002
   20.4898708414873      -5.277083357770140E-003  5.774196698843430E-002
   20.5485753424658      -6.701219906189555E-002  2.133510786932272E-002
   20.6072798434442      -6.339342554802305E-002  1.330417768662755E-002
   20.6659843444227      -2.455233373871881E-002 -4.244269869270294E-002
   20.7246888454012       3.962320147931860E-002 -7.524231537255087E-003
   20.7833933463796       0.122346851977518      -5.680946722336586E-002
   20.8420978473581       7.150901420388499E-002 -4.048929952674607E-002
   20.9008023483366       4.195758477993859E-002  7.173923299924408E-002
   20.9595068493151       3.206708450524712E-002  7.155570977208629E-002
   21.0182113502935      -8.143699863456002E-003  4.028413438288304E-002
   21.0769158512720      -6.370313814798472E-003  3.177508395802338E-002
   21.1356203522505      -3.114960543512042E-002 -5.075385630472303E-002
   21.1943248532290      -7.957399294398784E-002 -8.212703689618539E-002
   21.2530293542074      -7.748160335469534E-002 -1.433661265165946E-002
   21.3117338551859      -8.303701017669154E-002 -3.484634186214379E-003
   21.3704383561644      -8.063138475375393E-002  1.347654581265984E-003
   21.4291428571429      -6.396169808328632E-002  2.016029660371937E-002
   21.4878473581213      -6.550832228189535E-002  1.355002335739797E-002
   21.5465518590998      -5.382610149010809E-002 -3.012676223060530E-002
   21.6052563600783      -6.510772695924989E-002  1.295088032487931E-002
   21.6639608610568       7.021394619655577E-003  8.041238193030618E-002
   21.7226653620352       7.265865491981503E-002  5.141648940015717E-003
   21.7813698630137       4.846568857055526E-002  2.300053001702744E-002
   21.8400743639922       2.775928299028620E-002  6.715934200196958E-003
   21.8987788649706      -5.007007889398611E-004 -7.747851126641707E-002
   21.9574833659491      -4.148762295790166E-002 -4.082087942068509E-002
   22.0161878669276      -3.919060095883378E-002  6.901630706232285E-002
   22.0748923679061       3.563101872107056E-002  0.101001670172385     
   22.1335968688845       6.037498045627678E-002  4.992879008967181E-002
   22.1923013698630       3.675796195566597E-002  0.102900118560576     
   22.2510058708415      -1.668064156888400E-002  0.107450457886867     
   22.3097103718200      -2.478453091909430E-002  7.123397206519025E-002
   22.3684148727984      -0.104488672091920       6.691438407910914E-002
   22.4271193737769      -8.192892512388375E-002  8.624621329263935E-002
   22.4858238747554      -2.314517035193669E-002  3.571163755857366E-002
   22.5445283757339      -5.531808175860168E-003  2.119284399969584E-002
   22.6032328767123       2.163680500787793E-003  4.542553159432528E-002
   22.6619373776908       3.486193290287557E-002  4.574423963084671E-002
   22.7206418786693       6.197238563548829E-002 -1.037744003022604E-003
   22.7793463796478      -1.450175549579434E-002 -2.361356475604900E-002
   22.8380508806262      -4.041926347903425E-002  3.611238375029156E-002
   22.8967553816047       4.735423585658854E-002 -1.655790666385101E-002
   22.9554598825832       6.394886666332611E-002 -3.064463340796773E-003
   23.0141643835616       8.473581493402364E-002  3.850981820836966E-003
   23.0728688845401       4.742915625964866E-002  2.807793534988454E-002
   23.1315733855186      -2.199977953779716E-002  7.456219143169204E-002
   23.1902778864971      -0.113367690023394       1.669780977234325E-002
   23.2489823874755      -8.768550686656215E-002  4.759549051616865E-002
   23.3076868884540       1.872608030287813E-004  1.869974000958630E-002
   23.3663913894325      -2.294081279652780E-002 -9.034937296310594E-003
   23.4250958904110      -2.954698830241661E-002  2.280536769171658E-002
   23.4838003913894      -4.477403075483085E-002  5.377793429835468E-002
   23.5425048923679       2.669039629385275E-002  2.022707203664413E-002
   23.6012093933464       4.290181750433827E-002 -5.338855550713610E-002
   23.6599138943249      -1.095090220765225E-003 -5.373917525069201E-002
   23.7186183953033      -5.637512153334720E-002 -3.119487931939625E-002
   23.7773228962818      -0.118681532898223      -5.031466871869764E-002
   23.8360273972603      -0.120224939456519      -1.749965115727119E-002
   23.8947318982387      -5.278613245738131E-002 -3.032348421193037E-002
   23.9534363992172       3.495882640855902E-003 -7.311723447719684E-002
   24.0121409001957      -9.607595740495550E-003 -4.824594453967868E-002
   24.0708454011742      -4.739571121928605E-002  1.542157771921886E-002
   24.1295499021526       1.165208556842040E-002  7.408957758700863E-002
   24.1882544031311       3.715599221694636E-002  8.016168761721985E-002
   24.2469589041096       4.383627869891001E-003  6.241710473884520E-002
   24.3056634050881      -1.179435717737249E-002  1.884095055400848E-002
   24.3643679060665      -2.446750626308275E-002 -3.168877337044650E-002
   24.4230724070450      -2.331650170700084E-002 -7.565547136023074E-003
   24.4817769080235       1.776208674302258E-003  1.813194200548745E-002
   24.5404814090020       5.511772587072138E-002  9.689644981345058E-002
   24.5991859099804       3.661874606828642E-003  9.366172991098583E-002
   24.6578904109589      -5.294891720732170E-002  0.104154186186346     
   24.7165949119374      -9.883953472093969E-002  9.529080787502411E-002
   24.7752994129159      -9.993233716688595E-002  9.640558185550915E-002
   24.8340039138943      -0.100387716209665       7.950964924214340E-002
   24.8927084148728      -4.728826109119405E-002  9.334304087431206E-002
   24.9514129158513      -3.745433530134277E-002  5.822004822900165E-002
   25.0101174168297      -3.426753337551534E-002  2.959324953856605E-002
   25.0688219178082      -6.460569773383452E-002 -4.392617877045003E-002
   25.1275264187867      -0.114359893188757      -6.875063821057445E-002
   25.1862309197652      -0.151437895400909       1.860761590569366E-002
   25.2449354207436      -0.111978542529495       7.147167400817903E-002
   25.3036399217221      -5.522076486647635E-002  6.148179847995743E-002
   25.3623444227006      -2.946846113193939E-002  3.350172685844824E-003
   25.4210489236791       3.662780563834403E-002  5.008033228164233E-002
   25.4797534246575       4.750044308490139E-002  6.750429717174503E-002
   25.5384579256360       5.638050100554005E-002  7.952501842666640E-002
   25.5971624266145       4.466824690796553E-002  4.387073931474417E-002
   25.6558669275930       1.237143870646445E-002 -7.600415957300356E-003
   25.7145714285714      -3.116382207404407E-002 -6.550118577422523E-002
   25.7732759295499       5.652417108997863E-004 -1.386807042848635E-002
   25.8319804305284      -3.772270289207573E-002 -1.927039292344907E-002
   25.8906849315069      -6.039804977538179E-002  1.361177582734571E-002
   25.9493894324853      -3.858701507932896E-002  7.160491944090830E-002
   26.0080939334638      -1.693733139129592E-002  8.277403494040551E-002
   26.0667984344423      -5.444920092533129E-002  2.351164757421018E-002
   26.1255029354207      -0.102030303409397       6.412698480301876E-002
   26.1842074363992      -0.107520884470238       0.106914042214087     
   26.2429119373777      -0.100141447215228       0.167472282410684     
   26.3016164383562      -5.523045064206341E-002  0.207476404867163     
   26.3603209393346      -3.653615102900495E-002  0.191334036282798     
   26.4190254403131      -1.911991130577863E-002  0.133939064997391     
   26.4777299412916       3.800375411391303E-002  1.615314341508460E-003
   26.5364344422701       3.787569235904907E-002 -5.871606788036818E-002
   26.5951389432485       1.993570365336299E-002 -3.029901650570091E-002
   26.6538434442270       2.659135557914260E-002  1.401080745973145E-002
   26.7125479452055       4.197504975238715E-002  6.194424178422751E-002
   26.7712524461840       4.572437141991914E-002 -1.191394622453853E-002
   26.8299569471624       1.360914659013022E-002 -0.109581660477737     
   26.8886614481409       2.519234366704082E-003 -0.184432212897574     
   26.9473659491194      -2.842182932791445E-003 -0.166113037536432     
   27.0060704500978      -1.586243585789963E-003 -0.105583597141136     
   27.0647749510763      -4.094228211042628E-002 -0.116881796326976     
   27.1234794520548      -6.063603830558614E-002 -7.051960309617897E-002
   27.1821839530333      -4.212926986032657E-002  2.010409500421014E-002
   27.2408884540117       5.901678934731480E-003  9.548301082552657E-002
   27.2995929549902       8.100748660467266E-003  4.890939691109091E-002
   27.3582974559687      -7.994568705533062E-002  7.487565069451770E-002
   27.4170019569472      -0.119692731868428       8.986715457177157E-002
   27.4757064579256      -9.284956457191165E-002  9.978786788216290E-002
   27.5344109589041      -5.671278713101501E-002  8.244917491047174E-002
   27.5931154598826      -1.276115595679771E-003 -2.347417905544826E-002
   27.6518199608611       4.476401067493192E-002 -2.224629944537768E-002
   27.7105244618395       8.185519510894182E-002 -6.350133574212469E-002
   27.7692289628180       0.114758782771686       3.855915530331905E-003
   27.8279334637965       7.790717328625130E-002 -2.145596296876206E-002
   27.8866379647750       3.186137566928524E-003 -5.923039807527954E-002
   27.9453424657534      -7.666181584805652E-002 -7.664340850517261E-002
   28.0040469667319      -3.806172225513919E-002 -2.039231262159410E-002
   28.0627514677104      -3.268311974463639E-002 -2.681944435811295E-002
   28.1214559686888      -2.951581009264655E-002 -8.793581817690446E-002
   28.1801604696673      -4.312329715838226E-002 -5.330975609906261E-002
   28.2388649706458      -8.552937493927998E-002 -8.677442981919632E-002
   28.2975694716243      -8.989636983654693E-002 -6.443306226606106E-002
   28.3562739726027      -8.920075835992887E-002 -4.670763999598761E-002
   28.4149784735812      -7.059469934967504E-002 -4.370081438912542E-002
   28.4736829745597      -6.982524474551999E-002 -3.411048190256388E-002
   28.5323874755382      -7.772529121799981E-002  4.381077892467729E-002
   28.5910919765166      -1.893246791729031E-002  9.074091916206402E-002
   28.6497964774951      -1.715721216284938E-002  4.855020767144972E-002
   28.7085009784736       4.499910016668821E-002  6.055982149104891E-003
   28.7672054794521       8.873428923624761E-002 -8.287738291432967E-002
   28.8259099804305       6.459831204456815E-002 -6.014070301090526E-002
   28.8846144814090       5.555928643940842E-002 -5.269937237254685E-002
   28.9433189823875       4.420978638656156E-003 -6.264796653445158E-002
   29.0020234833659       2.320777452167985E-002 -0.117402102920398     
   29.0607279843444      -1.244382004768157E-002 -5.390077834391620E-002
   29.1194324853229       7.306432625186055E-002 -9.269087704594250E-003
   29.1781369863014       6.857151376562308E-002  2.545221546665932E-002
   29.2368414872798       4.749278647615048E-003  8.067259729817826E-002
   29.2955459882583      -1.483803693046048E-002  6.915997162266876E-002
   29.3542504892368      -4.987488335569835E-002  0.101098173334836     
   29.4129549902153      -2.318184815208710E-002  9.035923785348418E-002
   29.4716594911937      -1.000669777155692E-002  5.906767576334464E-002
   29.5303639921722       3.266870061987052E-002  1.597545496840929E-002
   29.5890684931507      -9.080807159105264E-002  6.637966044886853E-002
   29.6477729941292      -0.138082304906014       1.766670483811240E-002
   29.7064774951076      -0.123343619609115      -3.859869474546011E-002
   29.7651819960861      -0.154908735802515      -2.831534611433273E-002
   29.8238864970646      -9.665198511978261E-002  4.565874648067913E-002
   29.8825909980431      -9.244234798630703E-002  6.203890200569441E-002
   29.9412954990215      -0.112797782747208       5.505340601779671E-002
   30.0000000000000      -7.389936746733500E-002  3.927457849404314E-003
