  2.000000000000000E-003 -8.019645897227362E-003 -1.412068300270649E-003
  6.070450097847359E-002  4.801207789523592E-003  4.791473390861653E-005
  0.119409001956947       6.002657463357100E-003  8.748540196262125E-003
  0.178113502935421      -8.087462384449063E-003 -5.150860574663452E-003
  0.236818003913894      -2.123448087660605E-003 -7.125851417060900E-003
  0.295522504892368      -2.729690455212901E-003 -1.731400469459953E-002
  0.354227005870842       2.360911788877803E-003  4.879244907360067E-003
  0.412931506849315      -2.223511759899577E-002 -2.617556879946803E-003
  0.471636007827789      -1.729688114971452E-002 -1.709837019859470E-003
  0.530340508806262      -2.260291189005155E-004 -2.861458603004398E-003
  0.589045009784736      -7.758916863571686E-004 -1.988156036672913E-002
  0.647749510763209      -9.259852059275656E-003 -5.712329273722889E-002
  0.706454011741683      -7.275519620654590E-003 -5.515258941064533E-002
  0.765158512720157      -9.428719247315299E-003 -5.951816403075086E-003
  0.823863013698630      -1.591999882939639E-002  3.996107483529004E-002
  0.882567514677104       1.234641103615099E-002  5.617790170060857E-002
  0.941272015655577       3.220214085276246E-002  4.670762284905332E-002
  0.999976516634051       7.563626431966784E-002 -6.382603464546468E-003
   1.05868101761252       6.841448036757626E-002  2.277357126981441E-003
   1.11738551859100       5.280880320363696E-002  1.409488131048742E-002
   1.17609001956947       6.646014515192597E-003  8.924339601229624E-002
   1.23479452054795      -6.092298526471734E-002  0.134348942735741     
   1.29349902152642      -0.164547594990164       9.574948510159079E-002
   1.35220352250489      -0.246219029947228       9.090840383730561E-003
   1.41090802348337      -0.277000842566275      -5.931689436509479E-002
   1.46961252446184      -0.276787113855699      -7.647990563595689E-002
   1.52831702544031      -0.220872957384236      -9.236121341509483E-002
   1.58702152641879      -0.198421640104600      -0.112820855553891     
   1.64572602739726      -0.144148139903280      -0.169263723063928     
   1.70443052837573      -0.102661448407414      -0.222582388315543     
   1.76313502935421      -3.788550130076402E-002 -0.283525464291678     
   1.82183953033268       3.795344074101831E-002 -0.267967802502871     
   1.88054403131115       0.100244349544332      -0.275472578631180     
   1.93924853228963       9.919422313140171E-002 -0.273387323091942     
   1.99795303326810       3.197982933643873E-002 -0.367686444544146     
   2.05665753424658      -4.192475583910450E-002 -0.449185936753214     
   2.11536203522505      -0.185407962331507      -0.490245758047287     
   2.17406653620352      -0.272748494229344      -0.595466858592493     
   2.23277103718200      -0.319443443866239      -0.730101029987483     
   2.29147553816047      -0.342131535014711      -0.815634450864468     
   2.35018003913894      -0.408812170554416      -0.782059023330026     
   2.40888454011742      -0.513838915705586      -0.735163174683711     
   2.46758904109589      -0.511639489658874      -0.624540440276582     
   2.52629354207436      -0.438106670450939      -0.400790480799915     
   2.58499804305284      -0.399914906030414      -0.206716315129809     
   2.64370254403131      -0.386933487275295      -4.797516011809837E-002
   2.70240704500978      -0.428988129266921       8.966296388105492E-002
   2.76111154598826      -0.452361277411559       0.184897271565696     
   2.81981604696673      -0.472099012713934       0.269193597439669     
   2.87852054794521      -0.461542909645602       0.313655790379172     
   2.93722504892368      -0.405241801567734       0.295695740949529     
   2.99592954990215      -0.360969535105631       0.246021493176150     
   3.05463405088063      -0.289115471576746       0.205430239119657     
   3.11333855185910      -0.263806697840497       0.218106147231692     
   3.17204305283757      -0.236738823107305       0.157260529092094     
   3.23074755381605      -0.170450667102987       1.645577122130967E-002
   3.28945205479452      -5.453438414633707E-002 -6.983845521578196E-002
   3.34815655577299       3.968061335037005E-002 -0.122841628460594     
   3.40686105675147       7.337419020794714E-002 -0.156586906655921     
   3.46556555772994       9.315753322323773E-002 -0.164915302445542     
   3.52427005870842       0.116434658253410      -0.164973622952787     
   3.58297455968689       3.814378274655329E-002 -0.125086854067321     
   3.64167906066536      -2.091647874865262E-002 -0.120245551845379     
   3.70038356164384      -2.512677990156939E-002 -9.738707582416573E-002
   3.75908806262231       1.018508024749482E-004 -0.105775370281285     
   3.81779256360078       5.070416370851002E-002 -6.405806879959672E-002
   3.87649706457926       4.072659130566803E-002 -1.251067391994059E-002
   3.93520156555773      -6.008448533603255E-002  1.025262103493505E-002
   3.99390606653620      -9.992830974551027E-002  2.916099883992909E-002
   4.05261056751468      -0.129550514676375       1.158510078064102E-002
   4.11131506849315      -0.131217666371801      -2.219996975911156E-002
   4.17001956947162      -0.143102496202622      -3.677839411564655E-002
   4.22872407045010      -0.117352149075075      -7.303561859518976E-002
   4.28742857142857      -4.950030019780670E-002 -6.487291229154182E-002
   4.34613307240704       1.909188415842755E-002 -2.697564290285955E-002
   4.40483757338552      -1.861082173324557E-002 -3.142326667572392E-002
   4.46354207436399      -3.043149782590026E-002 -9.249213036277205E-002
   4.52224657534247      -3.453880544611915E-002 -0.132311269171389     
   4.58095107632094      -2.834795058651013E-002 -0.121979414869197     
   4.63965557729941      -2.707691681351623E-002 -9.706291869942917E-002
   4.69836007827789      -2.223383929786131E-002 -0.100863668782774     
   4.75706457925636      -1.404673172691871E-002 -0.119683916080960     
   4.81576908023483       1.521455249159083E-002 -0.104062991653582     
   4.87447358121331       3.232159525464559E-002 -9.828484216432952E-002
   4.93317808219178       6.040011112082792E-003 -6.784549517035204E-002
   4.99188258317025       1.079304857703948E-002 -9.651137336643563E-002
   5.05058708414873       5.687763939901408E-002 -7.158714568402995E-002
   5.10929158512720       6.371887711841004E-002 -4.071911495929385E-002
   5.16799608610568       3.047221865582381E-002 -2.147151079247768E-002
   5.22670058708415       5.479712776805804E-002 -5.638632676470694E-002
   5.28540508806262       5.954972754120193E-002 -5.364540390214521E-002
   5.34410958904110       6.585752889610796E-002 -7.484929476142554E-002
   5.40281409001957       5.483247250607165E-002 -4.866575926808037E-002
   5.46151859099804       5.033841781612830E-002  3.853425476739097E-003
   5.52022309197652       2.780926972366111E-002  7.000859055077352E-002
   5.57892759295499      -2.261457395659636E-002  0.141413831515215     
   5.63763209393346      -5.013849221706428E-002  0.160376306915689     
   5.69633659491194      -8.869541070675185E-002  0.117941488966126     
   5.75504109589041      -0.138353872134640       5.140675333673445E-002
   5.81374559686888      -0.166254358374235       2.908250731333931E-002
   5.87245009784736      -0.213496566616563       1.398096382020665E-002
   5.93115459882583      -0.222836178741068       2.247721641657651E-002
   5.98985909980431      -0.142852137170892       1.669940407802070E-002
   6.04856360078278      -5.248392536300647E-002  5.613903845163747E-002
   6.10726810176125      -1.565499836224936E-002  3.615741060512390E-002
   6.16597260273973       2.082243868987724E-002 -2.074394445954319E-002
   6.22467710371820       8.845716948869467E-002 -6.806122154225477E-002
   6.28338160469667       0.103110849335924      -2.666074669171306E-002
   6.34208610567515       0.126679005977599       1.173803961640169E-002
   6.40079060665362       0.131673382830805       4.027985746316109E-002
   6.45949510763209       0.190806398390840       8.921260068759498E-002
   6.51819960861057       0.200760451138005       0.106109807216635     
   6.57690410958904       0.165393978852766       9.568727793180810E-002
   6.63560861056752       7.280555957009778E-002  7.865191486191678E-002
   6.69431311154599      -1.819973520396688E-003  0.105722865100977     
   6.75301761252446      -9.407364596536960E-002  0.136310925288755     
   6.81172211350294      -9.151999615567530E-002  0.137433735477343     
   6.87042661448141      -6.268655811505520E-002  0.132008119134587     
   6.92913111545988      -2.949524426412997E-003  8.431197343529266E-002
   6.98783561643836       2.330697524667666E-002 -1.211750847867511E-002
   7.04654011741683       3.702946609909848E-002 -5.072769662044026E-002
   7.10524461839530       9.291010527630524E-002 -3.944865964002864E-002
   7.16394911937378       9.967310128509513E-002 -4.662997502436354E-002
   7.22265362035225       0.102828239537456      -1.286453674646212E-002
   7.28135812133072       5.511493306798901E-002  4.288612797447714E-002
   7.34006262230920      -2.615147682870432E-003  1.112803322440012E-002
   7.39876712328767      -9.525426539222736E-003 -1.563685156474553E-002
   7.45747162426615      -7.515896687545799E-003 -3.548115910449884E-002
   7.51617612524462      -2.840636913968008E-002 -4.649096132751984E-002
   7.57488062622309      -2.915771195609889E-002 -5.902740176341827E-002
   7.63358512720157      -4.389445312229892E-003 -4.144810459463300E-002
   7.69228962818004      -3.077265988902399E-002 -3.403343951138674E-002
   7.75099412915851      -5.350378395983058E-002 -6.176085492455007E-002
   7.80969863013699      -1.399663482861804E-002 -5.238046538278336E-002
   7.86840313111546       4.687715461868133E-003 -9.320938225316883E-002
   7.92710763209393       3.890663179768906E-002 -8.915529012365811E-002
   7.98581213307241       1.866292416893049E-002 -0.129934001593635     
   8.04451663405088       2.260734407389465E-002 -0.112411502305114     
   8.10322113502936       4.240947180790408E-002 -3.582224196828523E-002
   8.16192563600783       7.431692329644268E-002  6.369142281103141E-002
   8.22063013698630       7.724922940154839E-002  0.135554289474981     
   8.27933463796478       0.117471563910481       0.184211623443028     
   8.33803913894325       4.299980263884418E-002  0.208836461390577     
   8.39674363992172      -1.349530485271951E-002  0.186932402637233     
   8.45544814090020      -5.913451928430692E-002  0.123368487146125     
   8.51415264187867      -6.973079630100810E-002  7.651002256667169E-002
   8.57285714285714      -1.817247792290434E-002  1.698210274098695E-002
   8.63156164383562       3.674146514152543E-002 -6.226120777425950E-002
   8.69026614481409       0.104137951859007      -5.793419264263173E-002
   8.74897064579256       9.772061113731481E-002  5.355204366741181E-005
   8.80767514677104       7.268889529549508E-002  3.324444084418273E-002
   8.86637964774951       9.654970574920815E-003  7.713208371713998E-002
   8.92508414872799      -5.967623247668445E-002  3.280064339382751E-002
   8.98378864970646      -8.216807768971955E-002 -4.744530135392811E-002
   9.04249315068493      -5.750046730456475E-002 -0.104129172585488     
   9.10119765166341      -3.599760657182013E-002 -0.125625819939838     
   9.15990215264188      -1.736369868169677E-002 -0.119188098450258     
   9.21860665362035       1.003100867983941E-002 -0.127859441469707     
   9.27731115459883       9.836860292676344E-003 -9.323357890793788E-002
   9.33601565557730      -3.013747936539343E-002 -7.834930266426926E-002
   9.39472015655577      -1.585005256532088E-003 -6.755654674515793E-002
   9.45342465753425      -6.021299715784793E-002 -1.010658610792508E-002
   9.51212915851272      -0.111865119852828      -4.430095709938313E-002
   9.57083365949119      -0.115489728144954      -4.008103404062545E-002
   9.62953816046967      -6.994817993620810E-002 -6.741365653010579E-002
   9.68824266144814       4.103546021230749E-003 -2.779769327802203E-002
   9.74694716242662       2.148108791805187E-002  3.442645159625971E-002
   9.80565166340509      -1.699389512026763E-002  1.346699834595099E-002
   9.86435616438356      -3.763282257527838E-002  2.645375079591786E-002
   9.92306066536204      -7.681550456209478E-002 -2.803747516379172E-002
   9.98176516634051      -4.438660140781241E-002 -4.018684706602489E-002
   10.0404696673190      -1.372994451374361E-002  6.761182733791751E-004
   10.0991741682975      -3.005302888409174E-002  6.639121675157904E-003
   10.1578786692759       1.089780837003294E-002  3.344751624412492E-002
   10.2165831702544       3.194991595482662E-002  1.317244616447790E-002
   10.2752876712329       9.194594517699563E-002 -5.298989429512750E-002
   10.3339921722114       0.182825634878360      -7.008807190023185E-002
   10.3926966731898       0.175162194544641      -0.120604556596676     
   10.4514011741683       0.122775856035667      -0.162806171911013     
   10.5101056751468       7.576948835469662E-002 -0.199807454952028     
   10.5688101761252       9.391715333779874E-003 -0.229245780192071     
   10.6275146771037       3.693455077620214E-003 -0.198645540839619     
   10.6862191780822      -3.317258953792625E-002 -0.148752021288479     
   10.7449236790607      -3.766830507235087E-002 -0.125046541762217     
   10.8036281800391      -1.238668245253709E-002 -7.373646995454283E-002
   10.8623326810176      -1.523543431198433E-002 -5.351359377115010E-002
   10.9210371819961      -1.514503917960543E-002 -5.058497607975766E-002
   10.9797416829746      -2.414954692033050E-002  7.278599495196998E-004
   11.0384461839530      -6.036452931719683E-002  4.167547598683194E-004
   11.0971506849315      -6.075306929235185E-002  6.728976907051931E-004
   11.1558551859100      -4.220392073452325E-002  1.609463222487335E-002
   11.2145596868885      -2.026774569748725E-002  3.801229790973041E-002
   11.2732641878669       4.518792317553451E-003  4.133298941300671E-002
   11.3319686888454       2.309867116408267E-002 -2.696889762596869E-003
   11.3906731898239       1.764155793449145E-002  5.968638993422357E-003
   11.4493776908024       1.071548386483338E-002 -3.539960136353124E-002
   11.5080821917808      -8.091417447857380E-003 -7.006915968566146E-002
   11.5667866927593       9.549357945068351E-003 -4.031802468092074E-002
   11.6254911937378       6.144783109917052E-003  2.201945564703564E-002
   11.6841956947162      -5.916146154558137E-002  6.498981706328542E-002
   11.7429001956947      -6.664974568615814E-002  6.920622918635538E-002
   11.8016046966732      -9.115842696969517E-002  7.070289667229200E-002
   11.8603091976517      -7.345179695078194E-002  1.982989457400303E-003
   11.9190136986301      -4.644471008846726E-003 -2.325523960293879E-002
   11.9777181996086       2.654789458162008E-002  4.147396235889971E-002
   12.0364227005871       1.123767333366831E-002  5.790897005991921E-002
   12.0951272015656       3.517975768971819E-003  0.102489413139949     
   12.1538317025440      -2.044898750058420E-002  0.148297500598165     
   12.2125362035225       9.621453327301951E-004  0.164658110840501     
   12.2712407045010       2.120509581199029E-003  0.185860916517910     
   12.3299452054795       4.379713968100476E-002  0.162033398944402     
   12.3886497064579       8.863644202025703E-002  7.836949789436731E-002
   12.4473542074364       7.966718917441069E-002  7.796387449589899E-002
   12.5060587084149       8.155622726829498E-002  5.229375640276235E-002
   12.5647632093933       4.849543483532254E-002  6.270703518283385E-002
   12.6234677103718      -4.863074151926479E-003  5.873846445724459E-003
   12.6821722113503       2.766202753326408E-002  2.879035734295054E-003
   12.7408767123288       1.662251153923067E-002  1.492199636539665E-002
   12.7995812133072       2.177651574916021E-002  2.227569555205234E-002
   12.8582857142857       3.291987251080013E-002 -1.528056681295402E-002
   12.9169902152642      -9.892984534525338E-003 -2.184532887602046E-002
   12.9756947162427       7.180422206969829E-003 -2.584362736557225E-002
   13.0343992172211       4.142088988357343E-003  2.320027412841200E-003
   13.0931037181996      -2.204375561113599E-002 -3.484838478738069E-002
   13.1518082191781      -3.814254813462840E-002 -5.647276914607754E-002
   13.2105127201566      -5.115753251606860E-002 -0.103868006592738     
   13.2692172211350      -5.185867910253703E-002 -9.137503877487249E-002
   13.3279217221135      -7.365876106884725E-002 -6.374466401139089E-002
   13.3866262230920      -5.956950027384357E-002 -6.254898292097019E-002
   13.4453307240705      -9.067041055525633E-002 -3.847077474685896E-002
   13.5040352250489      -4.850969930997258E-002 -3.304270146755619E-002
   13.5627397260274      -1.213957063088621E-002 -6.370816882522430E-002
   13.6214442270059       8.586187121136780E-003 -1.830485773571499E-002
   13.6801487279843       1.103298721656166E-002 -6.717835243345623E-003
   13.7388532289628      -1.136667649556476E-004  2.815512126777160E-002
   13.7975577299413      -4.937382475709205E-003 -1.942826613831037E-002
   13.8562622309198       3.633035860252849E-002 -4.108593291797221E-002
   13.9149667318982       7.107529386405470E-002 -4.661679644603833E-002
   13.9736712328767       8.069254417836819E-002 -8.569521008096274E-003
   14.0323757338552       0.105188595299482      -8.509196592123472E-003
   14.0910802348337       6.908301977763670E-002  1.778658138700602E-002
   14.1497847358121       6.925738129483856E-002  1.698855085727103E-002
   14.2084892367906       4.313772499270177E-002 -7.090701994265970E-003
   14.2671937377691       2.815220726862993E-002  8.407076488077314E-003
   14.3258982387476       5.087989559358845E-002 -2.104714331308367E-002
   14.3846027397260       6.985690686253472E-002  1.733246196681790E-003
   14.4433072407045       5.818480324936588E-002  4.359811862505402E-002
   14.5020117416830       4.955943749187890E-005  4.553174550574123E-002
   14.5607162426614      -2.492816823935538E-002  3.716491953690725E-002
   14.6194207436399      -6.260577074726087E-002  1.300525105892752E-002
   14.6781252446184      -5.945508455467284E-002 -4.462579653188481E-002
   14.7368297455969      -6.905710677443221E-002 -2.026020624407925E-002
   14.7955342465753      -8.522721968781677E-002  4.023429138878140E-003
   14.8542387475538      -5.482557514478109E-002  7.513468747922208E-002
   14.9129432485323      -2.570393198594169E-002  0.124146037729346     
   14.9716477495108       9.529661480790763E-003  0.139793007467805     
   15.0303522504892       1.276863876597978E-003  9.215932576656384E-002
   15.0890567514677       4.573413230603662E-002  6.482029808779877E-003
   15.1477612524462       6.177602544577303E-002 -8.149512759451386E-002
   15.2064657534247       6.593204872903068E-002 -0.121810041512241     
   15.2651702544031      -2.785847090994262E-003 -9.912782945132399E-002
   15.3238747553816      -0.107820581778973      -7.378448725249015E-002
   15.3825792563601      -0.194410597699188      -9.567991804505784E-002
   15.4412837573386      -0.189430963476929      -9.222553674534464E-002
   15.4999882583170      -0.167665743703724      -4.963835356007978E-002
   15.5586927592955      -0.104961354676452       3.841650033613357E-002
   15.6173972602740      -4.538982467390418E-002  6.317373960483789E-002
   15.6761017612524       1.439605401118912E-002  3.465458149766354E-002
   15.7348062622309       6.429460869850262E-002  2.057472725838308E-002
   15.7935107632094       0.102893708725051       3.016628996835108E-002
   15.8522152641879       8.958613983030489E-002  5.942683696192085E-002
   15.9109197651663       1.817790855051042E-002  4.436758421001449E-002
   15.9696242661448      -5.649880795712618E-002 -6.160805971107422E-003
   16.0283287671233      -8.884086756468608E-002 -7.575481949644802E-002
   16.0870332681018      -6.046153618684764E-002 -8.922547944066411E-002
   16.1457377690802      -4.826069441166860E-002 -8.210570845902736E-002
   16.2044422700587      -7.071623265188046E-002 -4.137489997208305E-002
   16.2631467710372      -0.114512523592268       2.160291515871295E-002
   16.3218512720157      -0.116950797391104       1.830501328048638E-002
   16.3805557729941      -9.078890374099848E-002  5.401034139358671E-002
   16.4392602739726      -9.308621246056460E-002  9.829242366833377E-002
   16.4979647749511      -0.112438066013256       0.111472828377333     
   16.5566692759296      -0.153965801218860       5.758664890498173E-002
   16.6153737769080      -9.394920014085789E-002  1.483257447438296E-002
   16.6740782778865      -1.187136724565292E-002 -3.912162180549243E-002
   16.7327827788650       1.020234489003547E-002 -4.962541255855915E-002
   16.7914872798434      -2.543714913032726E-002 -2.444710749648540E-003
   16.8501917808219      -3.170720003547740E-002  2.097306057030563E-002
   16.9088962818004       1.518450665870905E-002  4.356855631307492E-002
   16.9676007827789       7.500363524751978E-003  5.165213680916613E-002
   17.0263052837573      -3.634797315509277E-002  8.728044189547446E-002
   17.0850097847358      -4.844457292866339E-002  0.104491591369996     
   17.1437142857143      -3.433668763563030E-002  8.578177451479407E-002
   17.2024187866928       3.317913580068457E-002  6.935124572202821E-002
   17.2611232876712       8.714456640704948E-002  4.677516943226424E-002
   17.3198277886497       9.419846104194457E-002  2.897184460554588E-002
   17.3785322896282       7.911954767534510E-002  4.058301426518635E-002
   17.4372367906067       1.807430252204770E-003  1.132313405917466E-002
   17.4959412915851      -2.642766179635833E-002  1.738572386930176E-003
   17.5546457925636      -4.388593782086747E-002  5.322882259157988E-004
   17.6133502935421      -2.492442944004131E-002  8.382101797480033E-003
   17.6720547945205       1.287582487176546E-002 -2.829489353344336E-002
   17.7307592954990       8.055621789770158E-003  4.760278103552756E-003
   17.7894637964775       1.191018413799939E-002  6.659093656745307E-002
   17.8481682974560      -1.494310081420248E-002  7.686781036680240E-002
   17.9068727984344      -3.195608721716182E-003  5.197843733960703E-002
   17.9655772994129       3.767285787826736E-002  5.356377355502798E-002
   18.0242818003914       6.335132074905239E-002 -7.123093945359040E-003
   18.0829863013699      -3.288114801652302E-003 -9.607418268589468E-003
   18.1416908023483      -7.950820638176100E-003  3.315151233148540E-002
   18.2003953033268       1.276826466723578E-003  5.082393717604271E-002
   18.2590998043053       2.102301515373110E-002  6.958001201209144E-002
   18.3178043052838       4.012318507678754E-002  2.871744822610773E-002
   18.3765088062622       2.504049279842704E-002 -4.625629677484757E-002
   18.4352133072407      -1.863156569671397E-002 -3.043191837666731E-002
   18.4939178082192       1.374000544094284E-003 -4.137198825113611E-002
   18.5526223091977      -3.483375834758452E-002 -3.831921388358279E-002
   18.6113268101761      -3.546116845444260E-002 -3.258142422465506E-002
   18.6700313111546      -4.833630264221814E-002 -2.396556935447408E-002
   18.7287358121331      -9.066354751717362E-002 -4.079118438643496E-003
   18.7874403131115      -8.694619557959316E-002  5.317703392404959E-003
   18.8461448140900      -4.272598558208197E-002 -2.023817662131791E-002
   18.9048493150685      -5.944632825965713E-002 -3.529055281064150E-002
   18.9635538160470      -4.533392690561608E-002 -2.732688478992379E-002
   19.0222583170254      -1.582521496650598E-002 -6.590381917501904E-002
   19.0809628180039       1.577671419790530E-002 -0.102610598209493     
   19.1396673189824       7.135012203485676E-002 -0.145801027154842     
   19.1983718199609       8.302501836464639E-002 -0.171146682671829     
   19.2570763209393       6.872171509740942E-002 -0.160617205887074     
   19.3157808219178       5.582666181568426E-002 -9.255985661300611E-002
   19.3744853228963       3.975393809462834E-002  2.271156351997135E-002
   19.4331898238748       6.628556968488880E-003  5.685650910322310E-002
   19.4918943248532      -1.604900699192775E-002  7.817613761152867E-002
   19.5505988258317      -8.278358827902869E-002  6.508262036981338E-002
   19.6093033268102      -0.148462280385820       0.104152078493722     
   19.6680078277886      -0.156312173735471       0.118621816232408     
   19.7267123287671      -9.504374233797874E-002  0.139779531736679     
   19.7854168297456      -1.271840213435553E-002  0.139146537105992     
   19.8441213307241       1.830234518833270E-002  4.926068506396212E-002
   19.9028258317025      -1.284098953598086E-002  2.001211311072056E-002
   19.9615303326810      -4.699729402814547E-002  8.015870167482977E-002
   20.0202348336595      -1.675761193691635E-002  0.121221774819693     
   20.0789393346380      -4.773675923325673E-002  0.131668031286167     
   20.1376438356164      -3.482879514225113E-002  0.102192219394047     
   20.1963483365949      -6.680470061214375E-002  3.359387718917707E-002
   20.2550528375734      -3.463417248468773E-002  4.207212854283301E-002
   20.3137573385519       6.426871144329776E-003  2.782334185293111E-002
   20.3724618395303       2.801033205233781E-002 -1.304190652770122E-002
   20.4311663405088      -1.264913914515687E-003 -5.548546609800015E-002
   20.4898708414873       9.833996594798533E-003 -2.742207659735839E-002
   20.5485753424658       5.748376291922647E-002 -3.301918147152554E-002
   20.6072798434442       9.195400061106973E-002 -9.401598497689326E-002
   20.6659843444227       7.082387990769246E-002 -3.797376812589486E-002
   20.7246888454012       2.751130838520638E-002  4.003802975248433E-002
   20.7833933463796       3.426829972392603E-003  4.770320630075413E-002
   20.8420978473581      -8.266774438084049E-003  6.459450403576190E-002
   20.9008023483366      -1.068746737702501E-002  5.849522748525530E-002
   20.9595068493151      -1.618051491239913E-002  5.476566054709098E-002
   21.0182113502935      -3.685865131791254E-002  3.591052664358146E-002
   21.0769158512720      -3.427212672252997E-002  6.892738007080881E-002
   21.1356203522505      -3.644242269973990E-002  3.736726363085005E-002
   21.1943248532290      -6.286234511245348E-002  6.296574828173057E-003
   21.2530293542074      -6.689566160865919E-002  1.015795776336158E-002
   21.3117338551859      -4.765366282223170E-002  1.606015431362195E-002
   21.3704383561644      -3.974575475339332E-002  3.443010556459741E-002
   21.4291428571429      -5.022706654178898E-002  5.767937480677815E-002
   21.4878473581213      -5.937613973379336E-002  8.101438653154937E-002
   21.5465518590998      -6.039672349622226E-002  7.156550451329702E-002
   21.6052563600783      -6.589875025838016E-002  4.419888056695670E-002
   21.6639608610568      -2.699727520132687E-002  1.245689072887787E-002
   21.7226653620352      -1.258044976821066E-002 -1.373065485038649E-002
   21.7813698630137       1.348803398867999E-002 -3.110726794754920E-002
   21.8400743639922       5.791466107931648E-002 -5.182735885922195E-002
   21.8987788649706       8.011625475057468E-002 -4.432043930688918E-002
   21.9574833659491       0.105485713063741       3.623121570836173E-003
   22.0161878669276       0.138267735150629       4.807291855989384E-002
   22.0748923679061       0.118933522481954       6.801251886609877E-002
   22.1335968688845       9.655062641761132E-002  7.807338848108615E-002
   22.1923013698630       5.005924520025413E-002  5.742133232668002E-002
   22.2510058708415       9.495437716772227E-003  3.530300621408738E-002
   22.3097103718200       7.118151250109069E-003  1.625346875352612E-002
   22.3684148727984       4.933664611325771E-002 -2.463929661694207E-002
   22.4271193737769       8.181421291577273E-002 -4.179762976093181E-002
   22.4858238747554       5.352399531599097E-002 -2.735572392244248E-002
   22.5445283757339       5.437366731170339E-002  3.117057174675071E-002
   22.6032328767123       4.164127401857054E-002  4.766906679371792E-002
   22.6619373776908       2.613250129789991E-002  4.397705924991446E-002
   22.7206418786693      -3.111118951453025E-003  2.775987329738281E-002
   22.7793463796478       2.627000523608311E-002  2.717824220477529E-002
   22.8380508806262       1.946425246552633E-002 -2.459119464604311E-002
   22.8967553816047      -1.880999605328342E-002 -2.953694242651441E-002
   22.9554598825832      -2.639571749641798E-002 -4.497895006666296E-002
   23.0141643835616      -2.409388489989206E-002 -5.277958967191683E-002
   23.0728688845401      -1.739703676142059E-003 -1.453730202473118E-002
   23.1315733855186       8.942679519550779E-002 -3.572294981456998E-002
   23.1902778864971       0.114776228401957      -4.917034864481949E-002
   23.2489823874755       9.694290857129084E-002 -5.424465396309209E-002
   23.3076868884540       2.662296057989902E-002  7.030898989537723E-003
   23.3663913894325      -3.031745404938158E-002  2.749904332381171E-002
   23.4250958904110      -5.159179745198327E-002  2.343752712703440E-002
   23.4838003913894      -3.971335194955658E-002 -8.346462468537846E-003
   23.5425048923679      -9.091037634163197E-003 -4.485903672933970E-002
   23.6012093933464       4.764854543816482E-002 -2.835019116461254E-002
   23.6599138943249       0.112776201509663      -4.273142089052587E-002
   23.7186183953033       0.106327971321727      -3.163770042802738E-002
   23.7773228962818       8.314177775750740E-002  1.922657686117775E-002
   23.8360273972603       4.311993385861002E-002  4.332938664310329E-002
   23.8947318982387       7.488234156106649E-002  2.819853525674525E-002
   23.9534363992172       0.111820874660731      -1.230309919775753E-002
   24.0121409001957       6.711568489555562E-002 -1.705034724249446E-002
   24.0708454011742       3.188023580046678E-002 -2.266358197209154E-002
   24.1295499021526       3.411902157322437E-002 -1.691482575525968E-002
   24.1882544031311       1.811998866015317E-002  7.115204319731770E-003
   24.2469589041096      -3.088621764829901E-003  7.052396066096232E-002
   24.3056634050881       5.534724598925074E-003  0.113920636271738     
   24.3643679060665      -2.842501997841511E-002  9.282856833968697E-002
   24.4230724070450      -8.726260311067796E-002  5.487427236447536E-002
   24.4817769080235      -9.364620725548967E-002  3.413045486478943E-002
   24.5404814090020      -0.123071813453355      -2.505839281078120E-003
   24.5991859099804      -0.145396826096581      -3.734071344905011E-002
   24.6578904109589      -0.139702545661180      -4.681326656106338E-002
   24.7165949119374      -0.111689119637024      -1.933326946334714E-003
   24.7752994129159      -0.106977727024044       3.861578257570753E-002
   24.8340039138943      -8.477983186755267E-002  4.832804977427312E-002
   24.8927084148728      -7.226320503087240E-002  3.590103389171585E-002
   24.9514129158513      -1.722880261593832E-002  6.702716047027364E-003
   25.0101174168297       5.799395054238481E-002 -6.134022485863370E-002
   25.0688219178082       0.121373301833881      -8.010357522682318E-002
   25.1275264187867       0.145184118680493      -7.151003061696819E-002
   25.1862309197652       0.117862335146503      -2.287678781295061E-002
   25.2449354207436       8.838688674305516E-002  3.143771712077712E-002
   25.3036399217221       6.738511249111973E-002  9.770493758595626E-002
   25.3623444227006       9.326162717166875E-002  0.104198188485776     
   25.4210489236791       0.102401184877824       6.473641620537862E-002
   25.4797534246575       4.196029876768950E-002  5.373828642520895E-002
   25.5384579256360       4.694947870051851E-002  3.340552284708460E-002
   25.5971624266145       3.762090488213708E-003  3.284546332456702E-002
   25.6558669275930      -2.498072560841294E-002 -1.087732261132450E-002
   25.7145714285714      -8.912741318542240E-002 -2.083725701311347E-002
   25.7732759295499      -0.113770013088938      -2.474530306930658E-002
   25.8319804305284      -9.205376706639727E-002 -4.980554745999040E-002
   25.8906849315069      -8.941399202613866E-002  3.390166831957828E-002
   25.9493894324853      -3.747901713594242E-002  3.689108703016378E-002
   26.0080939334638      -3.794639535059127E-002  5.540426402974673E-002
   26.0667984344423      -2.543088993057200E-002  5.787651502765986E-002
   26.1255029354207      -4.934951939695185E-002  2.203415608459088E-002
   26.1842074363992       1.048476960792019E-002  9.343720775019840E-003
   26.2429119373777       1.616290352605143E-002 -2.284928521879933E-002
   26.3016164383562       2.910920680869376E-002 -2.345486653794882E-002
   26.3603209393346       3.634785985470260E-002 -4.208225056410923E-002
   26.4190254403131       7.829007873376051E-003 -1.899024493637848E-002
   26.4777299412916       3.083697550962163E-002 -4.652291380786812E-002
   26.5364344422701       8.210520524058904E-002 -4.534836018522483E-002
   26.5951389432485       0.141698158758757      -3.073869404825524E-002
   26.6538434442270       0.137908165241420      -1.301395045633965E-002
   26.7125479452055       0.136303487610250       1.764767543166955E-002
   26.7712524461840       0.126946688311013       8.731238270552477E-003
   26.8299569471624       8.845096140147264E-002  8.457143574589820E-003
   26.8886614481409       6.761478089660816E-002 -5.666555322680202E-003
   26.9473659491194       8.123690652182400E-002 -5.456002202823131E-003
   27.0060704500978       7.863015715176562E-002 -5.495660784868135E-003
   27.0647749510763       2.799216374754217E-002 -4.330347213859931E-002
   27.1234794520548      -1.423993650549817E-003 -1.982945504328456E-002
   27.1821839530333      -4.263645929395567E-002 -4.292368778910706E-002
   27.2408884540117      -7.118581024863771E-002 -8.745903093809704E-002
   27.2995929549902      -0.105071407978386      -0.105340628255743     
   27.3582974559687      -4.893625727002394E-002 -0.123652228290340     
   27.4170019569472      -1.906774233184856E-002 -8.450150695010726E-002
   27.4757064579256       1.818508573580605E-002 -1.545089590860178E-002
   27.5344109589041       3.448049713356029E-002 -8.239883997857508E-003
   27.5931154598826       3.415121644235709E-002 -3.928214462598796E-002
   27.6518199608611       1.220605015958068E-003 -6.346935917419280E-002
   27.7105244618395      -2.088677968308898E-002 -6.884543329040607E-002
   27.7692289628180      -8.689016622450904E-003 -0.115367823235827     
   27.8279334637965       3.567093104544387E-003 -0.157394240246955     
   27.8866379647750       5.784923995826189E-002 -0.152584433803080     
   27.9453424657534       0.122924014944641      -0.159931453267079     
   28.0040469667319       0.112478507765186      -9.766034578136903E-002
   28.0627514677104       0.118677675345814      -4.376947874855364E-002
   28.1214559686888       9.079372334521438E-002  4.749706377642471E-002
   28.1801604696673       4.206617791863691E-002  6.413147736977548E-002
   28.2388649706458      -5.430235195978059E-003  8.852993967605191E-002
   28.2975694716243       1.943766162001197E-003  5.315593923875057E-002
   28.3562739726027      -1.957477724995556E-002 -5.777711112462648E-003
   28.4149784735812      -4.682396783993349E-002 -1.339810045063148E-002
   28.4736829745597      -1.057280009808127E-002 -1.422350950887749E-002
   28.5323874755382       2.605044119840619E-002  1.176795180388736E-002
   28.5910919765166       6.879258827406344E-002  3.399034623128189E-002
   28.6497964774951       9.963262874835323E-002 -5.043152393478249E-002
   28.7085009784736       6.131563608575026E-002 -9.096633124695701E-002
   28.7672054794521       4.843214781851677E-002 -8.978106563883570E-002
   28.8259099804305       3.423332037275179E-002 -6.566804133816792E-002
   28.8846144814090       5.913353280954716E-002  1.724821546698755E-002
   28.9433189823875       9.417807291260506E-002  4.973588254146925E-002
   29.0020234833659       0.146923406395206       5.109987447237706E-002
   29.0607279843444       0.101978282089572       4.657726279803752E-002
   29.1194324853229       2.469664298590714E-002  0.103926588584127     
   29.1781369863014       1.683335927787008E-002  0.101767754621644     
   29.2368414872798       1.799136589674485E-002  5.874209667253177E-002
   29.2955459882583       1.201907087161458E-002  5.214039231358312E-002
   29.3542504892368      -5.024906007701280E-003  3.510415357221366E-003
   29.4129549902153       1.538379904950694E-002 -8.532162437136351E-003
   29.4716594911937       6.467459789008010E-003  3.687413666828659E-002
   29.5303639921722       2.201312414669030E-002  6.314962199698512E-002
   29.5890684931507       2.225821397651360E-002  7.981172048926681E-002
   29.6477729941292       3.152666421207152E-002  5.250954125718200E-002
   29.7064774951076      -2.759824520984221E-002  1.093087928031085E-002
   29.7651819960861      -5.703196325959133E-002  4.904119038386713E-002
   29.8238864970646      -5.316631919007335E-002  7.407071376956353E-002
   29.8825909980431      -6.436489013645377E-002  0.105737166799112     
   29.9412954990215      -3.609762263072570E-002  0.122243256581824     
   30.0000000000000       2.851496009171235E-003  6.110776018555593E-002
  2.000000000000000E-003 -1.059997716378881E-002  1.066605731910094E-002
  6.070450097847359E-002  1.968237282287626E-003 -3.698880021767329E-003
  0.119409001956947       1.065693434622402E-002 -4.764454975131051E-005
  0.178113502935421      -8.718418549421009E-003  4.094319736410018E-003
  0.236818003913894      -4.892577837124064E-003 -9.442668682711243E-003
  0.295522504892368      -1.133310056649661E-002 -9.919294017669712E-003
  0.354227005870842       5.003826140423957E-003 -4.156710149225659E-003
  0.412931506849315      -2.124542738943610E-002  9.345034915585936E-003
  0.471636007827789      -1.684581588444839E-002  2.698821046865947E-003
  0.530340508806262       3.645380942183093E-005 -4.750301196336293E-003
  0.589045009784736      -9.079150710494313E-004 -2.206417352386093E-002
  0.647749510763209      -2.112900741763211E-002 -5.243554221482852E-002
  0.706454011741683      -1.850943206310840E-002 -5.394120667942379E-002
  0.765158512720157      -1.065578010510245E-002 -6.486641956783382E-003
  0.823863013698630      -7.559355371656322E-003  4.510934122959667E-002
  0.882567514677104       1.402319808585787E-002  5.399595749193876E-002
  0.941272015655577       4.369965468581350E-002  4.752007994129442E-002
  0.999976516634051       6.329324587080166E-002 -1.188019557240457E-002
   1.05868101761252       7.320282108997903E-002  1.806162301296076E-004
   1.11738551859100       4.135530615996772E-002  1.359064341928893E-002
   1.17609001956947       9.592662497260917E-003  8.657177631635048E-002
   1.23479452054795      -5.626009295854296E-002  0.126996519098457     
   1.29349902152642      -0.162456075551009       9.234759929171496E-002
   1.35220352250489      -0.248412449036033       4.252457750199258E-003
   1.41090802348337      -0.282773142309925      -7.138965937318845E-002
   1.46961252446184      -0.268836420415699      -8.531861760982126E-002
   1.52831702544031      -0.217725830462410      -0.111574994622038     
   1.58702152641879      -0.182248146621045      -0.120927829341205     
   1.64572602739726      -0.136149711664433      -0.180077048599737     
   1.70443052837573      -8.247619163295308E-002 -0.227893018906824     
   1.76313502935421      -3.088039050503934E-002 -0.281820172150702     
   1.82183953033268       6.476009574003397E-002 -0.268724653375849     
   1.88054403131115       0.116652461339711      -0.270960458553172     
   1.93924853228963       0.133220583512514      -0.277354230599079     
   1.99795303326810       5.804755302521977E-002 -0.360568068107059     
   2.05665753424658      -1.681797851617075E-002 -0.461964306598188     
   2.11536203522505      -0.135523850088630      -0.494247328259061     
   2.17406653620352      -0.225909100618779      -0.609340893098639     
   2.23277103718200      -0.268686039894414      -0.749652977840846     
   2.29147553816047      -0.297477519058606      -0.843205205169221     
   2.35018003913894      -0.349894071896248      -0.818326407232361     
   2.40888454011742      -0.465746169494235      -0.756805501101042     
   2.46758904109589      -0.482774154092326      -0.648667343609157     
   2.52629354207436      -0.404198615546296      -0.439621227440405     
   2.58499804305284      -0.379507032503754      -0.236955303336751     
   2.64370254403131      -0.384958365864915      -8.373595656105683E-002
   2.70240704500978      -0.427691846602195       6.255138253370923E-002
   2.76111154598826      -0.465405368185519       0.153159203242853     
   2.81981604696673      -0.486021656024070       0.240621815704017     
   2.87852054794521      -0.472557716251642       0.290181003015589     
   2.93722504892368      -0.421876326576459       0.266797981663992     
   2.99592954990215      -0.373197778195654       0.229020522406724     
   3.05463405088063      -0.310814346237431       0.183833547393221     
   3.11333855185910      -0.263724690806598       0.202379693315498     
   3.17204305283757      -0.234067234863070       0.146356845276851     
   3.23074755381605      -0.178185890193413       1.516148424259509E-002
   3.28945205479452      -5.306691272156392E-002 -7.661985885656865E-002
   3.34815655577299       4.426313977703068E-002 -0.128003492554543     
   3.40686105675147       7.779527250069705E-002 -0.152702253293971     
   3.46556555772994       0.105189085749975      -0.158172629807476     
   3.52427005870842       0.113139151123820      -0.172485600163462     
   3.58297455968689       5.154367524718385E-002 -0.120052597167778     
   3.64167906066536      -2.168094408329850E-002 -0.112179211609842     
   3.70038356164384      -1.557201566368140E-002 -9.727087381903537E-002
   3.75908806262231      -2.161205084178037E-003 -9.780413209235214E-002
   3.81779256360078       5.610897727018463E-002 -6.923036978367156E-002
   3.87649706457926       4.448534693123524E-002 -2.533514585420028E-002
   3.93520156555773      -5.613383846036641E-002  1.730682463875323E-002
   3.99390606653620      -0.100349292304235       2.094351485763148E-002
   4.05261056751468      -0.129886094213203       1.079444341156467E-002
   4.11131506849315      -0.140497271444349      -2.631515351282619E-002
   4.17001956947162      -0.138801097311089      -3.524416198084613E-002
   4.22872407045010      -0.122228106454383      -7.064805050762872E-002
   4.28742857142857      -4.420342813227911E-002 -6.583044392922204E-002
   4.34613307240704       2.621142699816013E-002 -4.720392923660549E-002
   4.40483757338552      -2.413834731712458E-003 -3.203698166437292E-002
   4.46354207436399      -2.870788816525934E-002 -9.673931994799920E-002
   4.52224657534247      -3.382237837492674E-002 -0.129860456197606     
   4.58095107632094      -2.584113920209198E-002 -0.119377717813304     
   4.63965557729941      -1.808165362813609E-002 -9.063360153571513E-002
   4.69836007827789      -1.552015843483750E-002 -9.653784330531436E-002
   4.75706457925636      -1.448570522836356E-002 -0.111224924115631     
   4.81576908023483       2.256804067488170E-002 -0.105103798202379     
   4.87447358121331       2.752915902830508E-002 -9.744901150915450E-002
   4.93317808219178       1.756164391548744E-002 -6.197986090611973E-002
   4.99188258317025       3.659076569614915E-003 -8.032463966038823E-002
   5.05058708414873       5.933465098352164E-002 -6.724096515746604E-002
   5.10929158512720       6.051257333609377E-002 -3.418365681661190E-002
   5.16799608610568       3.826404727225338E-002 -1.098055179880626E-002
   5.22670058708415       4.174434708769117E-002 -5.629505405380861E-002
   5.28540508806262       6.416603492530872E-002 -5.571687743451485E-002
   5.34410958904110       5.632347243714163E-002 -7.768045279772542E-002
   5.40281409001957       5.438709596647369E-002 -5.061621128771209E-002
   5.46151859099804       5.127094235428545E-002 -7.239030955705217E-004
   5.52022309197652       2.612549849677666E-002  6.512329424902301E-002
   5.57892759295499      -1.824765044246298E-002  0.144387933488437     
   5.63763209393346      -4.936778525121324E-002  0.157790803062122     
   5.69633659491194      -9.022931841771550E-002  0.113840885031653     
   5.75504109589041      -0.147117523330708       5.592410959851064E-002
   5.81374559686888      -0.168391443483859       2.350966889849780E-002
   5.87245009784736      -0.218164430798644       1.895201344647242E-002
   5.93115459882583      -0.213640489407254       3.137890763233527E-002
   5.98985909980431      -0.144298967418986       2.385059064027880E-002
   6.04856360078278      -3.746807781822702E-002  5.212191307859203E-002
   6.10726810176125      -6.647884832385570E-003  4.450480891136661E-002
   6.16597260273973       2.843614621973485E-002 -8.706300011607451E-003
   6.22467710371820       7.470904463295704E-002 -6.549543241685031E-002
   6.28338160469667       0.108852472588654      -1.638708656550510E-002
   6.34208610567515       0.125172613018909       1.387895493794999E-002
   6.40079060665362       0.128523543513370       5.609650222782229E-002
   6.45949510763209       0.186727336670993       8.347658660041721E-002
   6.51819960861057       0.198126286707380       0.106003784619827     
   6.57690410958904       0.156398928205316       8.882038909432990E-002
   6.63560861056752       6.339502984800950E-002  8.351979021475289E-002
   6.69431311154599      -5.216630619618634E-003  9.755817896794161E-002
   6.75301761252446      -8.469740312007007E-002  0.143483641387543     
   6.81172211350294      -9.157963641296075E-002  0.127673918608040     
   6.87042661448141      -5.186288212388251E-002  0.125367905006222     
   6.92913111545988       7.395330468905406E-003  6.635946413364062E-002
   6.98783561643836       1.729837977002659E-002 -2.352710502531697E-002
   7.04654011741683       3.733466154873319E-002 -5.385889018804164E-002
   7.10524461839530       9.896165733533023E-002 -5.443075504457676E-002
   7.16394911937378       9.740723807104476E-002 -4.257262185201741E-002
   7.22265362035225       9.622436197017620E-002 -1.575661901040576E-002
   7.28135812133072       6.372786823290766E-002  4.243743574956919E-002
   7.34006262230920      -1.340807699172199E-002  2.416364806869931E-002
   7.39876712328767      -1.989999085583172E-002 -9.865274704198727E-003
   7.45747162426615      -2.056432333123894E-002 -3.235217924732674E-002
   7.51617612524462      -3.616556083203960E-002 -3.706448516984591E-002
   7.57488062622309      -3.790706811680274E-002 -4.819263414321828E-002
   7.63358512720157      -3.013369143601091E-003 -4.676446546160008E-002
   7.69228962818004      -1.527589136866421E-002 -4.003264472119089E-002
   7.75099412915851      -4.565900166700836E-002 -5.460318364028954E-002
   7.80969863013699       3.539432711569285E-003 -6.999295902733108E-002
   7.86840313111546       7.478806864500219E-003 -8.770728560367574E-002
   7.92710763209393       4.989858574540942E-002 -9.993418992932297E-002
   7.98581213307241       1.154254956571718E-002 -0.115376450713532     
   8.04451663405088       1.349304314987588E-002 -0.109489895615553     
   8.10322113502936       3.822115019173564E-002 -2.989935543945589E-002
   8.16192563600783       7.178427417175648E-002  5.876935105452644E-002
   8.22063013698630       7.677297700824436E-002  0.142480951673997     
   8.27933463796478       0.106012284037179       0.160366528047517     
   8.33803913894325       3.914188884131455E-002  0.209540116634386     
   8.39674363992172      -2.385425911369711E-002  0.181660541402103     
   8.45544814090020      -7.952669531181161E-002  0.126608641479150     
   8.51415264187867      -7.652937412479976E-002  8.572388264424070E-002
   8.57285714285714      -2.075875156895050E-002  1.972741386203716E-002
   8.63156164383562       3.077974071669074E-002 -5.017164470761298E-002
   8.69026614481409       9.725345377909471E-002 -6.481098330506477E-002
   8.74897064579256       0.101731052515576      -8.392708833355918E-004
   8.80767514677104       5.509400687110942E-002  3.038926706960194E-002
   8.86637964774951       9.046627155530481E-003  7.255118866139923E-002
   8.92508414872799      -6.701730624708818E-002  4.198422378948594E-002
   8.98378864970646      -8.480498219016125E-002 -3.514767079023774E-002
   9.04249315068493      -5.466511927604886E-002 -0.101156206914741     
   9.10119765166341      -2.895149713730695E-002 -0.123674965887190     
   9.15990215264188      -7.898107220208381E-003 -0.122599399854177     
   9.21860665362035       3.707454156853432E-003 -0.140206057094054     
   9.27731115459883       7.819467658406389E-003 -0.114860749416148     
   9.33601565557730      -2.639628226606497E-002 -7.783564691118970E-002
   9.39472015655577      -1.862718977853213E-002 -8.930885929361723E-002
   9.45342465753425      -3.997344115485051E-002 -2.252371079809277E-002
   9.51212915851272      -0.119905376374387      -4.530994306543382E-002
   9.57083365949119      -0.101544108087282      -5.259470947624839E-002
   9.62953816046967      -7.144024671858634E-002 -6.885568654868361E-002
   9.68824266144814       1.637523454729034E-003 -3.486934822000776E-002
   9.74694716242662       2.757728223416332E-002  2.407647078224631E-002
   9.80565166340509      -3.723431210937851E-002  2.118583508885834E-002
   9.86435616438356      -4.190790726163230E-002  1.429478587267377E-002
   9.92306066536204      -8.920242341831421E-002 -1.807509238275827E-002
   9.98176516634051      -5.785309083329436E-002 -4.414855584167476E-002
   10.0404696673190      -7.316081391657049E-003 -1.279172930366253E-002
   10.0991741682975      -2.991673877453631E-002  1.315433946050156E-002
   10.1578786692759       1.867722469773555E-002  1.811209849199278E-002
   10.2165831702544       5.058141486192042E-002  1.433689296770190E-002
   10.2752876712329       9.354852364893822E-002 -4.332066342018515E-002
   10.3339921722114       0.190456919385678      -7.933394095130572E-002
   10.3926966731898       0.170665179644166      -0.115691416232187     
   10.4514011741683       0.111023253605330      -0.157574637901137     
   10.5101056751468       5.661310184977904E-002 -0.206210763083419     
   10.5688101761252      -1.384273087632905E-002 -0.224104792300743     
   10.6275146771037      -1.643200104448293E-002 -0.217468459043229     
   10.6862191780822      -3.926724356633828E-002 -0.161556953832187     
   10.7449236790607      -5.166009753984441E-002 -0.139672511469944     
   10.8036281800391      -1.360711336971124E-002 -0.100727796651383     
   10.8623326810176      -1.585789957612470E-002 -6.893827930712966E-002
   10.9210371819961      -2.663288989045427E-002 -5.574212302892706E-002
   10.9797416829746      -2.459292959435569E-002 -3.961410183329912E-003
   11.0384461839530      -6.801000431075507E-002  1.919294960185729E-002
   11.0971506849315      -6.823790166794058E-002  1.507891123226567E-002
   11.1558551859100      -4.975293088146227E-002  2.840927620173728E-002
   11.2145596868885      -2.801259241300329E-002  4.490557870624073E-002
   11.2732641878669      -1.586965625569843E-003  3.717284812886143E-002
   11.3319686888454      -6.405737967297445E-003 -1.204442349884134E-002
   11.3906731898239       5.282338220517817E-003 -1.200364981153418E-002
   11.4493776908024      -7.751407885489059E-003 -5.448601906468772E-002
   11.5080821917808      -2.827012283259069E-002 -7.709565633432792E-002
   11.5667866927593      -5.867632503303188E-003 -5.267663898112057E-002
   11.6254911937378      -4.099815051734779E-003  5.707773755980201E-003
   11.6841956947162      -6.167368071945855E-002  6.810011559129746E-002
   11.7429001956947      -8.126775778242881E-002  5.294032296262799E-002
   11.8016046966732      -7.738843105642268E-002  5.408665012465112E-002
   11.8603091976517      -6.918721583109459E-002 -9.710767035868290E-003
   11.9190136986301      -3.793914304864421E-003 -3.976099463238173E-002
   11.9777181996086       4.927305177862702E-002  2.234473205839346E-002
   12.0364227005871       1.841964959767703E-002  6.161228817150191E-002
   12.0951272015656       1.179105158266418E-002  9.793015590375656E-002
   12.1538317025440      -7.235687213024346E-003  0.158473052397452     
   12.2125362035225      -1.839824828326616E-003  0.163508374087666     
   12.2712407045010       5.332326440040752E-003  0.199128294117331     
   12.3299452054795       4.739263862846446E-002  0.159940729434360     
   12.3886497064579       6.520540077284742E-002  7.978477854100653E-002
   12.4473542074364       8.045185029578494E-002  7.938116880759516E-002
   12.5060587084149       5.771582352276228E-002  5.741494596786418E-002
   12.5647632093933       4.674143406664185E-002  5.637613081542938E-002
   12.6234677103718      -2.136954973614169E-002  2.698806428263491E-002
   12.6821722113503       1.756838321152367E-002 -6.639217312421758E-004
   12.7408767123288       1.220192313703480E-002  3.209776987603137E-002
   12.7995812133072       2.392546672710702E-002  3.264210255060905E-002
   12.8582857142857       2.178764337071275E-002 -1.196058238567520E-002
   12.9169902152642      -6.222499431762299E-003 -4.775979845723737E-003
   12.9756947162427       8.581888809027771E-004 -6.999680922755757E-003
   13.0343992172211       1.581446426937509E-002  1.488469744309990E-002
   13.0931037181996      -2.321521751512059E-002 -1.337338938463330E-002
   13.1518082191781      -3.016076075719414E-002 -4.561413935053403E-002
   13.2105127201566      -5.357461986918687E-002 -8.970483696521274E-002
   13.2692172211350      -4.931610403319835E-002 -9.019947941469268E-002
   13.3279217221135      -6.497319177395371E-002 -5.539464459842953E-002
   13.3866262230920      -6.491850079587040E-002 -7.516502061558651E-002
   13.4453307240705      -8.799430501572303E-002 -3.328125407297953E-002
   13.5040352250489      -4.986872875858012E-002 -4.517599448596322E-002
   13.5627397260274      -2.742884831173502E-002 -5.426227335252971E-002
   13.6214442270059       1.161656224209207E-002 -1.816798203982493E-002
   13.6801487279843       4.531389473814845E-004  2.355000722855665E-003
   13.7388532289628       9.941868797606505E-003  1.991776918195075E-002
   13.7975577299413      -1.279860065688638E-002 -2.078350886372934E-002
   13.8562622309198       3.372094953949716E-002 -5.609083099996791E-002
   13.9149667318982       5.636483582307246E-002 -5.566808606011410E-002
   13.9736712328767       7.978969957253439E-002 -1.413228350395216E-002
   14.0323757338552       7.818724334993224E-002 -2.193938622861669E-002
   14.0910802348337       6.153874193438645E-002  2.158273500418836E-002
   14.1497847358121       5.617014382886318E-002  1.219878663464297E-002
   14.2084892367906       2.716716193007002E-002  1.351804966706269E-004
   14.2671937377691       3.450696072126026E-002  1.355010500058377E-002
   14.3258982387476       4.505824584345909E-002 -1.107556228685831E-002
   14.3846027397260       7.457962276324218E-002  1.147709011810981E-002
   14.4433072407045       7.194196717273560E-002  4.800846495810959E-002
   14.5020117416830       1.409837104156859E-002  5.233172913076855E-002
   14.5607162426614      -1.348718862708173E-002  2.625907512794045E-002
   14.6194207436399      -3.888232077083764E-002  4.349975230356157E-003
   14.6781252446184      -5.560851092463756E-002 -5.018206639992216E-002
   14.7368297455969      -5.162990656978658E-002 -2.945347013189673E-002
   14.7955342465753      -7.786576308151982E-002  1.611914507880560E-002
   14.8542387475538      -4.577690542518131E-002  8.264726644832389E-002
   14.9129432485323      -1.425980989126026E-002  0.142586596691068     
   14.9716477495108       1.667810857329438E-002  0.144196866454561     
   15.0303522504892       1.637852490771267E-002  0.116970283754314     
   15.0890567514677       5.459142698745732E-002  1.624064666090023E-002
   15.1477612524462       7.464540716763071E-002 -6.335983665965131E-002
   15.2064657534247       5.732944217513698E-002 -0.112298223772527     
   15.2651702544031      -1.427124522916871E-002 -8.637077113596285E-002
   15.3238747553816      -0.121366705842913      -7.388237475529454E-002
   15.3825792563601      -0.209058934031065      -9.466591779323462E-002
   15.4412837573386      -0.201326721534149      -0.106140873216946     
   15.4999882583170      -0.171959702825584      -4.420334572110839E-002
   15.5586927592955      -9.652508114890757E-002  2.979301051961700E-002
   15.6173972602740      -4.379284912710430E-002  5.364948499602930E-002
   15.6761017612524       6.653997527074777E-003  3.074934341428373E-002
   15.7348062622309       6.332820156583815E-002  1.775792311628075E-002
   15.7935107632094       9.959260897797423E-002  3.430013294769306E-002
   15.8522152641879       9.980084659490446E-002  6.330662053990706E-002
   15.9109197651663       3.143484939141369E-002  5.031352659869995E-002
   15.9696242661448      -3.434691494528418E-002 -4.172762091237299E-003
   16.0283287671233      -6.770132030893578E-002 -6.519577232964902E-002
   16.0870332681018      -3.211961691740847E-002 -8.987018022918553E-002
   16.1457377690802      -3.941179830409775E-002 -7.915766777445883E-002
   16.2044422700587      -7.918311516976487E-002 -3.259211067824692E-002
   16.2631467710372      -0.115655123609742       2.961129682927321E-002
   16.3218512720157      -0.139377475188689       2.711850459997848E-002
   16.3805557729941      -0.116575086515358       5.356405663499192E-002
   16.4392602739726      -0.125342812843837       0.104253544060801     
   16.4979647749511      -0.146046814116381       0.107813407983273     
   16.5566692759296      -0.177274941698886       6.639988662873679E-002
   16.6153737769080      -9.967764043748496E-002  2.377223396401710E-003
   16.6740782778865      -2.579710174969622E-002 -4.246164355141501E-002
   16.7327827788650      -4.470773910635648E-003 -4.062556162271667E-002
   16.7914872798434      -2.935516535075788E-002  2.041235755720334E-002
   16.8501917808219      -3.434250224651413E-002  5.100154380303068E-002
   16.9088962818004       1.332058056185976E-002  4.341856538271492E-002
   16.9676007827789      -5.096601464291102E-003  5.191288494538587E-002
   17.0263052837573      -3.897078299430846E-002  8.347366465474476E-002
   17.0850097847358      -4.164413476079528E-002  8.557997351960529E-002
   17.1437142857143      -1.994158861053483E-002  6.366560207201880E-002
   17.2024187866928       4.214086643266908E-002  4.586051493298317E-002
   17.2611232876712       8.491082443161217E-002  2.702877892170119E-002
   17.3198277886497       7.385566533857640E-002  3.209807597044795E-002
   17.3785322896282       5.448688344407120E-002  3.907377929694134E-002
   17.4372367906067      -2.406090544816373E-002  3.876641405586505E-002
   17.4959412915851      -4.900667619892776E-002  1.549689352290995E-002
   17.5546457925636      -6.420153910213204E-002  2.449936745495231E-002
   17.6133502935421      -2.381883382381117E-002  2.508705900671934E-002
   17.6720547945205      -1.247580662281637E-002 -1.098149906668025E-002
   17.7307592954990      -9.444898841071463E-003  3.329140275353477E-002
   17.7894637964775      -2.341766083618968E-003  8.793619802270003E-002
   17.8481682974560      -1.461875290273745E-002  0.108280595212113     
   17.9068727984344      -8.436271258024465E-003  6.957259044622494E-002
   17.9655772994129       5.500831283823767E-002  6.560758580104961E-002
   18.0242818003914       5.460136538622289E-002  3.465911118500468E-004
   18.0829863013699      -6.746331533066620E-003  2.177456766484132E-002
   18.1416908023483      -1.689023845302312E-003  5.625443481418697E-002
   18.2003953033268       1.928884663139498E-002  7.169699331518052E-002
   18.2590998043053       4.477416054208026E-002  7.271380793058015E-002
   18.3178043052838       6.463474153613807E-002  3.233123405291416E-002
   18.3765088062622       1.405731981179952E-002 -3.128536736447203E-002
   18.4352133072407      -9.537556322773172E-003  7.286640450503407E-003
   18.4939178082192      -1.280332168340231E-002 -2.131637993453512E-002
   18.5526223091977      -5.126178904011989E-002 -1.912697575169110E-002
   18.6113268101761      -5.875759859531261E-002 -3.524588430638786E-002
   18.6700313111546      -6.609901418178132E-002 -3.747398013396871E-002
   18.7287358121331      -9.963693617083873E-002 -5.525332653559022E-003
   18.7874403131115      -7.750355717289556E-002  1.601157334043261E-003
   18.8461448140900      -4.123264414292514E-002 -4.291142099002407E-002
   18.9048493150685      -6.089428224933503E-002 -3.514599256403972E-002
   18.9635538160470      -2.711052137610336E-002 -2.194959781991237E-002
   19.0222583170254       1.027679435407910E-002 -6.117475105250986E-002
   19.0809628180039       4.380288253878217E-002 -8.783290184447286E-002
   19.1396673189824       8.223413857209333E-002 -0.138142996243104     
   19.1983718199609       7.693361959309426E-002 -0.163800142521033     
   19.2570763209393       4.661169840381210E-002 -0.156779752217476     
   19.3157808219178       3.089576252129984E-002 -9.217962402384905E-002
   19.3744853228963       3.834885217643286E-002  3.278633483956749E-003
   19.4331898238748      -4.099745239478612E-003  4.027719404808213E-002
   19.4918943248532      -2.710711758908039E-002  5.034319757633626E-002
   19.5505988258317      -0.109717978290356       5.538241236558653E-002
   19.6093033268102      -0.162486291464166       0.101614737739536     
   19.6680078277886      -0.165750796784141       0.132605696971871     
   19.7267123287671      -8.158887417948560E-002  0.135175881651672     
   19.7854168297456       3.218525958865875E-004  0.112751981698439     
   19.8441213307241      -5.525954442609608E-004  3.811456924585611E-002
   19.9028258317025      -4.628994617894284E-002  2.513501072718120E-002
   19.9615303326810      -5.551302582120079E-002  0.106121474337188     
   20.0202348336595      -3.303834880744079E-002  0.117269961502340     
   20.0789393346380      -5.527883162042740E-002  0.139973323155358     
   20.1376438356164      -4.896570568394117E-002  9.196981669458805E-002
   20.1963483365949      -8.603241760609109E-002  5.115834062664668E-002
   20.2550528375734      -2.754518135960306E-002  4.381417846151631E-002
   20.3137573385519       1.648002177749567E-002  2.533604844334214E-002
   20.3724618395303       3.730825943376870E-002 -2.208651483365295E-002
   20.4311663405088       8.617647461722618E-003 -3.801111792834701E-002
   20.4898708414873       3.863424059582495E-002 -2.108158143327656E-002
   20.5485753424658       8.051922519648591E-002 -3.684677913711395E-002
   20.6072798434442       8.110933365720242E-002 -9.598915365472063E-002
   20.6659843444227       6.322181568023805E-002 -4.243485813064303E-002
   20.7246888454012       2.640197220734371E-002  3.743869629469079E-002
   20.7833933463796      -9.955837853878713E-003  4.673279617622888E-002
   20.8420978473581      -4.754166514575383E-003  5.314835763849537E-002
   20.9008023483366      -2.316639500980346E-002  5.204000547309753E-002
   20.9595068493151      -3.315292545989938E-002  5.749861206973066E-002
   21.0182113502935      -6.730962885946039E-002  5.790135359734100E-002
   21.0769158512720      -5.718792337319468E-002  8.042486520191547E-002
   21.1356203522505      -8.127864400464879E-002  5.191337249065951E-002
   21.1943248532290      -0.107624310242008       2.896428442389495E-002
   21.2530293542074      -9.964228085030886E-002  3.934019193724417E-002
   21.3117338551859      -8.108188648014841E-002  3.524275499040927E-002
   21.3704383561644      -7.137628252056438E-002  4.514121149680315E-002
   21.4291428571429      -6.944597397635416E-002  6.768476734605147E-002
   21.4878473581213      -6.274864307073896E-002  8.442731580625502E-002
   21.5465518590998      -6.712501360520204E-002  6.771177204870155E-002
   21.6052563600783      -6.064345494610811E-002  4.589700593478186E-002
   21.6639608610568      -2.640943917675533E-002  2.072303704619520E-004
   21.7226653620352      -1.224294658379380E-002 -2.737173968611623E-002
   21.7813698630137       1.589738642107393E-002 -5.063002706181294E-002
   21.8400743639922       6.201592002349953E-002 -6.980145513536301E-002
   21.8987788649706       8.459206384829371E-002 -6.095700308761128E-002
   21.9574833659491       0.119801069284870      -7.609946094126347E-003
   22.0161878669276       0.150330558402578       3.290758971332740E-002
   22.0748923679061       0.121286482241002       6.843336926520541E-002
   22.1335968688845       8.437636764314009E-002  7.746489270205441E-002
   22.1923013698630       1.778289554298750E-002  7.385224511661803E-002
   22.2510058708415      -2.804549385850183E-002  6.001604807082374E-002
   22.3097103718200      -2.955869074695289E-002  2.836258184699184E-002
   22.3684148727984       5.642048540355583E-003 -1.252276547444280E-002
   22.4271193737769       4.154490097790915E-002 -3.451731781687785E-002
   22.4858238747554       1.697840079471118E-002  3.278824155231341E-003
   22.5445283757339       3.742483468049762E-002  5.338207163936507E-002
   22.6032328767123       3.141808755319823E-002  7.199408089719252E-002
   22.6619373776908       1.612828328757861E-002  5.326281794832317E-002
   22.7206418786693      -9.473221950866476E-003  4.315799143074821E-002
   22.7793463796478       2.093467523557454E-002  1.201743664079886E-002
   22.8380508806262      -5.613848982866584E-003 -4.243897187229684E-002
   22.8967553816047      -2.888754931270470E-002 -3.800559954721065E-002
   22.9554598825832      -3.023334549391412E-002 -4.889459007319522E-002
   23.0141643835616      -1.973843092630619E-002 -4.945082568242377E-002
   23.0728688845401       3.719006074089096E-002 -1.149704070501092E-002
   23.1315733855186       0.112820367192641      -5.633688935173247E-002
   23.1902778864971       0.129814849252376      -6.585628985623633E-002
   23.2489823874755       8.083208911887235E-002 -6.724125703142404E-002
   23.3076868884540       1.983224552621133E-002  5.167460678482949E-003
   23.3663913894325      -2.441957656453803E-002  2.802246568465683E-002
   23.4250958904110      -3.877456858946346E-002  5.874499819773914E-003
   23.4838003913894      -3.275740129381260E-002 -3.107347477990277E-002
   23.5425048923679      -4.071129643474364E-006 -5.607597888752676E-002
   23.6012093933464       7.730126189906632E-002 -4.915739319816478E-002
   23.6599138943249       0.106023625345031      -7.227097540865590E-002
   23.7186183953033       9.198133679250467E-002 -3.281073226964101E-002
   23.7773228962818       8.056146322963970E-002  2.520366759700708E-002
   23.8360273972603       4.661498206430230E-002  5.703463020075535E-002
   23.8947318982387       6.988698837311193E-002  1.555002273066436E-002
   23.9534363992172       9.497723471450592E-002 -4.539580796268394E-002
   24.0121409001957       6.620600797036069E-002 -4.002141071077087E-002
   24.0708454011742       3.372812706965486E-002 -3.471582514421288E-002
   24.1295499021526       3.561672162859796E-002 -3.538586665543887E-002
   24.1882544031311       1.592701111936397E-002 -1.843785951862236E-003
   24.2469589041096       7.852837330109531E-003  6.635447111188503E-002
   24.3056634050881       1.441670573789593E-002  8.635434284555019E-002
   24.3643679060665      -2.996976399752786E-002  6.215704627403469E-002
   24.4230724070450      -9.315666093075568E-002  4.264525935706520E-002
   24.4817769080235      -9.711944908051655E-002  6.624494990374286E-003
   24.5404814090020      -0.117627234354730      -1.660579032214555E-002
   24.5991859099804      -0.139041610962315      -4.095481725920708E-002
   24.6578904109589      -0.138027472225611      -2.868847622903373E-002
   24.7165949119374      -0.105396703926841       7.282699643461718E-003
   24.7752994129159      -9.004806055124767E-002  4.342701257858950E-002
   24.8340039138943      -7.483666364084669E-002  4.300316749237525E-002
   24.8927084148728      -5.715272355364139E-002  3.171620991843654E-002
   24.9514129158513      -2.264883334539523E-004 -6.681766330923352E-003
   25.0101174168297       4.994038481087314E-002 -8.714913071946004E-002
   25.0688219178082       0.114828017703337      -0.105610185581318     
   25.1275264187867       0.136139051861614      -8.592189651358162E-002
   25.1862309197652       0.123778075449051      -2.266934626638469E-002
   25.2449354207436       0.106097813754663       4.399655824418491E-002
   25.3036399217221       0.103313599470762       0.105872389707146     
   25.3623444227006       0.116859294851117       9.098420664208082E-002
   25.4210489236791       9.615885533337300E-002  3.943271621150175E-002
   25.4797534246575       2.547887183580685E-002  4.482378988486797E-002
   25.5384579256360       9.532923825715280E-003 -1.885610674594168E-004
   25.5971624266145      -2.726232378442631E-002 -1.434405909665315E-003
   25.6558669275930      -7.506631832800140E-002 -5.007399706330704E-002
   25.7145714285714      -0.129360342472001      -4.159892044104634E-002
   25.7732759295499      -0.142596601496486      -2.413057217960427E-002
   25.8319804305284      -0.144581998979174      -4.986211835757137E-002
   25.8906849315069      -9.422688795085274E-002  2.400003903771006E-002
   25.9493894324853      -5.309891757539900E-002  1.656686286372360E-002
   26.0080939334638      -3.192741711614695E-002  4.015500911943038E-002
   26.0667984344423      -1.747729456085323E-002  3.341754798242771E-002
   26.1255029354207      -4.365802995535455E-002  2.792962082653788E-002
   26.1842074363992       5.917728220183174E-003  6.120295160918407E-003
   26.2429119373777       1.252946619128736E-002 -5.271389812864380E-003
   26.3016164383562       1.682873957827453E-002 -3.176304318346115E-003
   26.3603209393346       2.689169460622291E-002 -8.130491612311837E-003
   26.4190254403131       2.580766952426071E-002  2.433809726917527E-002
   26.4777299412916       4.236101079338283E-002 -8.933473491418393E-003
   26.5364344422701       9.315650423296445E-002 -2.099441443431260E-002
   26.5951389432485       0.142476271968590      -2.975319065552324E-002
   26.6538434442270       0.154350390369429      -6.258016287168953E-003
   26.7125479452055       0.147983181122088       1.533989515091781E-002
   26.7712524461840       0.125211219397779       1.165024165512069E-002
   26.8299569471624       8.522630908126522E-002  2.505762646985092E-003
   26.8886614481409       5.066040478449578E-002 -1.700535175389784E-002
   26.9473659491194       6.177605798581661E-002 -3.198110478692275E-002
   27.0060704500978       5.565097509889948E-002 -4.232855316664870E-002
   27.0647749510763       5.317033430848880E-003 -5.580859403794382E-002
   27.1234794520548      -5.078070600975605E-003 -3.379563060692459E-002
   27.1821839530333      -4.048329215119589E-002 -3.337589816336019E-002
   27.2408884540117      -8.542189228549546E-002 -8.512180959329266E-002
   27.2995929549902      -0.115582321920049      -9.269591959506004E-002
   27.3582974559687      -6.521206683000326E-002 -0.130024558482458     
   27.4170019569472      -1.292692268118703E-002 -8.787364123747005E-002
   27.4757064579256       5.159917041262669E-002 -3.509494615922534E-002
   27.5344109589041       6.238762870091968E-002 -1.362883357766922E-002
   27.5931154598826       4.633951646210190E-002 -5.241950214158535E-002
   27.6518199608611       1.804191393845269E-002 -7.772078609550570E-002
   27.7105244618395       9.497800000087375E-003 -8.461568497656634E-002
   27.7692289628180       3.377301976608712E-002 -0.137439118912645     
   27.8279334637965       4.010113104641060E-002 -0.162885107579356     
   27.8866379647750       8.700334312101227E-002 -0.147690794441606     
   27.9453424657534       0.112760707848693      -0.158020013762213     
   28.0040469667319       9.648799230234226E-002 -8.620060921036542E-002
   28.0627514677104       7.195350918832008E-002 -3.881875118737302E-002
   28.1214559686888       7.401569551960829E-002  2.384561036362205E-002
   28.1801604696673       1.961899601462345E-002  2.772460267485884E-002
   28.2388649706458       8.292544529189275E-003  4.840359319399396E-002
   28.2975694716243       6.709008167301793E-003  5.394821533491339E-003
   28.3562739726027      -2.556725025945891E-002 -3.668321055362339E-002
   28.4149784735812      -5.288648355988317E-002 -1.386133925370526E-002
   28.4736829745597      -7.661929892369154E-003 -1.281093080597945E-002
   28.5323874755382       4.546597111031631E-002 -1.683585020000877E-004
   28.5910919765166       0.112917880473106      -3.541810308470748E-003
   28.6497964774951       0.125847621964584      -8.939043275540877E-002
   28.7085009784736       7.940523688523365E-002 -0.127960646615047     
   28.7672054794521       5.327259438264850E-002 -0.133654326045339     
   28.8259099804305       3.405989453432345E-002 -9.522518832459839E-002
   28.8846144814090       7.116384314540414E-002 -2.229620407968321E-002
   28.9433189823875       8.667752575895557E-002  1.606189870025461E-002
   29.0020234833659       0.128959073190134       1.589374587732049E-002
   29.0607279843444       8.502251887146557E-002  4.613390577407881E-002
   29.1194324853229       3.593028666130840E-002  0.131672278089289     
   29.1781369863014       3.512416255949191E-002  0.125782743404091     
   29.2368414872798       3.147177097286642E-002  8.980516835365449E-002
   29.2955459882583       3.813715876423762E-002  7.931621526353375E-002
   29.3542504892368       9.960684025685521E-003  4.736650124568539E-002
   29.4129549902153       1.543118683931582E-002  1.006470001734681E-002
   29.4716594911937       5.605815450080498E-003  4.829831285227672E-002
   29.5303639921722       2.469755775436375E-002  2.982379253175021E-002
   29.5890684931507       4.623323331268006E-002  3.149799553639562E-002
   29.6477729941292       6.813552768095038E-002 -5.732408256924330E-003
   29.7064774951076      -4.402530516400827E-004 -2.535946562112680E-002
   29.7651819960861      -3.062587191602024E-002  3.243340845155780E-002
   29.8238864970646      -4.823080219386340E-002  6.343909401204577E-002
   29.8825909980431      -7.770978663690738E-002  0.104281090333576     
   29.9412954990215      -5.234297320424000E-002  0.118513391904322     
   30.0000000000000      -6.512571713682557E-003  4.761498910813955E-002
