  2.000000000000000E-003 -4.435072737132228E-014
  6.070450097847359E-002 -5.449645170573499E-013
  0.119409001956947      -5.823222038556469E-012
  0.178113502935421      -5.441212373383010E-011
  0.236818003913894      -4.469571187268077E-010
  0.295522504892368      -3.243911327492983E-009
  0.354227005870842      -2.090246579579687E-008
  0.412931506849315      -1.201279414003110E-007
  0.471636007827789      -6.184481366394958E-007
  0.530340508806262      -2.864006536941108E-006
  0.589045009784736      -1.197733102682526E-005
  0.647749510763209      -4.540157474486119E-005
  0.706454011741683      -1.565385827541899E-004
  0.765158512720157      -4.925272557602595E-004
  0.823863013698630      -1.418461701209846E-003
  0.882567514677104      -3.749733713333672E-003
  0.941272015655577      -9.121911511988370E-003
  0.999976516634051      -2.046732907437266E-002
   1.05868101761252      -4.244036355285710E-002
   1.11738551859100      -8.145846785728721E-002
   1.17609001956947      -0.144890909122348     
   1.23479452054795      -0.238982358048586     
   1.29349902152642      -0.365485665256314     
   1.35220352250489      -0.517702093597391     
   1.41090802348337      -0.677446850484943     
   1.46961252446184      -0.814906846838115     
   1.52831702544031      -0.892955428212439     
   1.58702152641879      -0.876066827215816     
   1.64572602739726      -0.741916701424610     
   1.70443052837573      -0.491951895670084     
   1.76313502935421      -0.156656757888519     
   1.82183953033268       0.207517279118984     
   1.88054403131115       0.529838598697866     
   1.93924853228963       0.742673695473135     
   1.99795303326810       0.799336898456432     
   2.05665753424658       0.686805642242961     
   2.11536203522505       0.429380409525565     
   2.17406653620352       8.240450389740334E-002
   2.23277103718200      -0.281678486293142     
   2.29147553816047      -0.590520513465211     
   2.35018003913894      -0.787433885593331     
   2.40888454011742      -0.841545044082855     
   2.46758904109589      -0.750816856154081     
   2.52629354207436      -0.538402347599004     
   2.58499804305284      -0.244405585517067     
   2.64370254403131       8.418077606323895E-002
   2.70240704500978       0.402790954305746     
   2.76111154598826       0.676087250306481     
   2.81981604696673       0.881502711295318     
   2.87852054794521        1.00969192429355     
   2.93722504892368        1.06265851222744     
   2.99592954990215        1.05057064059480     
   3.05463405088063       0.988219844153788     
   3.11333855185910       0.891838698825662     
   3.17204305283757       0.776688108699934     
   3.23074755381605       0.655545661648113     
   3.28945205479452       0.538022811700742     
   3.34815655577299       0.430524128509952     
   3.40686105675147       0.336625016754129     
   3.46556555772994       0.257661615800852     
   3.52427005870842       0.193372872832419     
   3.58297455968689       0.142489511104140     
   3.64167906066536       0.103214321637644     
   3.70038356164384       7.357621692220992E-002
   3.75908806262231       5.166526053898268E-002
   3.81779256360078       3.576901384085607E-002
   3.87649706457926       2.443499299311248E-002
   3.93520156555773       1.648295650879909E-002
   3.99390606653620       1.098679949677299E-002
   4.05261056751468       7.240923473980747E-003
   4.11131506849315       4.721253964925109E-003
   4.17001956947162       3.047179353486432E-003
   4.22872407045010       1.947766767194553E-003
   4.28742857142857       1.233619287076243E-003
   4.34613307240704       7.745061328693808E-004
   4.40483757338552       4.822261095138732E-004
   4.46354207436399       2.978727288966930E-004
   4.52224657534247       1.826111032005254E-004
   4.58095107632094       1.111458558747861E-004
   4.63965557729941       6.718525062828486E-005
   4.69836007827789       4.034654643520525E-005
   4.75706457925636       2.407800726117231E-005
   4.81576908023483       1.428366819855390E-005
   4.87447358121331       8.425215571079247E-006
   4.93317808219178       4.942600365329481E-006
   4.99188258317025       2.884488579978778E-006
   5.05058708414873       1.675025700087129E-006
   5.10929158512720       9.680751113249808E-007
   5.16799608610568       5.569581744595662E-007
   5.22670058708415       3.190426544118297E-007
   5.28540508806262       1.819994866728796E-007
   5.34410958904110       1.034107205604842E-007
   5.40281409001957       5.853424756877979E-008
   5.46151859099804       3.301225675049351E-008
   5.52022309197652       1.855365291097018E-008
   5.57892759295499       1.039292776717569E-008
   5.63763209393346       5.803138413064215E-009
   5.69633659491194       3.230456918108068E-009
   5.75504109589041       1.793072205317956E-009
   5.81374559686888       9.924729150978956E-010
   5.87245009784736       5.478711785897797E-010
   5.93115459882583       3.016662326780852E-010
   5.98985909980431       1.656955176472792E-010
   6.04856360078278       9.079792273969143E-011
   6.10726810176125       4.964384937988134E-011
   6.16597260273973       2.708449657350574E-011
   6.22467710371820       1.474624554935164E-011
   6.28338160469667       8.012820278791484E-012
   6.34208610567515       4.345790822024276E-012
   6.40079060665362       2.352699020731245E-012
   6.45949510763209       1.271484957308223E-012
   6.51819960861057       6.860173796170131E-013
   6.57690410958904       3.695459253506203E-013
   6.63560861056752       1.987651282243739E-013
   6.69431311154599       1.067525519395709E-013
   6.75301761252446       5.725445270452178E-014
   6.81172211350294       3.066611030991254E-014
   6.87042661448141       1.640404496783930E-014
   6.92913111545988       8.764142061984945E-015
   6.98783561643836       4.676882301858760E-015
   7.04654011741683       2.492949445176772E-015
   7.10524461839530       1.327397565583560E-015
   7.16394911937378       7.060553091102898E-016
   7.22265362035225       3.751849465148514E-016
   7.28135812133072       1.991769519581432E-016
   7.34006262230920       1.056420967908536E-016
   7.39876712328767       5.598294314750862E-017
   7.45747162426615       2.964224259150008E-017
   7.51617612524462       1.568260379689672E-017
   7.57488062622309       8.290707525167740E-018
   7.63358512720157       4.379708900894104E-018
   7.69228962818004       2.312024630104625E-018
   7.75099412915851       1.219680267859181E-018
   7.80969863013699       6.430105612798437E-019
   7.86840313111546       3.387821376292513E-019
   7.92710763209393       1.783875013530836E-019
   7.98581213307241       9.387730686659049E-020
   8.04451663405088       4.937639891906289E-020
   8.10322113502936       2.595677149264915E-020
   8.16192563600783       1.363841400474247E-020
   8.22063013698630       7.162556651333152E-021
   8.27933463796478       3.759862521186993E-021
   8.33803913894325       1.972803741961991E-021
   8.39674363992172       1.034693695174712E-021
   8.45544814090020       5.424545684528233E-022
   8.51415264187867       2.842797439014197E-022
   8.57285714285714       1.489246053479658E-022
   8.63156164383562       7.798870827913124E-023
   8.69026614481409       4.082706611202405E-023
   8.74897064579256       2.136593841405353E-023
   8.80767514677104       1.117786988940992E-023
   8.86637964774951       5.846084405850157E-024
   8.92508414872799       3.056648540375045E-024
   8.98378864970646       1.597737893496700E-024
   9.04249315068493       8.349301945347839E-025
   9.10119765166341       4.361985213001522E-025
   9.15990215264188       2.278306712931395E-025
   9.21860665362035       1.189703030224708E-025
   9.27731115459883       6.211085936480768E-026
   9.33601565557730       3.241926326001704E-026
   9.39472015655577       1.691800888528759E-026
   9.45342465753425       8.826927757542435E-027
   9.51212915851272       4.604555039691289E-027
   9.57083365949119       2.401524088491402E-027
   9.62953816046967       1.252306617887009E-027
   9.68824266144814       6.529230278166651E-028
   9.74694716242662       3.403642045922963E-028
   9.80565166340509       1.774022954685505E-028
   9.86435616438356       9.245082882263806E-029
   9.92306066536204       4.817272847417656E-029
   9.98176516634051       2.509765108739403E-029
   10.0404696673190       1.307400762795110E-029
   10.0991741682975       6.809740193518026E-030
   10.1578786692759       3.546506297401275E-030
   10.2165831702544       1.846806735794718E-030
   10.2752876712329       9.616006239420505E-031
   10.3339921722114       5.006365581019185E-031
   10.3926966731898       2.606194380345570E-031
   10.4514011741683       1.356592068926676E-031
   10.5101056751468       7.060764062193826E-032
   10.5688101761252       3.674647973024319E-032
   10.6275146771037       1.912242588164098E-032
   10.6862191780822       9.950272188605793E-033
   10.7449236790607       5.177178339825037E-033
   10.8036281800391       2.693511785668279E-033
   10.8623326810176       1.401243358760585E-033
   10.9210371819961       7.289176618292432E-034
   10.9797416829746       3.791532927407865E-034
   11.0384461839530       1.972076805196202E-034
   11.0971506849315       1.025667480542344E-034
   11.1558551859100       5.334137436586799E-035
   11.2145596868885       2.773944143807225E-035
   11.2732641878669       1.442474405342357E-035
   11.3319686888454       7.500606300431717E-036
   11.3906731898239       3.899989090961758E-036
   11.4493776908024       2.027729692482754E-036
   11.5080821917808       1.054234485414913E-036
   11.5667866927593       5.480821692406550E-037
   11.6254911937378       2.849287021265221E-037
   11.6841956947162       1.481185800800687E-037
   11.7429001956947       7.699568829659778E-038
   11.8016046966732       4.002280092280934E-038
   11.8603091976517       2.080335656779522E-038
   11.9190136986301       1.081296594323965E-038
   11.9777181996086       5.620078039120601E-039
   12.0364227005871       2.920966134418416E-039
   12.0951272015656       1.518091379885945E-039
   12.1538317025440       7.889637558009833E-040
   12.2125362035225       4.100194363060740E-040
   12.2712407045010       2.130789634153672E-040
   12.3299452054795       1.107301561018395E-040
   12.3886497064579       5.754146323476166E-041
   12.4473542074364       2.990101780726430E-041
   12.5060587084149       1.553751400941883E-041
   12.5647632093933       8.073613962509702E-042
   12.6234677103718       4.195132564917227E-042
   12.6821722113503       2.179791837928710E-042
   12.7408767123288       1.132599396686632E-042
   12.7995812133072       5.884775953930344E-043
   12.8582857142857       3.057568262195520E-043
   12.9169902152642       1.588602777820277E-043
   12.9756947162427       8.253681262030776E-044
   13.0343992172211       4.288185557362390E-044
   13.0931037181996       2.227887289230525E-044
   13.1518082191781       1.157462392546177E-044
   13.2105127201566       6.013327223500633E-045
   13.2692172211350       3.124045114934451E-045
   13.3279217221135       1.622984961050510E-045
   13.3866262230920       8.431535070298660E-046
   13.4453307240705       4.380200307215624E-046
   13.5040352250489       2.275499043644512E-046
   13.5627397260274       1.182101859800478E-046
   13.6214442270059       6.140855597901476E-047
   13.6801487279843       3.190059525945044E-047
   13.7388532289628       1.657161272323251E-047
   13.7975577299413       8.608490649571889E-048
   13.8562622309198       4.471833782539815E-048
   13.9149667318982       2.322955260472644E-048
   13.9736712328767       1.206681720026574E-048
   14.0323757338552       6.268179920529671E-049
   14.0910802348337       3.256020549830315E-049
   14.1497847358121       1.691336064069958E-049
   14.2084892367906       8.785568936567780E-050
   14.2671937377691       4.563596066196672E-050
   14.3258982387476       2.370510803398545E-050
   14.3846027397260       1.231329324392321E-050
   14.4433072407045       6.395936588374317E-051
   14.5020117416830       3.322246229696079E-051
   14.5607162426614       1.725668293065118E-051
   14.6194207436399       8.963564460388734E-052
   14.6781252446184       4.655884332216788E-052
   14.7368297455969       2.418364233777711E-052
   14.7955342465753       1.256143951139828E-052
   14.8542387475538       6.524622035461071E-053
   14.9129432485323       3.388984832999437E-053
   14.9716477495108       1.760282133563357E-053
   15.0303522504892       9.143098375471370E-054
   15.0890567514677       4.749009341716859E-054
   15.1477612524462       2.466671046326884E-054
   15.2064657534247       1.281203416348931E-054
   15.2651702544031       6.654625746767039E-055
   15.3238747553816       3.456431336419138E-055
   15.3825792563601       1.795275207677168E-055
   15.4412837573386       9.324659548372429E-056
   15.4999882583170       4.843215951462119E-056
   15.5586927592955       2.515553904906427E-056
   15.6173972602740       1.306569182066496E-056
   15.6761017612524       6.786255747628792E-057
   15.7348062622309       3.524740143790647E-057
   15.7935107632094       1.830724930415999E-057
   15.8522152641879       9.508636210753753E-058
   15.9109197651663       4.938698903034355E-058
   15.9696242661448       2.565110517870286E-058
   16.0283287671233       1.332290284093222E-058
   16.0870332681018       6.919758191958732E-059
   16.1457377690802       3.594034854254452E-059
   16.2044422700587       1.866693380497420E-059
   16.2631467710372       9.695340245789885E-060
   16.3218512720157       5.035614931590789E-060
   16.3805557729941       2.615419674928027E-060
   16.4392602739726       1.358406341518904E-060
   16.4979647749511       7.055332364802914E-061
   16.5566692759296       3.664415740674640E-061
   16.6153737769080       1.903231027986945E-061
   16.6740782778865       9.885025767869961E-062
   16.7327827788650       5.134092026161443E-062
   16.7914872798434       2.666545862377630E-062
   16.8501917808219       1.384949856816467E-062
   16.9088962818004       7.193142144895253E-063
   16.9676007827789       3.735965461823497E-063
   17.0263052837573       1.940379580780093E-063
   17.0850097847358       1.007790330667296E-063
   17.1437142857143       5.234236497389412E-064
   17.2024187866928       2.718542784768630E-064
   17.2611232876712       1.411947970543061E-064
   17.3198277886497       7.333324747399497E-065
   17.3785322896282       3.808753418316731E-065
   17.4372367906067       1.978174154830852E-065
   17.4959412915851       1.027415061951420E-065
   17.5546457925636       5.336138364267946E-066
   17.6133502935421       2.771456048535574E-066
   17.6720547945205       1.439423798283114E-066
   17.7307592954990       7.475997384232259E-067
   17.7894637964775       3.882839070571396E-067
   17.8481682974560       2.016644927027075E-067
   17.9068727984344       1.047392092520791E-067
   17.9655772994129       5.439875455818021E-068
   18.0242818003914       2.825325205214749E-068
   18.0829863013699       1.467397448449326E-068
   18.1416908023483       7.621262334050249E-069
   18.2003953033268       3.958274464305930E-069
   18.2590998043053       2.055818393201054E-069
   18.3178043052838       1.067734917046838E-069
   18.3765088062622       5.545516532488967E-070
   18.4352133072407       2.880185306258595E-070
   18.4939178082192       1.495886796755019E-070
   18.5526223091977       7.769210799980258E-071
   18.6113268101761       4.035106152111996E-071
   18.6700313111546       2.095718325281096E-071
   18.7287358121331       1.088455679756105E-071
   18.7874403131115       5.653123660965495E-072
   18.8461448140900       2.936068085948887E-072
   18.9048493150685       1.524908075434182E-072
   18.9635538160470       7.919925844589227E-073
   19.0222583170254       4.113376655399038E-073
   19.0809628180039       2.136366499507437E-073
   19.1396673189824       1.109565537167232E-073
   19.1983718199609       5.762754021032750E-074
   19.2570763209393       2.993002861438024E-074
   19.3157808219178       1.554476321576588E-074
   19.3744853228963       8.073484623183874E-075
   19.4331898238748       4.193125576881994E-075
   19.4918943248532       2.177783250609270E-075
   19.5505988258317       1.131074934152439E-075
   19.6093033268102       5.874461280787872E-076
   19.6680078277886       3.051017217824248E-076
   19.7267123287671       1.584605718410460E-076
   19.7854168297456       8.229960083993429E-077
   19.8441213307241       4.274390447584615E-077
   19.9028258317025       2.219987893774162E-077
   19.9615303326810       1.152993814163460E-077
   20.0202348336595       5.988296644006524E-078
   20.0789393346380       3.110137529972732E-078
   20.1376438356164       1.615309855290154E-078
   20.1963483365949       8.389422263543099E-079
   20.2550528375734       4.357207372267483E-079
   20.3137573385519       2.262999046245019E-079
   20.3724618395303       1.175331779477776E-079
   20.4311663405088       6.104309648647041E-080
   20.4898708414873       3.170389360419858E-080
   20.5485753424658       1.646601925983167E-080
   20.6072798434442       8.551939274807996E-081
   20.6659843444227       4.441611521885514E-081
   20.7246888454012       2.306834872751558E-081
   20.7833933463796       1.198098213521288E-081
   20.8420978473581       6.222548776529062E-082
   20.9008023483366       3.231797763260856E-082
   20.9595068493151       1.678494880146106E-082
   21.0182113502935       8.717578062297005E-083
   21.0769158512720       4.527637510002891E-083
   21.1356203522505       2.351513273165477E-083
   21.1943248532290       1.221302374425422E-083
   21.2530293542074       6.343061919795479E-084
   21.3117338551859       3.294387516734461E-084
   21.3704383561644       1.711001539301948E-084
   21.4291428571429       8.886404980398697E-085
   21.4878473581213       4.615319681218311E-085
   21.5465518590998       2.397052026348599E-085
   21.6052563600783       1.244953466774641E-085
   21.6639608610568       6.465896738796182E-086
   21.7226653620352       3.358183301751231E-086
   21.7813698630137       1.744134685904787E-086
   21.8400743639922       9.058486237747499E-087
   21.8987788649706       4.704692332889191E-087
   21.9574833659491       2.443468900795841E-087
   22.0161878669276       1.269060696823866E-087
   22.0748923679061       6.591100937678790E-088
   22.1335968688845       3.423209839456603E-088
   22.1923013698630       1.777907132011660E-088
   22.2510058708415       9.233888240076173E-089
   22.3097103718200       4.795789886321207E-089
   22.3684148727984       2.490781740122405E-089
   22.4271193737769       1.293633315192854E-089
   22.4858238747554       6.718722477644234E-090
   22.5445283757339       3.489491997762103E-090
   22.6032328767123       1.812331772508087E-090
   22.6619373776908       9.412677856174850E-091
   22.7206418786693       4.888647019683615E-091
   22.7793463796478       2.539008529499340E-091
   22.8380508806262       1.318680650077880E-091
   22.8967553816047       6.848809743000852E-092
   22.9554598825832       3.557054874385333E-092
   23.0141643835616       1.847421626640511E-092
   23.0728688845401       9.594922625653854E-093
   23.1315733855186       4.983298771960504E-093
   23.1902778864971       2.588167447672556E-093
   23.2489823874755       1.344212133288594E-093
   23.3076868884540       6.981411671509338E-094
   23.3663913894325       3.625923862115126E-094
   23.4250958904110       1.883189870703116E-094
   23.4838003913894       9.780690922682186E-095
   23.5425048923679       5.079780624991670E-095
   23.6012093933464       2.638276908078907E-095
   23.6599138943249       1.370237320858859E-095
   23.7186183953033       7.116577857726929E-096
   23.7773228962818       3.696124700642991E-096
   23.8360273972603       1.919649864039502E-096
   23.8947318982387       9.970052086466728E-097
   23.9534363992172       5.178128568963652E-097
   24.0121409001957       2.689355591728073E-097
   24.0708454011742       1.396765909560389E-097
   24.1295499021526       7.254358635966336E-098
   24.1882544031311       3.767683518251660E-098
   24.2469589041096       1.956815169998446E-098
   24.3056634050881       1.016307652662278E-098
   24.3643679060665       5.278379155410537E-099
   24.4230724070450       2.741422473870787E-099
   24.4817769080235       1.423807750325722E-099
   24.5404814090020       7.394805147883345E-100
   24.5991859099804       3.840626865857296E-100
   24.6578904109589       1.994699573087008E-100
   24.7165949119374       1.035983580963377E-100
   24.7752994129159       5.380569540811972E-101
   24.8340039138943       2.794496845989909E-101
   24.8927084148728       1.451372859345966E-101
   24.9514129158513       7.537969398498759E-102
   25.0101174168297       3.914981745301630E-102
   25.0688219178082       2.033317093264099E-102
   25.1275264187867       1.056040273109533E-102
   25.1862309197652       5.484737523121647E-103
   25.2449354207436       2.848598334279354E-103
   25.3036399217221       1.479471427421726E-103
   25.3623444227006       7.683904303538900E-104
   25.4210489236791       3.990775633331186E-104
   25.4797534246575       2.072681998091120E-104
   25.5384579256360       1.076485137731254E-104
   25.5971624266145       5.590921573006196E-105
   25.6558669275930       2.903746915493522E-105
   25.7145714285714       1.508113828008595E-105
   25.7732759295499       7.832663730295298E-106
   25.8319804305284       4.068036502354692E-106
   25.8906849315069       2.112808813282159E-106
   25.9493894324853       1.097325717894866E-106
   26.0080939334638       5.699160861137944E-107
   26.0667984344423       2.959962930838497E-107
   26.1255029354207       1.537310624290334E-107
   26.1842074363992       7.984302533657096E-108
   26.2429119373777       4.146792838806403E-108
   26.3016164383562       2.153712332067917E-108
   26.3603209393346       1.118569695878769E-108
   26.4190254403131       5.809495282569971E-109
   26.4777299412916       3.017267098416271E-109
   26.5364344422701       1.567072575534820E-109
   26.5951389432485       8.138876588583906E-110
   26.6538434442270       4.227073659747880E-110
   26.7125479452055       2.195407623684818E-110
   26.7712524461840       1.140224897516420E-110
   26.8299569471624       5.921965478964332E-111
   26.8886614481409       3.075680524606212E-111
   26.9473659491194       1.597410642923803E-111
   27.0060704500978       8.296442819983458E-112
   27.0647749510763       4.308908528181611E-112
   27.1234794520548       2.237910041228167E-112
   27.1821839530333       1.162299296225651E-112
   27.2408884540117       6.036612859268917E-113
   27.2995929549902       3.135224714679366E-113
   27.3582974559687       1.628335995004450E-113
   27.4170019569472       8.457059230715352E-114
   27.4757064579256       4.392327567443935E-114
   27.5344109589041       2.281235229051752E-114
   27.5931154598826       1.184801016813258E-114
   27.6518199608611       6.153479619288789E-115
   27.7105244618395       3.195921582870918E-115
   27.7692289628180       1.659860012873012E-115
   27.8279334637965       8.620784928283720E-116
   27.8866379647750       4.477361474950942E-116
   27.9453424657534       2.325399129849364E-116
   28.0040469667319       1.207738339124594E-116
   28.0627514677104       6.272608760499183E-117
   28.1214559686888       3.257793462078374E-117
   28.1801604696673       1.691994295177117E-117
   28.2388649706458       8.787680150636086E-118
   28.2975694716243       4.564041535512196E-118
   28.3562739726027       2.370417991525286E-118
   28.4149784735812       1.231119701589690E-118
   28.4736829745597       6.394044108354602E-119
   28.5323874755382       3.320863113316928E-119
   28.5910919765166       1.724750662999580E-119
   28.6497964774951       8.957806291399369E-120
   28.7085009784736       4.652399634368403E-120
   28.7672054794521       2.416308373932448E-120
   28.8259099804305       1.254953704706995E-120
   28.8846144814090       6.517830330298701E-121
   28.9433189823875       3.385153735032854E-121
   29.0020234833659       1.758141164674801E-121
   29.0607279843444       9.131225924790805E-122
   29.1194324853229       4.742468270080060E-122
   29.1781369863014       2.463087155541732E-122
   29.2368414872798       1.279249114494010E-122
   29.2955459882583       6.644012953623278E-123
   29.3542504892368       3.450688972348008E-123
   29.4129549902153       1.792178080574557E-123
   29.4716594911937       9.308002830397243E-124
   29.5303639921722       4.834280567358582E-124
   29.5890684931507       2.510771540086983E-124
   29.6477729941292       1.304014865929402E-124
   29.7064774951076       6.772638383299696E-125
   29.7651819960861       3.517492926296579E-125
   29.8238864970646       1.826873927893928E-125
   29.8825909980431       9.488202017973616E-126
   29.9412954990215       4.927870289916568E-126
   30.0000000000000       2.559379063224073E-126
