  2.000000000000000E-003 -1.650149896647626E-002 -2.089595309171604E-002
  6.070450097847359E-002 -2.367589278591183E-002  3.881819537137397E-003
  0.119409001956947      -2.726964013505085E-003  2.092603774355236E-002
  0.178113502935421       8.305786302024342E-003  6.249484818066282E-003
  0.236818003913894      -1.285361640975998E-002 -1.192290847091393E-002
  0.295522504892368      -3.543675352622238E-004 -6.410378238182140E-003
  0.354227005870842      -3.460215252164425E-004  3.074230191960478E-003
  0.412931506849315       2.097141875139260E-003  8.368284063473388E-003
  0.471636007827789       2.393329466596526E-004 -1.958380599579793E-003
  0.530340508806262       2.049494782060092E-002 -3.797977923115289E-002
  0.589045009784736       3.794184593119147E-002  8.442273641728107E-003
  0.647749510763209       3.654869926530854E-002  2.786583634687821E-002
  0.706454011741683       3.178113891861870E-002  5.479090060518282E-002
  0.765158512720157       2.189573479514546E-002  6.005538582525329E-002
  0.823863013698630       9.016336319536380E-003  6.418028821735072E-002
  0.882567514677104       6.572474798937989E-003  3.646755156875155E-002
  0.941272015655577      -1.283112095963756E-002  1.101227337191461E-002
  0.999976516634051      -1.186548587421456E-002 -1.854326570789084E-002
   1.05868101761252       2.948933968227721E-002 -2.817993080066871E-002
   1.11738551859100       2.894767186546833E-002 -4.248675019892273E-002
   1.17609001956947       4.316299335183697E-002 -6.313313325874377E-002
   1.23479452054795       7.670072125768213E-002 -9.708247063149708E-002
   1.29349902152642       0.178779941431567      -0.182544785295180     
   1.35220352250489       0.312135934616654      -0.288947899114320     
   1.41090802348337       0.416150366424787      -0.334677667770801     
   1.46961252446184       0.490590461167272      -0.342917455280702     
   1.52831702544031       0.591148528641730      -0.257027524689375     
   1.58702152641879       0.689091019387237      -0.162609461630763     
   1.64572602739726       0.723243384902860      -0.133371062807391     
   1.70443052837573       0.631865394480137      -4.580432187590043E-002
   1.76313502935421       0.455421436095059       6.203746026464864E-002
   1.82183953033268       0.258681701875018       0.172522157083790     
   1.88054403131115      -1.132748337198446E-002  0.291293387280385     
   1.93924853228963      -0.266464280084101       0.339712497084930     
   1.99795303326810      -0.540396747897786       0.328255163985453     
   2.05665753424658      -0.760477086462586       0.225311085843357     
   2.11536203522505      -0.835450399836027       7.066811124682076E-002
   2.17406653620352      -0.722823349642834      -0.172057861501862     
   2.23277103718200      -0.490941276474199      -0.403211381205985     
   2.29147553816047      -0.269986017052095      -0.544206825442682     
   2.35018003913894      -3.300155037214945E-002 -0.584728492844294     
   2.40888454011742       0.164624545337026      -0.541564200307237     
   2.46758904109589       0.348964114663769      -0.460544365226928     
   2.52629354207436       0.512938328745822      -0.371922929337771     
   2.58499804305284       0.581003316982660      -0.284345921890459     
   2.64370254403131       0.613897360041883      -0.151100814798825     
   2.70240704500978       0.584165924794471      -2.652082268120597E-002
   2.76111154598826       0.503644400705265       5.309709677315365E-002
   2.81981604696673       0.417377074564986       0.152442455102894     
   2.87852054794521       0.271020190360699       0.167752167542876     
   2.93722504892368       0.148545221116207       0.144699012354360     
   2.99592954990215       0.128486250740873       0.111721315094144     
   3.05463405088063       0.166664551459241       0.144094725664063     
   3.11333855185910       0.145508480066327       0.230673718835805     
   3.17204305283757       0.114080208234696       0.178038981736641     
   3.23074755381605       0.170478047533772       0.129308554796003     
   3.28945205479452       0.177520960402156       0.101758625178729     
   3.34815655577299       0.132154096030031       6.007413339444111E-002
   3.40686105675147       0.102030216060873       1.868429953214447E-002
   3.46556555772994       6.112381523180020E-002 -3.375661469219460E-002
   3.52427005870842       3.194078874605565E-002 -0.100570753532050     
   3.58297455968689       3.845395177126246E-002 -9.419898100714759E-002
   3.64167906066536       8.530637719059073E-003 -4.439301300114171E-002
   3.70038356164384      -3.523033769766724E-003 -8.385268331145508E-003
   3.75908806262231      -1.280153382574267E-002  2.708572212499425E-002
   3.81779256360078      -4.245339110603368E-002  3.840512278609388E-002
   3.87649706457926      -0.106607683017609       5.915298094135937E-002
   3.93520156555773      -0.150980026159718      -3.105924377674341E-002
   3.99390606653620      -8.460874632940615E-002 -0.133808381204429     
   4.05261056751468       7.486468546365277E-002 -0.146850866897021     
   4.11131506849315       7.607902031344967E-002 -0.131611479716228     
   4.17001956947162       6.031690548085999E-002 -9.558351846816446E-002
   4.22872407045010      -2.453031011663771E-002 -7.235964644872760E-002
   4.28742857142857      -5.879390845300343E-002 -7.463492145159031E-002
   4.34613307240704      -6.885988936335596E-002 -6.148768750394708E-002
   4.40483757338552       1.177803259847412E-002 -8.859961181323968E-002
   4.46354207436399       6.329159929651117E-002 -2.585521875779204E-002
   4.52224657534247       8.128980351444381E-002  5.162283236781329E-002
   4.58095107632094       8.145786157825811E-002  6.705150406267094E-002
   4.63965557729941       3.950898784492592E-002  6.127333499294609E-002
   4.69836007827789      -6.631907236369809E-003  1.839355781141825E-002
   4.75706457925636       1.950843898324215E-002 -3.718849164992202E-002
   4.81576908023483       6.081778285325812E-002 -3.704120529637547E-002
   4.87447358121331       5.661733168033418E-002 -4.169232539871730E-002
   4.93317808219178       6.555926047885557E-002  2.877692111672538E-002
   4.99188258317025      -4.677555744170270E-002  0.100725576123981     
   5.05058708414873      -0.144758490508846       9.427331528863821E-002
   5.10929158512720      -0.144281869310320       4.019853861167507E-002
   5.16799608610568      -6.040546861268783E-002  2.047785938303400E-002
   5.22670058708415      -7.406765449570385E-002  1.458489484564152E-002
   5.28540508806262      -0.102429327633091      -1.176107668503719E-002
   5.34410958904110      -8.278100291002237E-002 -3.511346889426050E-003
   5.40281409001957      -3.966461612878697E-002  4.040463869660778E-002
   5.46151859099804      -5.127592291666853E-002  4.004367332666404E-002
   5.52022309197652      -8.979639771274016E-003 -3.372134005059846E-002
   5.57892759295499      -2.043087967761096E-003 -3.903905894359920E-002
   5.63763209393346      -9.198972275058757E-002  1.386649010392945E-002
   5.69633659491194      -7.535502965990504E-002 -8.912107180618847E-003
   5.75504109589041      -1.469596091896136E-003  4.216606638722496E-002
   5.81374559686888       3.399305066884925E-002  2.287217232178771E-002
   5.87245009784736       8.694178396578450E-002  1.414335127771198E-002
   5.93115459882583       3.666895689029290E-002 -8.549116917352509E-003
   5.98985909980431       1.833988829870583E-002 -2.870375273943200E-002
   6.04856360078278       6.577885656381952E-002  2.002639228841737E-002
   6.10726810176125       7.620571895041779E-002  0.102376417772945     
   6.16597260273973       7.587418274623005E-002  0.174472674471692     
   6.22467710371820       3.209997581803786E-002  0.148198834938543     
   6.28338160469667       2.406355896619285E-002  0.128530758000137     
   6.34208610567515      -5.143952915651898E-002  7.321603920737597E-002
   6.40079060665362      -8.145821121323446E-002 -6.663844029635407E-002
   6.45949510763209      -1.577040489251082E-002 -9.874835940465218E-002
   6.51819960861057      -3.113786347409622E-002 -3.083624163085480E-002
   6.57690410958904      -3.611167310293181E-002 -2.623550817670589E-002
   6.63560861056752      -5.558669497776631E-004  6.890775142716267E-003
   6.69431311154599      -1.171052653926026E-002 -2.473537089263966E-002
   6.75301761252446       1.842278284975565E-002 -4.772519626990025E-002
   6.81172211350294      -4.742870609948484E-004 -4.009086461319614E-002
   6.87042661448141       2.631881426199991E-002 -3.755816089238588E-002
   6.92913111545988       1.564438134221063E-002  5.841217319723197E-003
   6.98783561643836       5.113061060534350E-002  4.126717726866107E-003
   7.04654011741683       6.654235746181032E-002  3.374653707487492E-002
   7.10524461839530       1.405318211685392E-002  2.811309785142104E-002
   7.16394911937378       3.500474965069997E-002  3.867680900317099E-002
   7.22265362035225      -2.589941058947434E-002  6.577600829180076E-002
   7.28135812133072      -2.973189201808092E-002  4.208687186428023E-002
   7.34006262230920       8.259480364908010E-003  2.599848955798784E-002
   7.39876712328767       1.098254764441443E-002  4.845537598861370E-002
   7.45747162426615      -1.607322554495303E-002  1.223456932832822E-002
   7.51617612524462      -5.040605543593620E-002  9.184146264576639E-003
   7.57488062622309      -6.894911948353151E-002 -1.389980548741892E-002
   7.63358512720157      -2.923480185559733E-002 -3.367459437563426E-003
   7.69228962818004      -7.493029188089355E-003  8.817411728286655E-002
   7.75099412915851       4.229979638271916E-003  9.944515704055781E-002
   7.80969863013699       3.024764877974315E-002  0.125751878307088     
   7.86840313111546       4.837642935239737E-002  8.652286480153748E-002
   7.92710763209393       7.934900882053142E-002  2.885771069813447E-003
   7.98581213307241       4.638142483485181E-002 -5.945483555363681E-002
   8.04451663405088       3.280144245447628E-002 -6.770560322009306E-002
   8.10322113502936      -1.990029532313829E-002 -2.864358469111826E-002
   8.16192563600783      -3.936611103755937E-002 -3.200833818517080E-002
   8.22063013698630       2.696246071751147E-002  5.525380962751902E-003
   8.27933463796478       4.993950394142355E-002  2.257781603827645E-002
   8.33803913894325       0.112956617413473       3.350253609240486E-002
   8.39674363992172       0.122276409691649       1.843622853186151E-002
   8.45544814090020       7.461358614682438E-002  7.322728865435130E-003
   8.51415264187867       5.859602712215385E-002  1.309192243303766E-002
   8.57285714285714       1.510533017748160E-002  1.730149377234899E-002
   8.63156164383562      -6.952357199654953E-003  5.522859981664241E-003
   8.69026614481409       3.170426655205326E-002  3.046488462013358E-002
   8.74897064579256       3.268663682749971E-002  6.269398705308514E-002
   8.80767514677104       4.937864783170735E-002  3.932626277416322E-002
   8.86637964774951       7.383091845309256E-002  4.694270426407623E-002
   8.92508414872799       3.959550479569585E-002  8.103815857629405E-003
   8.98378864970646       1.029299386182947E-002  1.705912822342093E-002
   9.04249315068493      -5.227090350270834E-002 -2.635171437830252E-003
   9.10119765166341      -5.995030096944096E-002 -1.520071619138984E-002
   9.15990215264188      -6.143343813579496E-002  7.976543236563681E-003
   9.21860665362035      -2.850478109114853E-002  1.373735772025670E-002
   9.27731115459883       2.280997850237614E-002  7.649409080727841E-002
   9.33601565557730      -8.676783765054309E-003  0.105043992206784     
   9.39472015655577      -5.866678796202544E-002  2.787416511604388E-002
   9.45342465753425      -3.719750404043362E-002  8.150206372234235E-003
   9.51212915851272      -7.858458035151798E-002 -1.624445833346640E-002
   9.57083365949119      -6.771850566764871E-002 -4.342668577227586E-002
   9.62953816046967      -8.470987616116579E-002 -4.150016882160237E-002
   9.68824266144814      -7.321676395599244E-002 -3.243800662090868E-002
   9.74694716242662      -7.580845184989818E-002 -3.548362107126340E-002
   9.80565166340509      -2.328079838033527E-002 -2.618164123580385E-002
   9.86435616438356       3.671862511872868E-002  2.674508058718008E-002
   9.92306066536204       7.625823244669980E-002  2.137367042950027E-002
   9.98176516634051       9.337443656879008E-002  2.812042997993022E-003
   10.0404696673190       8.377282917990644E-002 -3.269689663660295E-002
   10.0991741682975       5.169945857447171E-002 -5.985924140692321E-002
   10.1578786692759      -9.443406680313899E-004 -6.889755461261103E-003
   10.2165831702544      -4.777929326511232E-002  2.515191017253549E-002
   10.2752876712329      -9.004235720233371E-002  2.452888369099876E-002
   10.3339921722114      -3.865069655709240E-002 -7.691558720455592E-003
   10.3926966731898       5.895522274322280E-002 -6.955141458101999E-003
   10.4514011741683       0.101619338357109       1.213531411934778E-002
   10.5101056751468       0.143414717907433       8.032950811908905E-003
   10.5688101761252       0.113098638561843       2.211990787612616E-002
   10.6275146771037       5.884486691963291E-002 -2.015737729823475E-002
   10.6862191780822       2.154578950419157E-002 -4.279469902156410E-002
   10.7449236790607      -6.382023723550102E-003 -2.916245892401875E-002
   10.8036281800391      -2.619371839170484E-002 -2.943358222125392E-002
   10.8623326810176      -5.204486409949428E-002 -2.396709375083295E-003
   10.9210371819961      -7.382221323037480E-002 -8.551666614981277E-003
   10.9797416829746      -3.834419908594177E-002  1.445728363335786E-002
   11.0384461839530      -4.813260736659027E-002  3.446730880429751E-002
   11.0971506849315      -6.654187431279317E-002 -1.131624671926922E-002
   11.1558551859100      -3.513571610672666E-002 -3.536883507107640E-002
   11.2145596868885       3.292533375861342E-004 -5.331535125973931E-002
   11.2732641878669       7.521346368291103E-002 -3.685987680179113E-002
   11.3319686888454       0.100833454035946       2.747268017849990E-002
   11.3906731898239       6.667604415745423E-002  0.101767357159081     
   11.4493776908024       3.506014837986110E-002  0.108071553838160     
   11.5080821917808       1.467292668299165E-002  8.280175823327501E-002
   11.5667866927593       1.068465162264567E-003  5.139626441156915E-002
   11.6254911937378       5.320001149571043E-003  2.023285088759132E-003
   11.6841956947162       7.478663342732114E-003  2.356883431526725E-003
   11.7429001956947      -2.206729050051852E-002  1.499604564110341E-002
   11.8016046966732      -7.609233890271774E-002  5.141448143588752E-002
   11.8603091976517      -9.507856491712327E-002  9.906560386795336E-002
   11.9190136986301      -8.131711953541429E-002  9.337332971410134E-002
   11.9777181996086       2.816405811999921E-003  8.274118139638703E-002
   12.0364227005871       5.254557789634393E-002  0.108331876947746     
   12.0951272015656       5.595237763562334E-002  0.117915594471531     
   12.1538317025440       6.565024561111376E-003  0.122468932851243     
   12.2125362035225      -9.436655789570286E-003  3.054876255731480E-002
   12.2712407045010       1.673218942383549E-002  2.444257190977602E-002
   12.3299452054795       4.235793748558329E-002  4.009313301006109E-002
   12.3886497064579       1.646042509580141E-002  5.460011510666471E-002
   12.4473542074364      -4.163265857004761E-002  2.612764227628092E-002
   12.5060587084149      -5.804901670610325E-002 -2.879591163176015E-002
   12.5647632093933      -4.232101809598724E-002 -5.313488260037807E-002
   12.6234677103718      -6.910070607125623E-002 -1.921648301450562E-002
   12.6821722113503      -9.021130527433155E-002 -1.613072723810015E-002
   12.7408767123288      -8.838768929766828E-002 -2.280104354718805E-002
   12.7995812133072      -3.459763304740397E-002  2.397643871779325E-002
   12.8582857142857       1.337335221493285E-002  3.515190970522770E-002
   12.9169902152642       2.575660851633490E-002  5.211759812792414E-002
   12.9756947162427       2.455094996705592E-002  1.149517970867841E-002
   13.0343992172211       4.366646497115582E-002 -9.948810800169951E-002
   13.0931037181996       8.526777422332213E-002 -0.114643554125237     
   13.1518082191781       2.454207740768803E-002 -9.459608537631495E-002
   13.2105127201566      -3.415448824431424E-003 -2.725531305286248E-002
   13.2692172211350      -2.897042469601401E-002  2.667433703303151E-002
   13.3279217221135       1.752846650066734E-002  5.681195793105941E-002
   13.3866262230920       2.942618049400558E-002  5.390721391731709E-002
   13.4453307240705      -7.407449524659314E-003  9.287914588945452E-002
   13.5040352250489      -3.543781893180040E-002  5.234517647279891E-002
   13.5627397260274      -6.061787571281853E-002  1.735989138806650E-002
   13.6214442270059      -2.007584396978223E-002  2.141035592574467E-002
   13.6801487279843       1.725538838200542E-003  5.439821680153772E-002
   13.7388532289628      -2.734327971107338E-002  5.961997358374159E-002
   13.7975577299413      -3.478264772630177E-002  4.397844537679739E-003
   13.8562622309198      -1.387879708828818E-002 -4.516776745424856E-002
   13.9149667318982       4.141545541949183E-003 -4.801018912605304E-002
   13.9736712328767       1.123598603456553E-002 -4.482270027545673E-002
   14.0323757338552      -6.280791835155651E-002 -4.274028662859664E-002
   14.0910802348337      -6.402200604555709E-002 -4.410350802648072E-002
   14.1497847358121      -4.389179752930396E-002 -5.709205203557144E-002
   14.2084892367906       6.887633654316931E-003 -2.085445609828619E-002
   14.2671937377691      -1.067276771718945E-002  3.600739601674308E-002
   14.3258982387476      -5.501819928300032E-002  4.137093478758709E-002
   14.3846027397260      -9.552418492393344E-002 -1.817615729637468E-002
   14.4433072407045      -9.196074937646380E-002 -3.474824680071485E-002
   14.5020117416830      -7.025628263225531E-002  3.348436726140153E-004
   14.5607162426614      -6.018327101966840E-002  6.217005732636736E-002
   14.6194207436399      -3.171287141764449E-002  6.755619378270404E-002
   14.6781252446184      -5.742136218596789E-002  3.030572194761220E-002
   14.7368297455969      -9.386093608319698E-002  6.576708908242163E-003
   14.7955342465753      -5.482660229894961E-002  4.181075408848367E-002
   14.8542387475538      -4.816313883118379E-002  3.752669253297600E-002
   14.9129432485323      -1.280583873081938E-002  4.614867550772461E-002
   14.9716477495108      -7.458174792497709E-003  1.324593308044792E-002
   15.0303522504892      -4.062760914672353E-002 -6.814957040712905E-003
   15.0890567514677      -3.687922240111015E-002 -3.389239225088423E-002
   15.1477612524462       2.568962150589710E-002 -7.977878619667235E-003
   15.2064657534247       2.504084025456153E-002  1.333062889472306E-002
   15.2651702544031      -1.704910692067002E-002  3.282019241111187E-002
   15.3238747553816      -5.416566074074557E-002  2.382531812630771E-002
   15.3825792563601      -9.053768996795103E-002  4.256569831060936E-002
   15.4412837573386      -8.906680245525633E-002  1.783034499292047E-002
   15.4999882583170      -6.361880210850319E-002 -3.109223946897069E-003
   15.5586927592955      -7.525891064899376E-002 -3.331860649063627E-002
   15.6173972602740      -2.100922812093144E-002 -4.535402682286510E-002
   15.6761017612524      -3.240886933386858E-002 -9.878535348864867E-002
   15.7348062622309      -1.346870308486343E-002 -6.589668807445523E-002
   15.7935107632094      -1.565849392591835E-002 -6.211263856195928E-002
   15.8522152641879       1.514722114292465E-002 -8.137540359169504E-002
   15.9109197651663       2.529171109112880E-002 -6.970140469166738E-003
   15.9696242661448       6.683782532342304E-002  2.712612001759124E-002
   16.0283287671233       9.639976617798307E-002 -3.970409566771419E-003
   16.0870332681018       0.117983586349627       1.422874084986435E-002
   16.1457377690802       9.284502691152591E-002 -1.112227466652575E-002
   16.2044422700587       4.219459394906230E-002  4.629993446836662E-002
   16.2631467710372       5.095706883344706E-002  5.981180029636873E-002
   16.3218512720157       1.792022670625548E-002  8.086143680021318E-002
   16.3805557729941      -4.416445746947447E-002  0.102966491138721     
   16.4392602739726      -8.678809382926111E-002  8.965253112846006E-002
   16.4979647749511      -0.123120632709148       6.351546733264163E-002
   16.5566692759296      -0.127116565490511       1.398127328466843E-003
   16.6153737769080      -0.141548740453709      -3.090877571036954E-002
   16.6740782778865      -0.125381141790069      -5.591738517257385E-002
   16.7327827788650      -9.925546403389315E-002 -0.115641171436848     
   16.7914872798434      -5.177454186089452E-002 -9.133205707236568E-002
   16.8501917808219      -5.054450784680418E-002 -7.393899925383912E-002
   16.9088962818004      -6.819251208069364E-002 -3.048698409069626E-002
   16.9676007827789      -4.282769555982724E-003  3.232808497947930E-002
   17.0263052837573       1.638777456028547E-002  1.268151317522717E-002
   17.0850097847358      -7.098781982929278E-005  1.971089713940777E-002
   17.1437142857143       7.884046170644821E-002  7.105086453472478E-003
   17.2024187866928       8.831954965922575E-002 -5.848339435309596E-002
   17.2611232876712       0.115573884668407      -3.899109444362699E-002
   17.3198277886497       0.116435951152623      -1.753870796502051E-002
   17.3785322896282       0.117911029078856      -1.435100838722135E-002
   17.4372367906067       3.067199756330972E-002 -1.331392815056925E-002
   17.4959412915851       4.914326581648858E-002 -8.753820669665390E-003
   17.5546457925636       5.485933931160961E-002 -3.931799163878282E-002
   17.6133502935421       1.035104873817119E-002 -2.644133752978129E-003
   17.6720547945205      -3.360640603283234E-003  1.873159070183008E-002
   17.7307592954990      -3.967544168840423E-002  4.132474718373341E-002
   17.7894637964775      -1.535198014899238E-002  9.079302428994046E-002
   17.8481682974560      -2.123798474945748E-002  7.307071678259305E-002
   17.9068727984344      -1.882744526566737E-002  6.585374758803833E-002
   17.9655772994129      -4.861114173933990E-002  6.770638818285454E-002
   18.0242818003914      -7.645834491222643E-002  6.794318602637679E-002
   18.0829863013699      -3.031042146581662E-002  4.063695238584510E-002
   18.1416908023483       4.222780734191693E-002 -1.910408662649922E-002
   18.2003953033268       2.782813161475441E-002 -4.777064928920480E-002
   18.2590998043053       1.458694064204825E-002 -5.889046276314598E-002
   18.3178043052838       5.555821524104080E-002 -3.840884370528319E-002
   18.3765088062622       7.570010856350830E-002 -5.026656773104364E-002
   18.4352133072407       9.758466425208684E-002 -3.915512568783103E-002
   18.4939178082192       0.103306303291009      -5.593886341164891E-002
   18.5526223091977       6.229619245012955E-002 -1.115688439062735E-002
   18.6113268101761       5.915732440811364E-002  4.023362727311378E-002
   18.6700313111546       7.605531037919096E-002  3.114693203217034E-002
   18.7287358121331      -1.197662174846839E-002  6.478866581948925E-002
   18.7874403131115      -5.149424334876512E-002  0.129408246209155     
   18.8461448140900      -0.111305695639327       8.737870903092063E-002
   18.9048493150685      -7.105649139845771E-002  2.248370903914402E-002
   18.9635538160470      -1.123894830204931E-002 -2.869710310141614E-002
   19.0222583170254       3.732600083858777E-003 -7.467132328942752E-002
   19.0809628180039       1.891440729999885E-002 -6.322516231829420E-002
   19.1396673189824       6.584032741964899E-002 -5.461238103031484E-002
   19.1983718199609       6.549760173130657E-002  2.231643398733493E-003
   19.2570763209393       3.449313810383967E-002 -2.154903771031153E-002
   19.3157808219178       1.612589888939406E-002 -1.415902480257341E-002
   19.3744853228963       2.506241277547881E-002  2.101484767093466E-002
   19.4331898238748       2.304102528860354E-004  5.263293580255445E-002
   19.4918943248532      -5.556355324982409E-002  6.464205269073248E-002
   19.5505988258317      -5.377277568060142E-002  6.732396957317316E-002
   19.6093033268102      -1.953808829928497E-002  3.235674868453012E-003
   19.6680078277886      -1.390239046585828E-002 -3.086151649844531E-002
   19.7267123287671       3.100139246684188E-002 -8.188933986632926E-002
   19.7854168297456       3.809750344931859E-002 -6.839558743295980E-002
   19.8441213307241       7.627601005068990E-002 -3.889721069234424E-002
   19.9028258317025       0.108898780002319      -7.902253716622068E-002
   19.9615303326810       8.994418013623895E-002 -0.133750606372538     
   20.0202348336595       1.885983878474360E-002 -8.733231061469190E-002
   20.0789393346380       4.964070139010721E-004  2.001536783315726E-002
   20.1376438356164       3.739277365399726E-002  0.111636889710613     
   20.1963483365949       7.546683252540534E-002  0.140409135043119     
   20.2550528375734       5.302801546481051E-002  0.127001548256517     
   20.3137573385519       3.228862655534512E-002  0.113061864729550     
   20.3724618395303       1.924808265144100E-002  8.144448083436098E-002
   20.4311663405088      -1.272738123934002E-003  8.650716987467719E-002
   20.4898708414873       1.243613144166873E-003  4.336726870098123E-002
   20.5485753424658      -5.538206412234331E-002 -1.518999817597950E-002
   20.6072798434442      -7.531807744976078E-002 -4.838627314881314E-003
   20.6659843444227      -5.910648407306440E-003 -3.588719877660986E-002
   20.7246888454012       5.747733280665775E-002 -1.848694344050844E-002
   20.7833933463796       0.126266410157346      -1.579735705465611E-002
   20.8420978473581       9.911210557181033E-002 -5.230438399459564E-003
   20.9008023483366       4.410835739677894E-002  7.772679092944601E-002
   20.9595068493151       1.910547026303125E-002  8.106673535488146E-002
   21.0182113502935      -7.401059806239221E-003  6.030648591543130E-002
   21.0769158512720      -4.459996775392550E-003  2.267596102299390E-002
   21.1356203522505      -2.465876221526939E-002 -5.522610819108920E-002
   21.1943248532290      -6.581534305011430E-002 -7.772258519168290E-002
   21.2530293542074      -7.537382770269388E-002 -2.118758139577280E-002
   21.3117338551859      -7.369537674935828E-002 -1.565926286672802E-003
   21.3704383561644      -7.804840018327662E-002 -4.799677649263076E-003
   21.4291428571429      -7.056747534028290E-002  1.931271164516185E-002
   21.4878473581213      -6.197248186505887E-002  9.198745888815207E-003
   21.5465518590998      -5.318983486333937E-002 -3.145781241208434E-002
   21.6052563600783      -6.540034299169928E-002  1.855918121102657E-002
   21.6639608610568      -1.432904183315195E-004  9.233990074955910E-002
   21.7226653620352       8.751465965096972E-002  4.847433547020177E-002
   21.7813698630137       5.536572862285952E-002 -7.848762388396394E-004
   21.8400743639922       3.329594778135759E-002 -1.361743073089788E-002
   21.8987788649706       3.482286019848954E-002 -6.468740140899883E-002
   21.9574833659491      -7.580290565097993E-003 -5.757737045274138E-002
   22.0161878669276      -6.197913601003139E-002  1.537484983983083E-002
   22.0748923679061      -1.669161682318048E-002  9.667657996865167E-002
   22.1335968688845       5.141879983503064E-002  5.527656487659484E-002
   22.1923013698630       1.072342720884428E-002  7.658615117699415E-002
   22.2510058708415      -4.780900609021497E-002  9.126246451774117E-002
   22.3097103718200      -4.314863173594886E-002  8.084585276534778E-002
   22.3684148727984      -9.220503847778459E-002  5.463536081422539E-002
   22.4271193737769      -9.571779475100389E-002  4.551681253525804E-002
   22.4858238747554      -3.460660936588420E-002  5.449981223138481E-002
   22.5445283757339       4.216196938851176E-002  3.315139978128552E-002
   22.6032328767123       2.669726835562167E-002  3.541422310984042E-002
   22.6619373776908       1.939130392681737E-002  4.609042517114699E-002
   22.7206418786693       5.259967239813274E-002  3.184527118570226E-002
   22.7793463796478       1.572689403247784E-002 -1.192198084558537E-002
   22.8380508806262      -3.047745524576217E-002  1.727376414448461E-003
   22.8967553816047       5.341495797327902E-002  1.208672377463964E-002
   22.9554598825832       8.883182538823087E-002  3.766610041836603E-002
   23.0141643835616       9.364526590503752E-002  4.354082291553089E-002
   23.0728688845401       2.318418776676464E-002  4.808800217475060E-002
   23.1315733855186      -4.266389230890109E-002  7.982456453233976E-002
   23.1902778864971      -7.465478628906082E-002  1.777840629553807E-002
   23.2489823874755      -6.573361250307969E-002  2.734100321475219E-002
   23.3076868884540       8.067883587391994E-003  1.597773463466878E-002
   23.3663913894325      -1.092523708535897E-002  6.124191537624578E-003
   23.4250958904110      -2.235020180775962E-002  3.425100463843492E-003
   23.4838003913894      -4.715765931185238E-002  2.825993856170803E-002
   23.5425048923679       2.440648352662810E-002  3.474676407138388E-002
   23.6012093933464       6.880514851892501E-002 -2.525012182966445E-002
   23.6599138943249       8.094995694313767E-003 -5.962063786727126E-002
   23.7186183953033      -7.679704879158311E-002 -2.990906482385776E-002
   23.7773228962818      -0.108447329304584      -5.006292693164596E-002
   23.8360273972603      -8.758219146179869E-002 -5.063856421308346E-002
   23.8947318982387      -5.371812867346822E-002 -5.986063439289118E-002
   23.9534363992172       3.972349257610603E-003 -6.174593938521554E-002
   24.0121409001957       1.632301136719686E-002 -3.875615280481850E-002
   24.0708454011742      -3.803436412652408E-002  1.531543205639890E-003
   24.1295499021526      -1.047204852728444E-002  8.899183246767904E-002
   24.1882544031311       3.944321632388796E-002  0.103521607207214     
   24.2469589041096       3.625705931468218E-002  4.203365603309052E-002
   24.3056634050881      -9.048350055342241E-003 -1.188972054675688E-002
   24.3643679060665      -9.041456014857382E-005 -2.692951391346870E-002
   24.4230724070450       4.171629335029223E-002 -1.994374718524570E-002
   24.4817769080235       9.410165957207655E-003  1.049868047108728E-003
   24.5404814090020       5.705289185443382E-003  0.111595098767514     
   24.5991859099804      -1.904389882882290E-002  0.110113754941770     
   24.6578904109589      -6.311289055256589E-002  6.793922169125435E-002
   24.7165949119374      -0.143095548581710       7.936276203810055E-002
   24.7752994129159      -9.211167842661269E-002  0.119486668915459     
   24.8340039138943      -6.524952505432592E-002  8.017621937424163E-002
   24.8927084148728      -6.692396473846152E-002  8.231341593846571E-002
   24.9514129158513      -5.441529150956408E-002  9.237825190045204E-002
   25.0101174168297      -3.026687705035301E-002  4.918431468032662E-002
   25.0688219178082      -6.450771548688092E-002 -4.998364056218293E-002
   25.1275264187867      -0.104444243697683      -5.180913084235416E-002
   25.1862309197652      -0.125575122879354      -1.560762802502173E-003
   25.2449354207436      -0.118235428540277       2.649334151237224E-002
   25.3036399217221      -5.029777804021525E-002  4.955046561822490E-002
   25.3623444227006       1.464343749815600E-002 -1.643998797421461E-002
   25.4210489236791       1.753059915497115E-002  2.474770005502325E-002
   25.4797534246575      -2.946893709510971E-003  7.717841397937673E-002
   25.5384579256360       4.342841832090732E-002  0.110583844458565     
   25.5971624266145       3.465916498570901E-002  4.029860311268641E-002
   25.6558669275930       1.993867256537551E-005  2.963005943438547E-003
   25.7145714285714       7.820753661177814E-003 -5.531635171497654E-002
   25.7732759295499      -3.412804853434323E-003 -2.308152470055091E-002
   25.8319804305284      -2.376130106591906E-002 -1.068226220172046E-002
   25.8906849315069      -4.724559183088189E-002  1.375972762758971E-002
   25.9493894324853      -3.473244141558825E-002  8.010655220002985E-002
   26.0080939334638      -2.365829364225760E-002  8.334926900312417E-002
   26.0667984344423      -5.049148374732515E-002  3.667657610470672E-002
   26.1255029354207      -0.101235102437751       4.778674731663780E-002
   26.1842074363992      -0.127012186078930       0.108025045225108     
   26.2429119373777      -0.104319430332262       0.188522482917781     
   26.3016164383562      -7.639655418773166E-002  0.245945773381185     
   26.3603209393346      -5.866089132703610E-002  0.226293644447151     
   26.4190254403131      -4.059024749535325E-002  0.134161068301692     
   26.4777299412916       3.913843207904130E-002  2.051296562531358E-002
   26.5364344422701       5.107549133134363E-002 -4.064072028172539E-002
   26.5951389432485       2.760057282629793E-002 -3.963027842837536E-002
   26.6538434442270       3.536870549014494E-002  1.647236282324794E-002
   26.7125479452055       3.592321620175440E-002  6.539246439516097E-002
   26.7712524461840       6.131288575315354E-002 -3.474595665565180E-003
   26.8299569471624       5.213033478648554E-002 -0.115024041246611     
   26.8886614481409       5.215045593672935E-002 -0.168794050866291     
   26.9473659491194       2.795796414095614E-002 -0.158688247578519     
   27.0060704500978      -8.699794399472355E-003 -0.113331331400266     
   27.0647749510763      -4.295357100995885E-002 -0.122281124089630     
   27.1234794520548      -7.188447507207078E-002 -8.731828516639480E-002
   27.1821839530333      -6.971607738111645E-002 -9.680839255583162E-003
   27.2408884540117      -3.423398124454723E-002  7.803001998914180E-002
   27.2995929549902       1.248917047861739E-002  7.566310277590658E-002
   27.3582974559687      -5.593309129659725E-002  8.664385618072998E-002
   27.4170019569472      -0.102062248969985       0.135246039229303     
   27.4757064579256      -0.104907339010029       0.158307730601041     
   27.5344109589041      -6.150398130124186E-002  0.124721524336049     
   27.5931154598826       1.059521205914182E-004 -6.101318025827980E-003
   27.6518199608611       3.857528072877375E-002 -2.712791421387344E-002
   27.7105244618395       8.866792078602256E-002 -6.864191074683976E-002
   27.7692289628180       8.793802604586812E-002 -5.175605680413798E-004
   27.8279334637965       6.747652978133423E-002 -1.253476195926548E-002
   27.8866379647750       2.664889191906025E-002 -5.641547719588849E-002
   27.9453424657534      -2.241004676843096E-002 -8.303008581471852E-002
   28.0040469667319      -1.612955414237775E-002 -2.282427046320814E-002
   28.0627514677104      -1.118225536160162E-002 -2.554693694263010E-002
   28.1214559686888       8.218450430833364E-003 -0.102836229191843     
   28.1801604696673      -4.679595854029027E-002 -9.270914542520249E-002
   28.2388649706458      -8.567574582159247E-002 -9.971366295701170E-002
   28.2975694716243      -0.102595410620835      -7.683110084827080E-002
   28.3562739726027      -8.174251581026434E-002 -8.132514520531518E-002
   28.4149784735812      -3.208468382427250E-002 -6.386443393366395E-002
   28.4736829745597       5.639742858215804E-003 -2.628607311195184E-002
   28.5323874755382      -2.319252160148514E-002  3.380329857994491E-002
   28.5910919765166      -1.826636094516366E-002  0.109607336792737     
   28.6497964774951      -2.668322126105252E-003  6.779635337501903E-002
   28.7085009784736       3.817129843142851E-002  2.978974949053628E-002
   28.7672054794521       7.734611052244839E-002 -4.928604005124711E-002
   28.8259099804305       5.866637238197340E-002 -5.480493057291192E-002
   28.8846144814090       4.155921812863225E-002 -5.563333290247004E-002
   28.9433189823875       1.844631398687046E-002 -8.002553107758596E-002
   29.0020234833659       4.615584387784526E-002 -0.102982483123940     
   29.0607279843444       1.852264625425527E-002 -7.786237010157042E-002
   29.1194324853229       4.500306080683799E-002  1.649522003994389E-002
   29.1781369863014       3.443734376446810E-002  6.143048150428350E-002
   29.2368414872798      -5.412034695810398E-003  8.610768358918931E-002
   29.2955459882583      -9.559928428868446E-003  6.797432238577522E-002
   29.3542504892368      -4.249414672828008E-002  7.520473230555505E-002
   29.4129549902153      -2.057409066111802E-002  6.592830450104857E-002
   29.4716594911937      -3.389000480752129E-003  6.070355110582695E-002
   29.5303639921722       2.338883005602945E-002  6.721525128995826E-002
   29.5890684931507      -7.081120017179689E-002  6.357095810859184E-002
   29.6477729941292      -0.120324486180091       1.269640711811202E-002
   29.7064774951076      -0.100399670998156      -3.185329241915192E-002
   29.7651819960861      -0.133424943017620      -5.617952014554518E-002
   29.8238864970646      -0.123081696121443       3.356559300564876E-002
   29.8825909980431      -0.135284222493619       6.046504013996865E-002
   29.9412954990215      -0.125767964859560       4.743136716718024E-002
   30.0000000000000      -6.200133882866672E-002 -6.773687420043662E-004
  2.000000000000000E-003 -3.355797906945677E-002 -8.363953415984461E-003
  6.070450097847359E-002 -1.301289220480025E-002  1.940883100561292E-002
  0.119409001956947       1.089371730347885E-002  1.564059629673933E-002
  0.178113502935421       7.018380771802342E-003 -1.885300930605671E-003
  0.236818003913894      -1.502247160340090E-002  9.979549401656206E-005
  0.295522504892368      -5.480476526940807E-003 -7.717006231998104E-003
  0.354227005870842       2.536328654433443E-003  2.913591886465723E-003
  0.412931506849315       4.077450755501459E-003  7.453218741588833E-003
  0.471636007827789       6.385821283649122E-003 -2.842580224452071E-003
  0.530340508806262       1.833958933880000E-004 -3.496148344382512E-002
  0.589045009784736       4.377070597226264E-002 -4.706885371967062E-003
  0.647749510763209       3.721815635833274E-002  2.574650084924537E-002
  0.706454011741683       4.061982285410293E-002  4.831968143334082E-002
  0.765158512720157       2.476118756782164E-002  5.947914733589615E-002
  0.823863013698630       1.825339538321098E-002  6.304810107861258E-002
  0.882567514677104       5.674087735881669E-003  3.466540118074506E-002
  0.941272015655577      -1.151372104383518E-002  1.197346435293031E-002
  0.999976516634051      -1.369812675561374E-002 -1.088318925397322E-002
   1.05868101761252       2.806020728784150E-002 -3.619965684982730E-002
   1.11738551859100       3.176878855336123E-002 -3.870430543236406E-002
   1.17609001956947       4.460166285303187E-002 -6.131781304064952E-002
   1.23479452054795       8.737975764846262E-002 -8.551208435441640E-002
   1.29349902152642       0.188816563504093      -0.172730972854377     
   1.35220352250489       0.316866741428346      -0.276225652122845     
   1.41090802348337       0.430957588938563      -0.318149310479594     
   1.46961252446184       0.497195951531946      -0.307740599501399     
   1.52831702544031       0.605103277626402      -0.219680466940621     
   1.58702152641879       0.710010148494226      -0.125707899314945     
   1.64572602739726       0.721422589499896      -9.733202245201902E-002
   1.70443052837573       0.631806273023017      -1.247550326012860E-002
   1.76313502935421       0.452586072668304       9.478130313778557E-002
   1.82183953033268       0.240111669086355       0.181601062720402     
   1.88054403131115      -2.146240458843486E-002  0.292633758936113     
   1.93924853228963      -0.287695815313296       0.316646816279391     
   1.99795303326810      -0.551546840081026       0.292041652563473     
   2.05665753424658      -0.772656642512820       0.186730147040690     
   2.11536203522505      -0.826454541108265       2.881646227971083E-002
   2.17406653620352      -0.710735082890207      -0.210778584832535     
   2.23277103718200      -0.472444661503408      -0.443150350728243     
   2.29147553816047      -0.238714708307781      -0.559092777488220     
   2.35018003913894      -1.827352487553002E-003 -0.592650094574590     
   2.40888454011742       0.199303718858175      -0.529252368613423     
   2.46758904109589       0.380680173531940      -0.434685138515803     
   2.52629354207436       0.536326414803056      -0.347735897697956     
   2.58499804305284       0.592789444405826      -0.242146341685563     
   2.64370254403131       0.622207289427666      -0.113636758787913     
   2.70240704500978       0.589688776856524       7.728029930711129E-003
   2.76111154598826       0.492917724277159       9.315535870337061E-002
   2.81981604696673       0.417323160281888       0.169944831568418     
   2.87852054794521       0.263561681858686       0.190296135404111     
   2.93722504892368       0.142177087264915       0.167642108596872     
   2.99592954990215       0.115957546501318       0.127188748589652     
   3.05463405088063       0.150155733465392       0.147253277857323     
   3.11333855185910       0.154889502208251       0.232981081252437     
   3.17204305283757       0.105049309937631       0.200912552664116     
   3.23074755381605       0.159302059079163       0.130261830872539     
   3.28945205479452       0.172918589815447       0.104642770839367     
   3.34815655577299       0.127758847406141       7.078325836531998E-002
   3.40686105675147       0.100230142060585       2.215340939519365E-002
   3.46556555772994       6.424922421046635E-002 -3.115146383499103E-002
   3.52427005870842       2.693220494674423E-002 -9.238783512197750E-002
   3.58297455968689       3.315074921995906E-002 -0.100499614638485     
   3.64167906066536       1.195931414890767E-002 -4.299254440734174E-002
   3.70038356164384      -9.738881031459382E-003 -8.064329350527952E-003
   3.75908806262231      -1.434544856709593E-002  2.133466931015027E-002
   3.81779256360078      -5.435963739545747E-002  3.164094495715474E-002
   3.87649706457926      -9.691639408312978E-002  4.993424399156172E-002
   3.93520156555773      -0.154449710376029      -2.943730671626065E-002
   3.99390606653620      -8.950192237096762E-002 -0.124867928250233     
   4.05261056751468       7.100670617898078E-002 -0.173043867494028     
   4.11131506849315       8.154457573101036E-002 -0.124922740213464     
   4.17001956947162       5.873920372243238E-002 -0.104629866081348     
   4.22872407045010      -1.535313863147950E-002 -6.370534586435414E-002
   4.28742857142857      -6.839530152191731E-002 -7.305148168503403E-002
   4.34613307240704      -5.732912032385910E-002 -5.494476052310765E-002
   4.40483757338552      -1.353520071919027E-003 -9.345401652691229E-002
   4.46354207436399       6.621237814805585E-002 -2.863840327150156E-002
   4.52224657534247       9.015939249499250E-002  5.262194337887462E-002
   4.58095107632094       8.401076987167047E-002  6.372513819688069E-002
   4.63965557729941       4.574092069277205E-002  6.221505360050929E-002
   4.69836007827789      -1.511209642208145E-003  2.754464791483912E-002
   4.75706457925636       1.418680758415466E-002 -3.180559119512456E-002
   4.81576908023483       6.535643244120594E-002 -4.305822771211552E-002
   4.87447358121331       5.141197609782164E-002 -2.909366574644953E-002
   4.93317808219178       6.401213888417433E-002  1.323294873125580E-002
   4.99188258317025      -3.437017390643380E-002  0.102392819973007     
   5.05058708414873      -0.137862977802367       9.999220545737561E-002
   5.10929158512720      -0.145955481203054       4.911554647159760E-002
   5.16799608610568      -6.578493731068648E-002  3.192890036839112E-003
   5.22670058708415      -7.022110906985260E-002  1.531149947571520E-002
   5.28540508806262      -0.111042459427230      -5.277384793853868E-003
   5.34410958904110      -8.825018279806367E-002  3.697928513900425E-004
   5.40281409001957      -3.920023499313750E-002  3.152974070198810E-002
   5.46151859099804      -4.149890347073893E-002  4.641263732320039E-002
   5.52022309197652      -1.898697892333489E-002 -3.996022247754716E-002
   5.57892759295499      -1.397476903815114E-002 -5.389969903592607E-002
   5.63763209393346      -7.426817897686436E-002  2.067001832069850E-002
   5.69633659491194      -8.873367528490383E-002  1.858789765046599E-003
   5.75504109589041       8.099826053250211E-003  3.012435561852232E-002
   5.81374559686888       3.203403433813293E-002  3.187203497893856E-002
   5.87245009784736       8.169839501792958E-002 -3.285015810660250E-003
   5.93115459882583       3.280077403431669E-002 -5.042289792436580E-003
   5.98985909980431       9.071845095715283E-003 -2.034043371864605E-002
   6.04856360078278       6.360002649685052E-002  1.286659115431395E-002
   6.10726810176125       8.499612040935199E-002  0.109515350231420     
   6.16597260273973       9.484929708298677E-002  0.167495186203367     
   6.22467710371820       3.910817810705253E-002  0.158541359669301     
   6.28338160469667       2.893262946689512E-002  0.118668458728490     
   6.34208610567515      -3.802960818216136E-002  7.645881191823933E-002
   6.40079060665362      -9.339739813383613E-002 -4.715526477185866E-002
   6.45949510763209      -3.433093806059528E-002 -0.103786605595954     
   6.51819960861057      -2.168804434225746E-002 -2.675558496526417E-002
   6.57690410958904      -4.471967419393672E-002 -1.424341441991699E-002
   6.63560861056752       6.920039060568334E-003 -7.837174626024365E-003
   6.69431311154599      -7.960253550243674E-003 -1.890697802216666E-002
   6.75301761252446       1.259258179560605E-002 -5.625322559042919E-002
   6.81172211350294       6.340579872534342E-003 -2.814645613502254E-002
   6.87042661448141       1.295781162481223E-002 -3.490470109371308E-002
   6.92913111545988       2.731859176978918E-002  2.022138578311199E-002
   6.98783561643836       4.160391954169169E-002  1.489231997037534E-002
   7.04654011741683       6.503152452112039E-002  2.423976878596925E-002
   7.10524461839530       1.392314328038161E-002  4.379010933187765E-002
   7.16394911937378       2.497636716111824E-002  2.308610173976925E-002
   7.22265362035225      -1.517471351294283E-002  6.969340611870485E-002
   7.28135812133072      -2.426052274179101E-002  3.873361176500868E-002
   7.34006262230920       1.080373226328833E-002  1.912441915094254E-002
   7.39876712328767       2.538103518353938E-002  3.975375026821044E-002
   7.45747162426615      -1.897655565933310E-002  1.124037751940294E-002
   7.51617612524462      -4.262094985959311E-002  1.053816187628677E-002
   7.57488062622309      -6.671658602017820E-002 -6.726645362308235E-004
   7.63358512720157      -3.638625482474168E-002  4.211445885095165E-003
   7.69228962818004       1.367943482390663E-002  9.209256629212527E-002
   7.75099412915851       4.054660195740967E-003  0.113850436307740     
   7.80969863013699       3.963730485483900E-002  0.123109824714634     
   7.86840313111546       5.594549076274694E-002  9.250872586291470E-002
   7.92710763209393       7.423609300940373E-002 -4.258416522574231E-003
   7.98581213307241       4.465470170998321E-002 -4.748214837193233E-002
   8.04451663405088       2.418968659228746E-002 -6.370154977846280E-002
   8.10322113502936      -7.947555835141284E-003 -2.045546299310348E-002
   8.16192563600783      -3.877158667092213E-002 -1.116773804843562E-002
   8.22063013698630       3.167461659909617E-002 -7.583748361361234E-003
   8.27933463796478       5.271763511085985E-002  2.502957124113877E-002
   8.33803913894325       0.110963881858079       1.777380433530739E-002
   8.39674363992172       0.113487081607949       2.733341794309722E-003
   8.45544814090020       7.000853871041970E-002  8.015921143836341E-003
   8.51415264187867       5.758088251113955E-002  1.541161041331160E-003
   8.57285714285714       2.595244615406314E-002  1.461601282123440E-002
   8.63156164383562      -1.477530590014826E-003  1.163766376006137E-002
   8.69026614481409       3.517694708831312E-002  2.099271399564612E-002
   8.74897064579256       4.367850957729760E-002  5.991052824720899E-002
   8.80767514677104       4.254716975602767E-002  4.314884289241120E-002
   8.86637964774951       7.689956358747649E-002  3.285629126678286E-002
   8.92508414872799       2.739078053218223E-002  1.111970276145255E-002
   8.98378864970646       8.117592445704862E-003  6.618281111642164E-004
   9.04249315068493      -5.247651593304668E-002  1.423999872408026E-004
   9.10119765166341      -6.502468908297697E-002 -2.219087700729917E-002
   9.15990215264188      -4.566144292663694E-002  6.399614954085871E-003
   9.21860665362035      -2.637733881649716E-002  1.712497474112988E-002
   9.27731115459883       3.095452646104609E-002  6.087379987316056E-002
   9.33601565557730       7.253970724881507E-003  9.238361509127876E-002
   9.39472015655577      -6.808858333625094E-002  3.692603959521183E-002
   9.45342465753425      -4.251127131901434E-002 -1.029292843155166E-002
   9.51212915851272      -7.050214624059328E-002 -4.805575687280217E-003
   9.57083365949119      -7.112208212027542E-002 -4.568480378464102E-002
   9.62953816046967      -7.789803448324262E-002 -3.562528086353671E-002
   9.68824266144814      -6.912576365421658E-002 -4.130748805528867E-002
   9.74694716242662      -7.265094434156286E-002 -3.048291294749836E-002
   9.80565166340509      -3.123050364123893E-002 -2.627106959262322E-002
   9.86435616438356       4.331552681591223E-002  2.147096511343296E-002
   9.92306066536204       7.481555411316183E-002  2.265751873894126E-002
   9.98176516634051       9.444118851225641E-002  3.051409377722357E-003
   10.0404696673190       8.328232890504667E-002 -3.673714012712992E-002
   10.0991741682975       3.896837140235275E-002 -5.753335258024771E-002
   10.1578786692759      -5.610240406038712E-004 -5.564207780375658E-003
   10.2165831702544      -5.531004793444225E-002  2.031623748803717E-002
   10.2752876712329      -8.746232092842984E-002  3.236268925326805E-002
   10.3339921722114      -4.083819136650084E-002 -3.132766489701740E-003
   10.3926966731898       6.046801139112067E-002 -8.739006943971232E-003
   10.4514011741683       0.109664124097120       2.385967369318190E-002
   10.5101056751468       0.130001127120965       5.194095355819557E-003
   10.5688101761252       0.110740829904179       1.442568326887658E-002
   10.6275146771037       3.783736105798670E-002 -2.681859659065269E-002
   10.6862191780822      -2.558997199208331E-003 -5.454195110041807E-002
   10.7449236790607      -2.072058818743668E-002 -3.923585482941540E-002
   10.8036281800391      -4.458268395000922E-002 -3.209605130153718E-002
   10.8623326810176      -5.527471694070079E-002 -1.909621049859089E-003
   10.9210371819961      -7.895062467178410E-002  7.151606899588782E-003
   10.9797416829746      -4.366660094008536E-002  1.686097901289967E-002
   11.0384461839530      -4.097038674492109E-002  4.114988096691088E-002
   11.0971506849315      -7.142890783020889E-002  1.254246312153665E-003
   11.1558551859100      -3.496197708388591E-002 -3.695957155832662E-002
   11.2145596868885       5.918058948878698E-003 -4.244500219966711E-002
   11.2732641878669       7.444938346591055E-002 -3.601445568389834E-002
   11.3319686888454       9.779727637104040E-002  2.848091968161740E-002
   11.3906731898239       6.904929238736585E-002  0.103926953331225     
   11.4493776908024       2.214358496363296E-002  0.111570075433696     
   11.5080821917808       8.517254429222867E-004  7.913835749650003E-002
   11.5667866927593      -8.234897072218909E-003  5.025940214360068E-002
   11.6254911937378      -1.383249913238807E-002  4.634455577432035E-003
   11.6841956947162      -1.002543888982846E-003 -1.491439287591212E-003
   11.7429001956947      -3.056259411449469E-002  1.286539984859946E-002
   11.8016046966732      -7.638488357826281E-002  5.297227826732216E-002
   11.8603091976517      -8.726591414559433E-002  9.201659821745459E-002
   11.9190136986301      -7.128217634145298E-002  9.476606795082491E-002
   11.9777181996086       8.675968451038997E-003  7.967686396095393E-002
   12.0364227005871       6.426092317927798E-002  0.104983373869946     
   12.0951272015656       5.235386823642076E-002  0.117780283916761     
   12.1538317025440       2.522037416060187E-002  0.118857117521342     
   12.2125362035225      -1.614983975480926E-002  3.688894216860419E-002
   12.2712407045010       3.137377966986057E-002  2.382972244423393E-002
   12.3299452054795       4.992265828458185E-002  4.580833700611242E-002
   12.3886497064579       2.105165756719048E-002  6.094913871973376E-002
   12.4473542074364      -4.030534916440798E-002  4.533630154946792E-002
   12.5060587084149      -6.139134837163578E-002 -7.708641294527327E-003
   12.5647632093933      -5.895815433010232E-002 -4.175517695429852E-002
   12.6234677103718      -7.060148490011758E-002 -5.130144160392532E-003
   12.6821722113503      -0.101087544937040      -1.408186691032833E-002
   12.7408767123288      -0.101957085273735      -1.998171444852441E-002
   12.7995812133072      -2.951458278362300E-002  1.252655327864492E-002
   12.8582857142857       1.021395650690984E-002  2.589710338545852E-002
   12.9169902152642       3.390609784170814E-002  4.155354682314925E-002
   12.9756947162427       3.952822198881831E-002 -6.460219396374804E-003
   13.0343992172211       3.992628765586660E-002 -0.101967725966661     
   13.0931037181996       7.846522296119890E-002 -0.137503798263030     
   13.1518082191781       1.518836966609490E-002 -7.763020145418939E-002
   13.2105127201566      -1.840380766667741E-002 -2.219371588365420E-002
   13.2692172211350      -3.151467519748405E-002  5.034868180468786E-002
   13.3279217221135       1.713826586612914E-002  6.153439281090473E-002
   13.3866262230920       1.942256735449405E-002  6.588424420309595E-002
   13.4453307240705       4.269674168030796E-003  9.306258556621577E-002
   13.5040352250489      -3.807652431040240E-002  4.730228657873738E-002
   13.5627397260274      -5.338055679829405E-002  1.469835697748578E-002
   13.6214442270059      -1.949248808115687E-002  4.330071122025939E-003
   13.6801487279843      -2.571127127423696E-003  3.338410982420107E-002
   13.7388532289628      -3.213945677851713E-002  5.006400514722564E-002
   13.7975577299413      -4.208668477976889E-002 -6.420825045009043E-003
   13.8562622309198      -2.624106915148015E-002 -5.196703748608759E-002
   13.9149667318982       9.814317166328418E-003 -4.675463773908496E-002
   13.9736712328767       7.766617870435966E-003 -5.194681707485116E-002
   14.0323757338552      -5.773646347911775E-002 -2.882777146159141E-002
   14.0910802348337      -5.314854933650143E-002 -4.370349828758630E-002
   14.1497847358121      -3.272541436341343E-002 -4.114447439746891E-002
   14.2084892367906       1.945087484677462E-002 -1.349063619596887E-002
   14.2671937377691       1.310278426805530E-002  4.665000798696626E-002
   14.3258982387476      -2.956845277085845E-002  3.752110549599810E-002
   14.3846027397260      -8.424500445832031E-002 -2.024673827189238E-002
   14.4433072407045      -8.438292253997377E-002 -4.006912588815015E-002
   14.5020117416830      -7.312342270082550E-002 -3.457135697473449E-003
   14.5607162426614      -6.343706510718575E-002  6.282176860219507E-002
   14.6194207436399      -5.795550842654733E-002  5.091829141750110E-002
   14.6781252446184      -9.489312018414123E-002  2.443463035238654E-002
   14.7368297455969      -0.126025933520849       2.826642598579799E-002
   14.7955342465753      -6.525976915795555E-002  4.149488585666797E-002
   14.8542387475538      -5.955416262570238E-002  5.805985061250267E-002
   14.9129432485323      -1.109272574118114E-002  4.174702407973731E-002
   14.9716477495108      -1.964329874331740E-002  1.148312937805921E-002
   15.0303522504892      -3.886749620544381E-002 -8.614808730359094E-003
   15.0890567514677      -3.097669297436648E-002 -3.366700209805305E-002
   15.1477612524462       3.806513757266762E-002 -3.695746309794905E-002
   15.2064657534247       2.994842558693665E-002 -7.133286838318754E-003
   15.2651702544031      -1.934260797003991E-002  7.705417567070931E-003
   15.3238747553816      -7.304149575982334E-002  1.036857993883594E-002
   15.3825792563601      -9.898928805318867E-002  4.015680181324344E-002
   15.4412837573386      -0.100571305596332       3.410909415735272E-002
   15.4999882583170      -7.675531240873600E-002  8.855948141642731E-003
   15.5586927592955      -7.171539855381104E-002  7.871604620096145E-003
   15.6173972602740      -1.693427249538462E-002 -3.780427096713793E-002
   15.6761017612524      -3.952601237166660E-002 -6.773414203240810E-002
   15.7348062622309      -1.076975951489444E-002 -6.921973128597411E-002
   15.7935107632094      -1.143653536437767E-002 -5.732755424441400E-002
   15.8522152641879      -1.713702607319564E-003 -9.433086625846998E-002
   15.9109197651663       2.919331942486300E-002 -1.353946151643778E-002
   15.9696242661448       7.235527389986825E-002  5.905890962820011E-003
   16.0283287671233       8.063828166057627E-002 -8.924215093879907E-003
   16.0870332681018       0.119616859885823       2.596970553546379E-003
   16.1457377690802       7.138890592760486E-002  7.927180900660288E-004
   16.2044422700587       4.279871059264660E-002  6.405361615681832E-002
   16.2631467710372       4.258746359022343E-002  6.323400632917409E-002
   16.3218512720157       1.274620400840125E-002  8.294382922820534E-002
   16.3805557729941      -3.956369012679587E-002  0.101589425134443     
   16.4392602739726      -8.228087988793477E-002  7.569034185898164E-002
   16.4979647749511      -0.110327612380937       5.288516964778264E-002
   16.5566692759296      -0.129484139022267      -1.247063372992275E-002
   16.6153737769080      -0.146058607569383      -4.199904719600526E-002
   16.6740782778865      -0.128102826408370      -6.606669789977974E-002
   16.7327827788650      -0.119961891621172      -0.111275468261176     
   16.7914872798434      -6.056821864642267E-002 -9.049816633386927E-002
   16.8501917808219      -6.095568960332880E-002 -5.475439974358136E-002
   16.9088962818004      -7.486241443938568E-002  2.824186465642925E-003
   16.9676007827789       9.187398729639216E-003  4.309735208347402E-002
   17.0263052837573       2.038121319327285E-002  1.910599317620624E-002
   17.0850097847358       1.783577073660328E-002  3.620701430271751E-002
   17.1437142857143       8.581953169465512E-002 -7.331788045474521E-003
   17.2024187866928       8.321212023152626E-002 -5.196157699564022E-002
   17.2611232876712       9.911732898573415E-002 -5.116372702698435E-002
   17.3198277886497       9.883143651510531E-002 -1.957678821380381E-002
   17.3785322896282       8.568912828911383E-002 -5.061645236638339E-002
   17.4372367906067       1.550662498062990E-002 -1.636595063400455E-002
   17.4959412915851       4.854306979949666E-002 -3.324731336074797E-002
   17.5546457925636       4.417439942351323E-002 -5.662521914298167E-002
   17.6133502935421       1.764359657024765E-002 -1.719349211432584E-003
   17.6720547945205      -2.641239691796873E-003  2.403329248627389E-002
   17.7307592954990      -3.527408956317059E-002  6.536637803338839E-002
   17.7894637964775      -3.737574080358644E-003  0.100098299719428     
   17.8481682974560      -2.191733102596838E-002  9.614411063057254E-002
   17.9068727984344      -3.516808681820145E-002  8.138273143364072E-002
   17.9655772994129      -6.102292358833637E-002  9.366620652500449E-002
   18.0242818003914      -7.448668808532605E-002  9.033402669239314E-002
   18.0829863013699      -2.224173695733476E-002  4.456498335241683E-002
   18.1416908023483       3.261762485066602E-002 -3.288494228584148E-002
   18.2003953033268       2.355602709196514E-002 -5.116340351308859E-002
   18.2590998043053       1.001105146662257E-002 -5.035443444351673E-002
   18.3178043052838       6.956438599126052E-002 -5.176799714029909E-002
   18.3765088062622       8.224272092480665E-002 -6.282953211748771E-002
   18.4352133072407       0.106774821296931      -6.315333803530966E-002
   18.4939178082192       9.994016064223657E-002 -7.052304949014523E-002
   18.5526223091977       7.262117669541206E-002 -1.104240126344725E-002
   18.6113268101761       8.580185292420253E-002  4.383023813391294E-002
   18.6700313111546       7.964881384727411E-002  2.250425264289341E-002
   18.7287358121331      -1.210249104056774E-002  9.427423815070289E-002
   18.7874403131115      -4.090724311661798E-002  0.140531455565805     
   18.8461448140900      -9.070822577487965E-002  0.110219820538507     
   18.9048493150685      -6.638542461195099E-002  2.883590490431472E-002
   18.9635538160470      -9.010066540058013E-003 -2.274895197180172E-002
   19.0222583170254      -1.002272925756931E-002 -5.156507393005361E-002
   19.0809628180039       2.033836403361111E-002 -3.646019281651827E-002
   19.1396673189824       5.294697554769107E-002 -2.352516181875650E-002
   19.1983718199609       7.179501725655874E-002  2.238255110772155E-002
   19.2570763209393       1.163463327563542E-002  1.109263536288086E-002
   19.3157808219178       6.140870791670555E-003  4.075845841661034E-003
   19.3744853228963       1.470551523504191E-002  1.719695331138709E-002
   19.4331898238748      -4.631252373842105E-003  3.286284476339479E-002
   19.4918943248532      -5.932512890147940E-002  5.271966276903407E-002
   19.5505988258317      -3.402413212443395E-002  4.754041350330013E-002
   19.6093033268102      -2.828436664019405E-002 -2.304137444824562E-002
   19.6680078277886      -1.481414198689939E-002 -3.269678580297920E-002
   19.7267123287671       1.610238605728345E-002 -8.179495303107454E-002
   19.7854168297456       3.543870664140447E-002 -5.413636644937031E-002
   19.8441213307241       8.112305462679746E-002 -2.415485416747244E-002
   19.9028258317025       0.109992291065811      -7.194939866763218E-002
   19.9615303326810       5.570145833657426E-002 -0.125667293525554     
   20.0202348336595      -1.522268716726977E-004 -5.322790345158303E-002
   20.0789393346380       1.366290479178683E-002  3.858480714774717E-002
   20.1376438356164       6.904253774213510E-002  9.761907190512985E-002
   20.1963483365949       0.105375106532682       0.112403308997215     
   20.2550528375734       6.968929322640521E-002  0.115460541113849     
   20.3137573385519       4.226646859298855E-002  0.104870958387595     
   20.3724618395303       1.273208835147171E-002  7.944332064903054E-002
   20.4311663405088       8.585838291950679E-003  8.445565585862297E-002
   20.4898708414873       4.972900726449193E-003  2.707046045855891E-002
   20.5485753424658      -6.586551689096606E-002 -7.735028651691250E-003
   20.6072798434442      -5.725473839058158E-002  2.387300424440342E-002
   20.6659843444227      -2.761816659716389E-003 -2.525927625299045E-002
   20.7246888454012       6.185661322818835E-002 -2.063675012991820E-002
   20.7833933463796       0.120570985295746      -2.253145459753694E-002
   20.8420978473581       8.832899617112107E-002 -2.781167526010015E-003
   20.9008023483366       6.197132880759679E-002  8.173262198816242E-002
   20.9595068493151       2.911722793773529E-002  9.047787934051546E-002
   21.0182113502935       7.711960175557674E-003  6.677825472735913E-002
   21.0769158512720       2.367968607787010E-004  2.081658786726346E-002
   21.1356203522505      -4.245228405285849E-002 -5.248177513417910E-002
   21.1943248532290      -8.735995741473909E-002 -6.025406965735042E-002
   21.2530293542074      -6.876982768625142E-002 -1.919272946671191E-002
   21.3117338551859      -6.590808245776669E-002 -4.841113699067649E-003
   21.3704383561644      -7.277609610985923E-002  3.296360805564398E-003
   21.4291428571429      -5.630995165087856E-002  1.867536257153437E-002
   21.4878473581213      -5.720047274872340E-002  1.515005734104906E-002
   21.5465518590998      -7.152059526245472E-002 -9.758800485911562E-003
   21.6052563600783      -5.465099979540919E-002  4.471521182027675E-002
   21.6639608610568       4.001375957109565E-002  0.101375408508932     
   21.7226653620352       0.109870735642350       2.928195401607872E-002
   21.7813698630137       6.862439196996764E-002 -1.035981741538699E-002
   21.8400743639922       4.854113844539776E-002 -2.334166656908836E-002
   21.8987788649706       1.367742374838508E-002 -7.770100690604538E-002
   21.9574833659491      -2.640601374515426E-002 -6.701871967001892E-002
   22.0161878669276      -7.216812251952567E-002  7.795663432437358E-003
   22.0748923679061      -7.033701492962618E-003  5.644603508155191E-002
   22.1335968688845       2.678061683292024E-002  6.718851342244651E-003
   22.1923013698630       7.633185222255673E-003  3.400716989536785E-002
   22.2510058708415      -5.261742241171098E-002  7.611262346604192E-002
   22.3097103718200      -4.763803481572136E-002  7.019730377110200E-002
   22.3684148727984      -8.493876357207880E-002  6.787647530509031E-002
   22.4271193737769      -9.124623802344400E-002  6.029510885192517E-002
   22.4858238747554      -1.793213302308972E-002  5.689600203963607E-002
   22.5445283757339       4.059586719938509E-002  2.598514115998163E-002
   22.6032328767123       3.591269382847279E-002  3.440928811201571E-002
   22.6619373776908       2.375981689887979E-002  3.677263835296934E-002
   22.7206418786693       5.751957212767544E-002  1.187044857741988E-002
   22.7793463796478       1.288177682008320E-002 -3.252655711426624E-003
   22.8380508806262      -8.042531022371156E-003  3.381652614600834E-002
   22.8967553816047       5.600561727412835E-002  2.197293509225125E-002
   22.9554598825832       9.547450910827900E-002  5.951703887079748E-002
   23.0141643835616       8.725005030594975E-002  5.499462656917138E-002
   23.0728688845401       1.030315425065581E-002  7.894647009139863E-002
   23.1315733855186      -3.438551601343585E-002  0.110536511549985     
   23.1902778864971      -8.269861950927074E-002  6.456953441121809E-002
   23.2489823874755      -3.935799833945172E-002  4.544992686113261E-002
   23.3076868884540       2.212535060559753E-002 -2.497958964315261E-003
   23.3663913894325       8.566298803409176E-003  4.719059704081884E-003
   23.4250958904110      -7.747607226509132E-003  6.640817531775658E-004
   23.4838003913894      -1.339429670277520E-002  2.906303695644603E-002
   23.5425048923679       4.338769177454189E-002  7.972118496061137E-003
   23.6012093933464       5.189613602378236E-002 -6.286296911100199E-002
   23.6599138943249      -9.021989402750983E-003 -8.004513923840938E-002
   23.7186183953033      -7.335200251792937E-002 -2.939954462347086E-002
   23.7773228962818      -0.111755521923100      -3.584518046956356E-002
   23.8360273972603      -7.900595016194059E-002 -5.027082675955159E-002
   23.8947318982387      -3.948497873979483E-002 -7.375836952164445E-002
   23.9534363992172       3.095401098250619E-003 -7.723955062950630E-002
   24.0121409001957       3.189234104056538E-002 -3.807069863704816E-002
   24.0708454011742      -1.279666649272816E-002  3.379182922683262E-002
   24.1295499021526       3.011366390055154E-002  9.751013331770481E-002
   24.1882544031311       8.404181983835234E-002  8.055907009969591E-002
   24.2469589041096       7.595082117905706E-002  1.928879673306064E-002
   24.3056634050881       1.862226515924357E-002 -2.884178920502903E-002
   24.3643679060665       1.819408328453166E-002 -2.691220122698946E-002
   24.4230724070450       5.954558223585310E-002 -3.836180217739277E-002
   24.4817769080235       9.350595691391059E-004  1.253366530555463E-002
   24.5404814090020       6.591320376225662E-003  0.107354734356218     
   24.5991859099804      -4.163429760616202E-002  0.125108816083950     
   24.6578904109589      -0.103681565357059       7.216702876048219E-002
   24.7165949119374      -0.170823938005923       0.109719847206358     
   24.7752994129159      -9.852976862616658E-002  0.108635529986691     
   24.8340039138943      -5.954174824100184E-002  6.015715696594103E-002
   24.8927084148728      -5.515279347572634E-002  5.210835305431036E-002
   24.9514129158513      -3.823343172992947E-002  7.963415722571042E-002
   25.0101174168297      -2.332043241344653E-002  2.219425532976789E-002
   25.0688219178082      -8.972757201452877E-002 -6.525456331188821E-002
   25.1275264187867      -0.131803285825114      -4.826909684767692E-002
   25.1862309197652      -0.107996058503179       6.352364515799763E-003
   25.2449354207436      -7.988141421333309E-002  2.005316492566267E-002
   25.3036399217221      -2.187623602126126E-003  1.157515509711485E-002
   25.3623444227006       1.531192366050269E-002 -3.674994807415514E-002
   25.4210489236791       2.896762376788240E-002  6.880926672226666E-003
   25.4797534246575       1.660405489310201E-002  8.549143653028324E-002
   25.5384579256360       7.399117609377510E-002  0.101535162555798     
   25.5971624266145       2.018083977827364E-002  5.240696575923570E-002
   25.6558669275930      -9.878206370776473E-003  1.372330227112247E-002
   25.7145714285714      -1.885383766810142E-002 -4.113730353850903E-002
   25.7732759295499      -1.278956833171833E-002 -1.985479216823363E-002
   25.8319804305284      -4.059174285292155E-002 -5.399439714962539E-003
   25.8906849315069      -6.707054167065546E-002  3.244857715349125E-002
   25.9493894324853      -3.004180358511288E-002  7.672360822005578E-002
   26.0080939334638      -3.228786673945729E-002  6.107509449895620E-002
   26.0667984344423      -7.567674504669368E-002  4.107497033520621E-002
   26.1255029354207      -0.117452971690760       7.173422033341785E-002
   26.1842074363992      -0.131948987343066       0.151524138195811     
   26.2429119373777      -8.126743265717284E-002  0.211625499765376     
   26.3016164383562      -4.077040855245090E-002  0.261768088731080     
   26.3603209393346      -2.926392924660617E-002  0.233161149503743     
   26.4190254403131      -1.678211082331834E-002  0.137585965342770     
   26.4777299412916       2.746311401198202E-002  6.826366292087598E-003
   26.5364344422701       3.057795136364625E-002 -5.014176346301758E-002
   26.5951389432485       1.372477598295502E-002 -3.592159038241577E-002
   26.6538434442270       5.305283063953715E-002 -4.108116110160612E-005
   26.7125479452055       7.141004665378202E-002  4.779847204473697E-002
   26.7712524461840       7.471942242154719E-002 -3.395801943752721E-002
   26.8299569471624       2.695506424075632E-002 -0.124234451155693     
   26.8886614481409       2.935188436228507E-002 -0.158928104575739     
   26.9473659491194       1.006334723473369E-002 -0.133968646585959     
   27.0060704500978      -1.156388246226602E-002 -8.469017857377045E-002
   27.0647749510763      -7.339359060297930E-002 -9.534334012621115E-002
   27.1234794520548      -0.104605880177413      -5.052743831142219E-002
   27.1821839530333      -8.785353718404067E-002  9.052742061971666E-003
   27.2408884540117      -1.997523562000408E-002  7.611733090997011E-002
   27.2995929549902       1.306609860467210E-002  7.116850897516348E-002
   27.3582974559687      -3.311252799941209E-002  0.134560825865175     
   27.4170019569472      -5.622156309493179E-002  0.213633896336150     
   27.4757064579256      -4.939297319730260E-002  0.234755907472461     
   27.5344109589041      -9.499906660989502E-003  0.178480660161571     
   27.5931154598826      -3.100299189470140E-002  3.125433768730596E-002
   27.6518199608611       1.013597414388970E-002 -3.257584577528851E-002
   27.7105244618395       3.710929383513636E-002 -0.102605164497323     
   27.7692289628180       8.437767601914074E-002 -5.895109969663610E-002
   27.8279334637965       5.621009581786499E-002 -5.183857207836610E-002
   27.8866379647750       2.348514781577014E-003 -8.284078578097358E-002
   27.9453424657534      -3.566655443931005E-002 -7.365763447231617E-002
   28.0040469667319       8.121278424202075E-004 -3.895816257992572E-002
   28.0627514677104       1.748925370982373E-002 -4.942270987546441E-002
   28.1214559686888      -9.512048446000402E-003 -0.136770819373818     
   28.1801604696673      -6.643775075903476E-002 -0.105779877660966     
   28.2388649706458      -9.732339336926640E-002 -0.105783864252112     
   28.2975694716243      -7.874669480177220E-002 -7.195456625924640E-002
   28.3562739726027      -4.203260463073996E-002 -7.894282688334754E-002
   28.4149784735812       3.382833930193117E-002 -5.453321091864570E-002
   28.4736829745597       8.590560620388310E-002 -2.621038779600950E-002
   28.5323874755382       6.078903547167911E-002  6.560044610233480E-002
   28.5910919765166       6.085165988475404E-002  0.137862583262912     
   28.6497964774951       3.147647102787161E-002  9.689037241285132E-002
   28.7085009784736       5.270468595996464E-002  2.872923688879419E-002
   28.7672054794521       3.596611820156577E-002 -4.526831028097223E-002
   28.8259099804305       4.689254954623689E-002 -4.921113484520558E-002
   28.8846144814090       4.445860581588422E-002 -5.261383592194609E-002
   28.9433189823875       1.610235191531182E-002 -6.011369864341442E-002
   29.0020234833659       1.781324478392934E-002 -8.860451056718491E-002
   29.0607279843444      -1.395405455461863E-002 -5.639815294210181E-002
   29.1194324853229       2.043993530337073E-002  1.952991643113933E-002
   29.1781369863014      -4.963996585699680E-003  7.588939828719507E-002
   29.2368414872798      -2.709319502837665E-002  8.624947341275412E-002
   29.2955459882583      -2.460693530635892E-002  6.453320870353943E-002
   29.3542504892368      -2.064096364129447E-002  6.931541480145478E-002
   29.4129549902153      -2.445518612418096E-004  3.500308777953594E-002
   29.4716594911937       9.720851995226244E-003  2.828279300768134E-002
   29.5303639921722       1.907348769356972E-002  2.647906583022963E-002
   29.5890684931507      -4.227551079397840E-002  4.552198694492272E-002
   29.6477729941292      -8.816609459526248E-002  3.310805911358945E-002
   29.7064774951076      -8.487050397567128E-002 -3.311870223689807E-002
   29.7651819960861      -0.141092222225508      -4.223134745695064E-002
   29.8238864970646      -0.100151413215456       3.255949040651133E-002
   29.8825909980431      -0.114489337668246       7.371632509748773E-002
   29.9412954990215      -0.112089297084326       7.039317025861183E-002
   30.0000000000000      -6.319968393368829E-002  7.355826278710242E-003
