  2.000000000000000E-003  1.002583673434722E-004 -1.811091712189134E-004
  6.070450097847359E-002  2.237924967823031E-006 -4.217800920457216E-006
  0.119409001956947       2.825121415627231E-006 -5.178097666590280E-006
  0.178113502935421      -9.426842136980804E-007  1.718565137782611E-006
  0.236818003913894       6.577461277987902E-007 -1.208291149877594E-006
  0.295522504892368      -4.950681252781274E-007  7.816352446747772E-007
  0.354227005870842      -1.772015640965671E-007 -5.933204065769743E-007
  0.412931506849315      -3.205237834355251E-006  4.204723894010869E-007
  0.471636007827789      -1.442189134313816E-005 -2.189781120333570E-007
  0.530340508806262      -6.330988373931490E-005  1.387954275318984E-006
  0.589045009784736      -2.435327533669123E-004  4.855112103884896E-006
  0.647749510763209      -8.436467071885871E-004  1.627175585516982E-005
  0.706454011741683      -2.631676235905038E-003  3.255258914108747E-005
  0.765158512720157      -7.427682546123258E-003  9.702114258487108E-006
  0.823863013698630      -1.902588554398366E-002 -2.652086786762115E-004
  0.882567514677104      -4.436237538691929E-002 -1.452643787389177E-003
  0.941272015655577      -9.439482365861614E-002 -5.159539945180435E-003
  0.999976516634051      -0.183674119370607      -1.454111005618371E-002
   1.05868101761252      -0.327331851604282      -3.463554872692114E-002
   1.11738551859100      -0.534802113264343      -7.174416569697650E-002
   1.17609001956947      -0.801311503184416      -0.131216930263763     
   1.23479452054795       -1.10061001243879      -0.213622215836693     
   1.29349902152642       -1.38404984757214      -0.310549869768952     
   1.35220352250489       -1.59009032006422      -0.402525990292876     
   1.41090802348337       -1.66374566409523      -0.461745728877143     
   1.46961252446184       -1.57907226121442      -0.460666390437637     
   1.52831702544031       -1.35350105043942      -0.384241881310818     
   1.58702152641879       -1.04463477751103      -0.240300677653129     
   1.64572602739726      -0.728588073632885      -6.167875520086545E-002
   1.70443052837573      -0.469643149920085       0.103295982823059     
   1.76313502935421      -0.296865614011859       0.209320335666959     
   1.82183953033268      -0.199769760467132       0.233221619187840     
   1.88054403131115      -0.143867341446384       0.183667568568425     
   1.93924853228963      -9.532744648939424E-002  9.587612041706621E-002
   1.99795303326810      -3.964735155855364E-002  1.386329601163607E-002
   2.05665753424658       1.536438685679542E-002 -3.025726680426620E-002
   2.11536203522505       5.120326936371643E-002 -2.904652467734705E-002
   2.17406653620352       5.510255321169049E-002  1.287609397822574E-003
   2.23277103718200       3.015958587910126E-002  3.355395500251887E-002
   2.29147553816047      -6.246515011816920E-003  4.569795363379605E-002
   2.35018003913894      -3.305211616161731E-002  3.146147644197986E-002
   2.40888454011742      -3.735794029068766E-002  9.190484897631036E-004
   2.46758904109589      -2.025489201743490E-002 -2.769362668762583E-002
   2.52629354207436       5.897659943492995E-003 -3.912885968748225E-002
   2.58499804305284       2.588010301150716E-002 -2.895143433550819E-002
   2.64370254403131       3.010539723521315E-002 -4.512813794641535E-003
   2.70240704500978       1.859471216053569E-002  2.033857104438418E-002
   2.76111154598826      -7.706063547778725E-004  3.311526805889421E-002
   2.81981604696673      -1.759434477269273E-002  2.872283603944314E-002
   2.87852054794521      -2.439892619029348E-002  1.094118652580221E-002
   2.93722504892368      -1.948196752853698E-002 -1.061277068447650E-002
   2.99592954990215      -6.526317379876244E-003 -2.578147007916441E-002
   3.05463405088063       7.996206987358067E-003 -2.851567978138768E-002
   3.11333855185910       1.794782103795507E-002 -1.888268979757547E-002
   3.17204305283757       1.983498160588872E-002 -2.091684747872069E-003
   3.23074755381605       1.370060386336692E-002  1.441945374941954E-002
   3.28945205479452       2.624935722584098E-003  2.423768899775407E-002
   3.34815655577299      -8.758049193920160E-003  2.424419570367134E-002
   3.40686105675147      -1.612465538429554E-002  1.527972655468344E-002
   3.46556555772994      -1.704136840058525E-002  1.302118684875116E-003
   3.52427005870842      -1.170478071234759E-002 -1.239462133115522E-002
   3.58297455968689      -2.610611354051143E-003 -2.115255781737789E-002
   3.64167906066536       6.636702736162389E-003 -2.244024610034481E-002
   3.70038356164384       1.280800524947998E-002 -1.643782476434024E-002
   3.75908806262231       1.418542420253364E-002 -5.644181774009951E-003
   3.81779256360078       1.094371988683408E-002  6.225855445169583E-003
   3.87649706457926       4.763724204793973E-003  1.557099467004160E-002
   3.93520156555773      -2.013931556010400E-003  1.997360263177916E-002
   3.99390606653620      -7.279396303874673E-003  1.870919346709633E-002
   4.05261056751468      -9.772773232677959E-003  1.266185595828961E-002
   4.11131506849315      -9.303946000405424E-003  3.817332809128736E-003
   4.17001956947162      -6.602514722604294E-003 -5.414314328217471E-003
   4.22872407045010      -2.913879247955337E-003 -1.283491556090543E-002
   4.28742857142857       5.045227377549290E-004 -1.692329635237343E-002
   4.34613307240704       2.819015309507422E-003 -1.707602375409501E-002
   4.40483757338552       3.836326106383924E-003 -1.361579528352519E-002
   4.46354207436399       3.926590009968139E-003 -7.599035658384708E-003
   4.52224657534247       3.703792727387464E-003 -4.863866419315432E-004
   4.58095107632094       3.635554531901030E-003  6.229522015406181E-003
   4.63965557729941       3.787595706369064E-003  1.134272027213735E-002
   4.69836007827789       3.830483948218602E-003  1.412690488945907E-002
   4.75706457925636       3.283829416597548E-003  1.438177447159163E-002
   4.81576908023483       1.841516991930358E-003  1.235916514954168E-002
   4.87447358121331      -4.121020024069303E-004  8.624401815163628E-003
   4.93317808219178      -3.007733667036327E-003  3.906837207224709E-003
   4.99188258317025      -5.297449131487405E-003 -1.028188052422622E-003
   5.05058708414873      -6.730987700009712E-003 -5.482140416054995E-003
   5.10929158512720      -7.051877404785085E-003 -8.905413080303111E-003
   5.16799608610568      -6.329547769028320E-003 -1.095932320958854E-002
   5.22670058708415      -4.849251460125287E-003 -1.154516500756188E-002
   5.28540508806262      -2.952715454496478E-003 -1.078791335413501E-002
   5.34410958904110      -9.212893178432389E-004 -8.973735646008452E-003
   5.40281409001957       1.060864124944283E-003 -6.461691084009463E-003
   5.46151859099804       2.886779012170779E-003 -3.600244666771045E-003
   5.52022309197652       4.496000521317160E-003 -6.729883431914275E-004
   5.57892759295499       5.857272861714768E-003  2.117426966429469E-003
   5.63763209393346       6.953943205417345E-003  4.632810419114678E-003
   5.69633659491194       7.751608178415205E-003  6.766859020168632E-003
   5.75504109589041       8.150448875286006E-003  8.415145955203584E-003
   5.81374559686888       7.957382869036999E-003  9.463531332761095E-003
   5.87245009784736       6.921046855993537E-003  9.803319489169956E-003
   5.93115459882583       4.841358021081072E-003  9.368131269266044E-003
   5.98985909980431       1.713010606017655E-003  8.174938648814281E-003
   6.04856360078278      -2.173329182444561E-003  6.346555808717682E-003
   6.10726810176125      -6.241543347152405E-003  4.100407375356296E-003
   6.16597260273973      -9.768906326405364E-003  1.703839004323287E-003
   6.22467710371820      -1.210396989044115E-002 -5.880986404634621E-004
   6.28338160469667      -1.286870962106287E-002 -2.589018066918106E-003
   6.34208610567515      -1.205598690117584E-002 -4.211883721928412E-003
   6.40079060665362      -9.985998513440850E-003 -5.463780595017302E-003
   6.45949510763209      -7.156026619149409E-003 -6.411218650515804E-003
   6.51819960861057      -4.064720467901471E-003 -7.132325944876022E-003
   6.57690410958904      -1.089762981498797E-003 -7.677018130530696E-003
   6.63560861056752       1.546247842191521E-003 -8.048511616964057E-003
   6.69431311154599       3.741686964173048E-003 -8.207641415546474E-003
   6.75301761252446       5.461528291807464E-003 -8.088663797781963E-003
   6.81172211350294       6.701911833770484E-003 -7.616783737203538E-003
   6.87042661448141       7.480746762887137E-003 -6.725873166297826E-003
   6.92913111545988       7.835687701822166E-003 -5.382065604266739E-003
   6.98783561643836       7.809501878766755E-003 -3.616371723695735E-003
   7.04654011741683       7.422770076322687E-003 -1.554848456384424E-003
   7.10524461839530       6.654535964822412E-003  5.771489678842780E-004
   7.16394911937378       5.455506308594202E-003  2.495919288151524E-003
   7.22265362035225       3.799620936018121E-003  3.942994958132382E-003
   7.28135812133072       1.752789244144561E-003  4.779625186620816E-003
   7.34006262230920      -4.814856689270503E-004  5.047679708382793E-003
   7.39876712328767      -2.575190688323041E-003  4.961469411512285E-003
   7.45747162426615      -4.155466901323107E-003  4.827808852661085E-003
   7.51617612524462      -4.921863799918299E-003  4.925523078137918E-003
   7.57488062622309      -4.748749032286487E-003  5.397344835928458E-003
   7.63358512720157      -3.724808312052192E-003  6.200656436677596E-003
   7.69228962818004      -2.113068531882417E-003  7.136939084608681E-003
   7.75099412915851      -2.552035930315447E-004  7.940078653102671E-003
   7.80969863013699       1.531935441178231E-003  8.378100093265469E-003
   7.86840313111546       3.023831648670614E-003  8.322316000948019E-003
   7.92710763209393       4.103649498778128E-003  7.762339531281384E-003
   7.98581213307241       4.737800704690727E-003  6.778445642009958E-003
   8.04451663405088       4.937734861377412E-003  5.502160413463992E-003
   8.10322113502936       4.730955966275971E-003  4.089029560742588E-003
   8.16192563600783       4.149203735804111E-003  2.705222394228080E-003
   8.22063013698630       3.229855994885917E-003  1.510064864336716E-003
   8.27933463796478       2.021959070998167E-003  6.185649349378214E-004
   8.33803913894325       5.895597035554797E-004  4.991862635446107E-005
   8.39674363992172      -9.900469924946072E-004 -3.074488299047252E-004
   8.45544814090020      -2.631774263606293E-003 -6.802520015004081E-004
   8.51415264187867      -4.247705573703587E-003 -1.331857880683908E-003
   8.57285714285714      -5.748926033894682E-003 -2.444982377643325E-003
   8.63156164383562      -7.045135247643062E-003 -4.018423371220257E-003
   8.69026614481409      -8.047168177727096E-003 -5.832450652777358E-003
   8.74897064579256      -8.676188906746691E-003 -7.508119325019829E-003
   8.80767514677104      -8.877797448678197E-003 -8.640567983619974E-003
   8.86637964774951      -8.635064028380933E-003 -8.947708994656470E-003
   8.92508414872799      -7.973082131352957E-003 -8.368274331391430E-003
   8.98378864970646      -6.952791177087293E-003 -7.068610647997678E-003
   9.04249315068493      -5.659174825141379E-003 -5.364167900948114E-003
   9.10119765166341      -4.188174898939217E-003 -3.603386096851880E-003
   9.15990215264188      -2.635340428650668E-003 -2.068527671713233E-003
   9.21860665362035      -1.086189601888873E-003 -9.289063713453374E-004
   9.27731115459883       3.889053412094635E-004 -2.453013453103546E-004
   9.33601565557730       1.731008386275362E-003  4.680523355411695E-007
   9.39472015655577       2.878744879899960E-003 -1.215669722730240E-004
   9.45342465753425       3.751551873775586E-003 -5.043477791339235E-004
   9.51212915851272       4.247004366888824E-003 -1.015505182974294E-003
   9.57083365949119       4.264400977385707E-003 -1.521468418274318E-003
   9.62953816046967       3.752679493136504E-003 -1.928190105761401E-003
   9.68824266144814       2.759911988718332E-003 -2.223585325047455E-003
   9.74694716242662       1.453570065403292E-003 -2.496173302195483E-003
   9.80565166340509       9.147864826126934E-005 -2.908220124546610E-003
   9.86435616438356      -1.051933080466795E-003 -3.624341544358662E-003
   9.92306066536204      -1.775844254383415E-003 -4.722581809574699E-003
   9.98176516634051      -2.020004024245246E-003 -6.130984276038020E-003
   10.0404696673190      -1.877705605850119E-003 -7.624534277745449E-003
   10.0991741682975      -1.547760606954588E-003 -8.888834530949586E-003
   10.1578786692759      -1.247756376274100E-003 -9.622244365145334E-003
   10.2165831702544      -1.128490582545242E-003 -9.630391786827994E-003
   10.2752876712329      -1.227191407589072E-003 -8.874536650558755E-003
   10.3339921722114      -1.474685554017315E-003 -7.462064224308464E-003
   10.3926966731898      -1.743011474089455E-003 -5.594552981129716E-003
   10.4514011741683      -1.900766636888052E-003 -3.501925071612341E-003
   10.5101056751468      -1.848706482865269E-003 -1.388141358253664E-003
   10.5688101761252      -1.528639984480429E-003  5.982518364250645E-004
   10.6275146771037      -9.201822800180811E-004  2.368008399589787E-003
   10.6862191780822      -4.506360013446223E-005  3.875215968669271E-003
   10.7449236790607       1.016528763361232E-003  5.092583560266976E-003
   10.8036281800391       2.112567340715296E-003  5.990731480031245E-003
   10.8623326810176       3.034468301995698E-003  6.531424690706145E-003
   10.9210371819961       3.573570289926451E-003  6.676838448216479E-003
   10.9797416829746       3.604774865607933E-003  6.408061297544586E-003
   11.0384461839530       3.159104461179561E-003  5.741652947710602E-003
   11.0971506849315       2.442306962273526E-003  4.735817559807671E-003
   11.1558551859100       1.777852530811083E-003  3.483897543478675E-003
   11.2145596868885       1.490425864357490E-003  2.097940313937087E-003
   11.2732641878669       1.779168036153286E-003  6.886759411601072E-004
   11.3319686888454       2.638062304817455E-003 -6.516536938171103E-004
   11.3906731898239       3.860333960074448E-003 -1.857607504273027E-003
   11.4493776908024       5.120225654976164E-003 -2.887172965070097E-003
   11.5080821917808       6.091135083319308E-003 -3.709994488924602E-003
   11.5667866927593       6.546350543150979E-003 -4.296963905633598E-003
   11.6254911937378       6.406849246488784E-003 -4.619086967503192E-003
   11.6841956947162       5.730956748545618E-003 -4.656290027858030E-003
   11.7429001956947       4.666682512049684E-003 -4.405353551985678E-003
   11.8016046966732       3.395493774506445E-003 -3.876662388588667E-003
   11.8603091976517       2.088133628435262E-003 -3.079009895413340E-003
   11.9190136986301       8.794033056514147E-004 -2.006941865402373E-003
   11.9777181996086      -1.412961488947975E-004 -6.488322850505482E-004
   12.0364227005871      -9.310844340044106E-004  9.782756749870526E-004
   12.0951272015656      -1.490697200144460E-003  2.783216309494713E-003
   12.1538317025440      -1.857677245531947E-003  4.576255603393389E-003
   12.2125362035225      -2.091431291317435E-003  6.093018891620379E-003
   12.2712407045010      -2.248333163190930E-003  7.069642879824835E-003
   12.3299452054795      -2.352187454949658E-003  7.341185741308094E-003
   12.3886497064579      -2.373718723251284E-003  6.917202885724083E-003
   12.4473542074364      -2.232561851014004E-003  5.993997228885562E-003
   12.5060587084149      -1.825511581209532E-003  4.891653942177555E-003
   12.5647632093933      -1.069878485696252E-003  3.940500547255013E-003
   12.6234677103718       5.815233477796519E-005  3.367474787570477E-003
   12.6821722113503       1.506294598300017E-003  3.230747621742289E-003
   12.7408767123288       3.153945786689210E-003  3.426191867684981E-003
   12.7995812133072       4.838177885547255E-003  3.753007786800740E-003
   12.8582857142857       6.388238744168154E-003  3.999845085780257E-003
   12.9169902152642       7.659866528657834E-003  4.013472559154158E-003
   12.9756947162427       8.561427887743970E-003  3.728815770512343E-003
   13.0343992172211       9.063767444935285E-003  3.163819321355782E-003
   13.0931037181996       9.186976088955608E-003  2.396144307494190E-003
   13.1518082191781       8.967122656095587E-003  1.538546967109119E-003
   13.2105127201566       8.419706455838127E-003  7.193661618334009E-004
   13.2692172211350       7.523856457010770E-003  6.445057248843728E-005
   13.3279217221135       6.242539569289825E-003 -3.259005094725000E-004
   13.3866262230920       4.572491162844306E-003 -4.057719352885829E-004
   13.4453307240705       2.596552907842891E-003 -2.087660509208035E-004
   13.5040352250489       5.054084319859967E-004  1.479385996668488E-004
   13.5627397260274      -1.432030714089469E-003  4.939033976199326E-004
   13.6214442270059      -2.942681303591721E-003  6.660261716601800E-004
   13.6801487279843      -3.837847420476537E-003  5.767161633237659E-004
   13.7388532289628      -4.076040346123843E-003  2.566488216416108E-004
   13.7975577299413      -3.770477914327116E-003 -1.499013903631332E-004
   13.8562622309198      -3.137972494856224E-003 -4.355781207847717E-004
   13.9149667318982      -2.414038073662492E-003 -4.024434364624637E-004
   13.9736712328767      -1.772806199312473E-003  7.420369340003808E-005
   14.0323757338552      -1.284870018825513E-003  1.012216462888350E-003
   14.0910802348337      -9.228277986510101E-004  2.324263715137405E-003
   14.1497847358121      -6.010835163768070E-004  3.848559953438622E-003
   14.2084892367906      -2.231801506331976E-004  5.396427778638179E-003
   14.2671937377691       2.846094220404042E-004  6.802448856597287E-003
   14.3258982387476       9.588421457968552E-004  7.961294278042942E-003
   14.3846027397260       1.796756781549077E-003  8.836601738653169E-003
   14.4433072407045       2.755198986658505E-003  9.437828061678163E-003
   14.5020117416830       3.747262776929392E-003  9.777180364471732E-003
   14.5607162426614       4.643336415031736E-003  9.832007608877100E-003
   14.6194207436399       5.288948980017973E-003  9.537245598034044E-003
   14.6781252446184       5.545546255527256E-003  8.814813466327282E-003
   14.7368297455969       5.345068462906436E-003  7.627307703281269E-003
   14.7955342465753       4.733972381023554E-003  6.026125127952650E-003
   14.8542387475538       3.878933688679636E-003  4.166825097172686E-003
   14.9129432485323       3.021341045724203E-003  2.280294246735044E-003
   14.9716477495108       2.395060762100075E-003  6.089632183553331E-004
   15.0303522504892       2.142702182271109E-003 -6.641958100745869E-004
   15.0890567514677       2.268166983542770E-003 -1.463334925404195E-003
   15.1477612524462       2.642600276384058E-003 -1.824953835281523E-003
   15.2064657534247       3.055921774518623E-003 -1.861510005672314E-003
   15.2651702544031       3.288711855311916E-003 -1.705075529660809E-003
   15.3238747553816       3.177204371340266E-003 -1.457734871437968E-003
   15.3825792563601       2.653553934753963E-003 -1.168056842507246E-003
   15.4412837573386       1.753508418521557E-003 -8.349686428593281E-004
   15.4999882583170       5.925169246205040E-004 -4.267348581235359E-004
   15.5586927592955      -6.811588566323682E-004  9.995861835697226E-005
   15.6173972602740      -1.938407135330357E-003  7.877807472529900E-004
   15.6761017612524      -3.104326744420892E-003  1.671288781843244E-003
   15.7348062622309      -4.159957053165106E-003  2.765007536107759E-003
   15.7935107632094      -5.111210225879955E-003  4.043492869688603E-003
   15.8522152641879      -5.944395690059162E-003  5.419931682987334E-003
   15.9109197651663      -6.595689469392462E-003  6.739689279087142E-003
   15.9696242661448      -6.954423825235180E-003  7.804726002430370E-003
   16.0283287671233      -6.900866881899591E-003  8.430482628908614E-003
   16.0870332681018      -6.360496338413491E-003  8.515966121094029E-003
   16.1457377690802      -5.347863581598998E-003  8.093287552204472E-003
   16.2044422700587      -3.977903442615211E-003  7.328516259152412E-003
   16.2631467710372      -2.438281379023320E-003  6.469091781615085E-003
   16.3218512720157      -9.341941665468394E-004  5.760479144554906E-003
   16.3805557729941       3.697762793489732E-004  5.368298443493559E-003
   16.4392602739726       1.386842730159000E-003  5.335161762870961E-003
   16.4979647749511       2.111399918169009E-003  5.582266847171644E-003
   16.5566692759296       2.593614239873138E-003  5.946703911792461E-003
   16.6153737769080       2.901966712449348E-003  6.239471512719449E-003
   16.6740782778865       3.092608198524941E-003  6.303873088047685E-003
   16.7327827788650       3.194028805557928E-003  6.058096455821410E-003
   16.7914872798434       3.206256720197810E-003  5.508514048336753E-003
   16.8501917808219       3.106104285404982E-003  4.728938639127661E-003
   16.9088962818004       2.852031252385933E-003  3.815151545016108E-003
   16.9676007827789       2.388353558652796E-003  2.837062679073901E-003
   17.0263052837573       1.654771891902457E-003  1.814356387764869E-003
   17.0850097847358       6.079345560828819E-004  7.283187005088655E-004
   17.1437142857143      -7.463789408729943E-004 -4.372815153431010E-004
   17.2024187866928      -2.324166696853539E-003 -1.650654802241505E-003
   17.2611232876712      -3.957994370860789E-003 -2.809450698441562E-003
   17.3198277886497      -5.429599284646843E-003 -3.755729120375247E-003
   17.3785322896282      -6.534153056365480E-003 -4.323898123622725E-003
   17.4372367906067      -7.149885882443325E-003 -4.399647591605589E-003
   17.4959412915851      -7.280303643380047E-003 -3.963500349553678E-003
   17.5546457925636      -7.050063046509876E-003 -3.099236413699482E-003
   17.6133502935421      -6.658360901957099E-003 -1.965296598795764E-003
   17.6720547945205      -6.312125147321995E-003 -7.430672544531021E-004
   17.7307592954990      -6.165166769171176E-003  4.151903866527123E-004
   17.7894637964775      -6.280385760246767E-003  1.418932266048065E-003
   17.8481682974560      -6.622841000194040E-003  2.244613527216845E-003
   17.9068727984344      -7.081860480086765E-003  2.918708562057173E-003
   17.9655772994129      -7.514980906902373E-003  3.490032658625050E-003
   18.0242818003914      -7.799391015370759E-003  4.003630960434152E-003
   18.0829863013699      -7.871177968290651E-003  4.483927551722971E-003
   18.1416908023483      -7.734366918057271E-003  4.927587530898161E-003
   18.2003953033268      -7.435424753027812E-003  5.302780923195938E-003
   18.2590998043053      -7.017029969074049E-003  5.551115636115202E-003
   18.3178043052838      -6.478658974796068E-003  5.593109581343025E-003
   18.3765088062622      -5.768435033189924E-003  5.342284032089044E-003
   18.4352133072407      -4.813446051336181E-003  4.731974720522699E-003
   18.4939178082192      -3.573538970989869E-003  3.749387705363282E-003
   18.5526223091977      -2.089761965715849E-003  2.460664670068633E-003
   18.6113268101761      -4.996621120332963E-004  1.009155027201057E-003
   18.6700313111546       9.904668333491221E-004 -4.191306395438608E-004
   18.7287358121331       2.165626897028686E-003 -1.650365040798536E-003
   18.7874403131115       2.868156228352353E-003 -2.574722906867520E-003
   18.8461448140900       3.042272678555526E-003 -3.173349007177161E-003
   18.9048493150685       2.741815452240342E-003 -3.513766015096681E-003
   18.9635538160470       2.102023305025798E-003 -3.719643005127378E-003
   19.0222583170254       1.290467824419020E-003 -3.928977503372048E-003
   19.0809628180039       4.565697038744837E-004 -4.252500920730859E-003
   19.1396673189824      -3.045210973929003E-004 -4.743195338521344E-003
   19.1983718199609      -9.643453679467592E-004 -5.385358283226130E-003
   19.2570763209393      -1.549418058937041E-003 -6.108208489564010E-003
   19.3157808219178      -2.113536877987096E-003 -6.820593459844715E-003
   19.3744853228963      -2.706872952592549E-003 -7.452122469248711E-003
   19.4331898238748      -3.353895836599962E-003 -7.979546528734541E-003
   19.4918943248532      -4.045034107517016E-003 -8.422251271288919E-003
   19.5505988258317      -4.739323739272659E-003 -8.807685619257013E-003
   19.6093033268102      -5.372456354214299E-003 -9.125800685315337E-003
   19.6680078277886      -5.867169508132817E-003 -9.301183041002675E-003
   19.7267123287671      -6.147939443265847E-003 -9.203681600945850E-003
   19.7854168297456      -6.160925519515842E-003 -8.698067455218962E-003
   19.8441213307241      -5.893519747261363E-003 -7.709631523521388E-003
   19.9028258317025      -5.383285671654634E-003 -6.273143828935814E-003
   19.9615303326810      -4.709241117998991E-003 -4.540345555676453E-003
   20.0202348336595      -3.968013754605936E-003 -2.742361908693492E-003
   20.0789393346380      -3.244900187154570E-003 -1.123948669962587E-003
   20.1376438356164      -2.592355760498138E-003  1.236763390090602E-004
   20.1963483365949      -2.021310674221413E-003  9.074377639143965E-004
   20.2550528375734      -1.505144535755327E-003  1.243749149163826E-003
   20.3137573385519      -9.928916105848263E-004  1.237256929381330E-003
   20.3724618395303      -4.275120694071353E-004  1.036009274959828E-003
   20.4311663405088       2.346494257899145E-004  7.784531378684349E-004
   20.4898708414873       1.008781593382172E-003  5.512780085017041E-004
   20.5485753424658       1.877363707239855E-003  3.727518751805368E-004
   20.6072798434442       2.801773629545994E-003  2.062235321860426E-004
   20.6659843444227       3.745809862609960E-003 -5.707327281960101E-006
   20.7246888454012       4.699179097175189E-003 -3.050031106657881E-004
   20.7833933463796       5.684655935423051E-003 -6.978072644560118E-004
   20.8420978473581       6.739480850197108E-003 -1.155769657004006E-003
   20.9008023483366       7.875846027610517E-003 -1.632880698262127E-003
   20.9595068493151       9.041405362394511E-003 -2.085735691782402E-003
   21.0182113502935       1.010620142765318E-002 -2.487997104735764E-003
   21.0769158512720       1.088945197996258E-002 -2.835592369799318E-003
   21.1356203522505       1.121799358972286E-002 -3.143364958543390E-003
   21.1943248532290       1.098979865312848E-002 -3.435221554411011E-003
   21.2530293542074       1.021426227127131E-002 -3.731477802123306E-003
   21.3117338551859       9.012669778090029E-003 -4.036914896098070E-003
   21.3704383561644       7.582424230485030E-003 -4.334882369073123E-003
   21.4291428571429       6.140906556955533E-003 -4.590192150181810E-003
   21.4878473581213       4.869318061699532E-003 -4.759502187746572E-003
   21.5465518590998       3.871538619728442E-003 -4.804980132220356E-003
   21.6052563600783       3.159188133115526E-003 -4.705088112943998E-003
   21.6639608610568       2.665843213476733E-003 -4.458034506475786E-003
   21.7226653620352       2.286094569137878E-003 -4.077809899547031E-003
   21.7813698630137       1.924349366150306E-003 -3.586347080627953E-003
   21.8400743639922       1.532310746595328E-003 -3.005907162316350E-003
   21.8987788649706       1.118279825575693E-003 -2.353386892638247E-003
   21.9574833659491       7.252759840676322E-004 -1.634605637382393E-003
   22.0161878669276       3.926379845771712E-004 -8.385889159529312E-004
   22.0748923679061       1.239183667809963E-004  6.549687884918442E-005
   22.1335968688845      -1.204800286092528E-004  1.120968389483844E-003
   22.1923013698630      -4.027073910064840E-004  2.361849979226542E-003
   22.2510058708415      -7.711696966406873E-004  3.783277593549780E-003
   22.3097103718200      -1.228394430629389E-003  5.319891186870626E-003
   22.3684148727984      -1.719000104085087E-003  6.847921241489626E-003
   22.4271193737769      -2.142545178491457E-003  8.214089555055992E-003
   22.4858238747554      -2.384945150949597E-003  9.279749630114666E-003
   22.5445283757339      -2.355600415545866E-003  9.960701461750520E-003
   22.6032328767123      -2.017329446457179E-003  1.024659555907531E-002
   22.6619373776908      -1.399888667056670E-003  1.019570243970938E-002
   22.7206418786693      -5.937713817780892E-004  9.910913422939394E-003
   22.7793463796478       2.749254439095866E-004  9.507019301587040E-003
   22.8380508806262       1.081114234740461E-003  9.079579719951351E-003
   22.8967553816047       1.735937929489522E-003  8.682786244559520E-003
   22.9554598825832       2.206535388493015E-003  8.322892992059294E-003
   23.0141643835616       2.512171822525145E-003  7.968963550125921E-003
   23.0728688845401       2.699765336573316E-003  7.577664087934844E-003
   23.1315733855186       2.813261970815321E-003  7.120937796867239E-003
   23.1902778864971       2.872626702713106E-003  6.602584747257600E-003
   23.2489823874755       2.870108231502150E-003  6.052932321116865E-003
   23.3076868884540       2.779965731721703E-003  5.503730166783235E-003
   23.3663913894325       2.572074675786342E-003  4.956505211021146E-003
   23.4250958904110       2.223060293316155E-003  4.365019804322272E-003
   23.4838003913894       1.723579351423283E-003  3.645428525759588E-003
   23.5425048923679       1.082778670999457E-003  2.712329752808319E-003
   23.6012093933464       3.302875671394972E-004  1.522683271697885E-003
   23.6599138943249      -4.878152725694026E-004  1.062910592764202E-004
   23.7186183953033      -1.320060108067985E-003 -1.431687078089314E-003
   23.7773228962818      -2.124864982270790E-003 -2.935868626730077E-003
   23.8360273972603      -2.882449350256438E-003 -4.242839580761017E-003
   23.8947318982387      -3.596693300212668E-003 -5.223654118211139E-003
   23.9534363992172      -4.285550336640758E-003 -5.815213196440231E-003
   24.0121409001957      -4.965159187192296E-003 -6.032478145706534E-003
   24.0708454011742      -5.636830433934113E-003 -5.957332567660974E-003
   24.1295499021526      -6.284402271975966E-003 -5.707815865739453E-003
   24.1882544031311      -6.881007188944399E-003 -5.397138958384446E-003
   24.2469589041096      -7.400305277207937E-003 -5.098374688228357E-003
   24.3056634050881      -7.824672139983722E-003 -4.830773900908967E-003
   24.3643679060665      -8.147927451268912E-003 -4.572276328838555E-003
   24.4230724070450      -8.374562762549996E-003 -4.290436391268920E-003
   24.4817769080235      -8.517962392370602E-003 -3.972356401372478E-003
   24.5404814090020      -8.596907971400714E-003 -3.637842603399989E-003
   24.5991859099804      -8.626936945617973E-003 -3.329112182610942E-003
   24.6578904109589      -8.606609942074166E-003 -3.085523945910327E-003
   24.7165949119374      -8.505589899799118E-003 -2.918805399515309E-003
   24.7752994129159      -8.264228285360071E-003 -2.802243835142779E-003
   24.8340039138943      -7.810464956832218E-003 -2.677822762952646E-003
   24.8927084148728      -7.088323552110105E-003 -2.476616051852554E-003
   24.9514129158513      -6.084345902282724E-003 -2.143607754577614E-003
   25.0101174168297      -4.838187882210344E-003 -1.658625432828270E-003
   25.0688219178082      -3.432615001997944E-003 -1.047345839564276E-003
   25.1275264187867      -1.968801370103289E-003 -3.799563097348280E-004
   25.1862309197652      -5.387316408255855E-004  2.447291968988341E-004
   25.2449354207436       7.940493569453252E-004  7.268637344647464E-004
   25.3036399217221       2.000747212147048E-003  9.970770477769578E-004
   25.3623444227006       3.082349704066951E-003  1.038514315249802E-003
   25.4210489236791       4.057799717818953E-003  8.883685205061701E-004
   25.4797534246575       4.950058894814380E-003  6.164999768960291E-004
   25.5384579256360       5.773981344993219E-003  2.932120005979952E-004
   25.5971624266145       6.529702727539882E-003 -3.712123901909284E-005
   25.6558669275930       7.203763404760801E-003 -3.632976504589405E-004
   25.7145714285714       7.779545494855341E-003 -6.960491513168108E-004
   25.7732759295499       8.251869941608468E-003 -1.048380718250841E-003
   25.8319804305284       8.637792822464742E-003 -1.420856834578724E-003
   25.8906849315069       8.973672612994891E-003 -1.797248271806086E-003
   25.9493894324853       9.297702875074049E-003 -2.149528665916889E-003
   26.0080939334638       9.625253929471566E-003 -2.445477245499755E-003
   26.0667984344423       9.931471155124128E-003 -2.656468188130110E-003
   26.1255029354207       1.015158824386479E-002 -2.764584669240999E-003
   26.1842074363992       1.020012950830650E-002 -2.769712925544354E-003
   26.2429119373777       9.999970472620939E-003 -2.693465197945784E-003
   26.3016164383562       9.508532989894711E-003 -2.575528802197088E-003
   26.3603209393346       8.730888659392826E-003 -2.459210745678180E-003
   26.4190254403131       7.717380390594780E-003 -2.371590351275594E-003
   26.4777299412916       6.548519070176572E-003 -2.307504609606089E-003
   26.5364344422701       5.313512262381765E-003 -2.229402070346946E-003
   26.5951389432485       4.088574083469473E-003 -2.084190814834955E-003
   26.6538434442270       2.921735790784287E-003 -1.828982205974424E-003
   26.7125479452055       1.828447648971606E-003 -1.449793820367612E-003
   26.7712524461840       7.994461943778661E-004 -9.641508194518869E-004
   26.8299569471624      -1.829640858417732E-004 -4.074344458204764E-004
   26.8886614481409      -1.128011986702714E-003  1.848911398327017E-004
   26.9473659491194      -2.027760296923151E-003  7.892923662508534E-004
   27.0060704500978      -2.860811023498663E-003  1.395738832436113E-003
   27.0647749510763      -3.606782881863183E-003  2.003764527202639E-003
   27.1234794520548      -4.261601491255866E-003  2.617862925223978E-003
   27.1821839530333      -4.844575340739916E-003  3.244682792457334E-003
   27.2408884540117      -5.391664824773679E-003  3.888382595571398E-003
   27.2995929549902      -5.938978079084603E-003  4.542992331293736E-003
   27.3582974559687      -6.504784614250744E-003  5.184464563221829E-003
   27.4170019569472      -7.078646978055169E-003  5.770194732450696E-003
   27.4757064579256      -7.621376899801178E-003  6.249687203995181E-003
   27.5344109589041      -8.074984465913615E-003  6.584528887024220E-003
   27.5931154598826      -8.377939182214187E-003  6.764985669375075E-003
   27.6518199608611      -8.482008575619253E-003  6.813550811830584E-003
   27.7105244618395      -8.365340362369028E-003  6.770279187461338E-003
   27.7692289628180      -8.039078440051903E-003  6.670253739855395E-003
   27.8279334637965      -7.543224202456814E-003  6.525305797149649E-003
   27.8866379647750      -6.933307182459486E-003  6.322410245874249E-003
   27.9453424657534      -6.261606558257126E-003  6.035426365761053E-003
   28.0040469667319      -5.562854653432219E-003  5.643453557303450E-003
   28.0627514677104      -4.849322333219239E-003  5.141230808160324E-003
   28.1214559686888      -4.118314461341631E-003  4.539757384361463E-003
   28.1801604696673      -3.365309258580704E-003  3.858888168828750E-003
   28.2388649706458      -2.595056778044425E-003  3.121165094579598E-003
   28.2975694716243      -1.823482898045567E-003  2.347291339734354E-003
   28.3562739726027      -1.071667011984920E-003  1.554285595031497E-003
   28.4149784735812      -3.557488152889965E-004  7.502136588039123E-004
   28.4736829745597       3.190396999827404E-004 -6.921425457050161E-005
   28.5323874755382       9.594348929908670E-004 -9.204988448544729E-004
   28.5910919765166       1.579378474569917E-003 -1.820906172971261E-003
   28.6497964774951       2.194533462277172E-003 -2.773557310303511E-003
   28.7085009784736       2.816242085675038E-003 -3.753417810091526E-003
   28.7672054794521       3.447493285455023E-003 -4.709893443403693E-003
   28.8259099804305       4.078218056610089E-003 -5.582257393864390E-003
   28.8846144814090       4.684593016181885E-003 -6.325173602721473E-003
   28.9433189823875       5.231420742465375E-003 -6.923355386967679E-003
   29.0020234833659       5.682260426455100E-003 -7.393015792803687E-003
   29.0607279843444       6.010436851965052E-003 -7.763253585590591E-003
   29.1194324853229       6.208834445549838E-003 -8.057863673167846E-003
   29.1781369863014       6.288082308070465E-003 -8.280085783660754E-003
   29.2368414872798       6.269534826805867E-003 -8.417089206246307E-003
   29.2955459882583       6.171920956178458E-003 -8.447654799568688E-003
   29.3542504892368       6.006419681165795E-003 -8.357119916701820E-003
   29.4129549902153       5.774321397530655E-003 -8.138397008643420E-003
   29.4716594911937       5.475810419976133E-003 -7.796803171527939E-003
   29.5303639921722       5.111649080293430E-003 -7.342109358375011E-003
   29.5890684931507       4.688560869085706E-003 -6.794632193528569E-003
   29.6477729941292       4.211708983606661E-003 -6.173440952307521E-003
   29.7064774951076       3.688795723229494E-003 -5.501378545550472E-003
   29.7651819960861       3.122667273416503E-003 -4.780923194711387E-003
   29.8238864970646       2.525134138885619E-003 -4.008858396897901E-003
   29.8825909980431       1.902841994342590E-003 -3.152389733005258E-003
   29.9412954990215       1.279550854011013E-003 -2.210328360342028E-003
   30.0000000000000       6.437114716694296E-004 -1.146445823251492E-003
  2.000000000000000E-003  9.908659924381309E-005 -1.809552119771526E-004
  6.070450097847359E-002  2.199711422555739E-006 -4.211699410238574E-006
  0.119409001956947       2.791456579361685E-006 -5.165173191698018E-006
  0.178113502935421      -9.296846100089054E-007  1.716788566395334E-006
  0.236818003913894       6.506151168566840E-007 -1.204238925570611E-006
  0.295522504892368      -4.927197138685638E-007  7.759216124442125E-007
  0.354227005870842      -1.935682931302859E-007 -6.179647738306806E-007
  0.412931506849315      -3.224841165366168E-006  3.354845425411353E-007
  0.471636007827789      -1.447708545722779E-005 -6.002092842573297E-007
  0.530340508806262      -6.341548812303783E-005 -1.086094933471409E-007
  0.589045009784736      -2.435220392319228E-004 -6.666331716601223E-007
  0.647749510763209      -8.423964649645630E-004 -2.301731046389660E-006
  0.706454011741683      -2.624586946659864E-003 -2.494335017029481E-005
  0.765158512720157      -7.400305029698863E-003 -1.538720347313655E-004
  0.823863013698630      -1.894032833936121E-002 -6.934393371568606E-004
  0.882567514677104      -4.413319676723094E-002 -2.483955131560587E-003
  0.941272015655577      -9.385284368055738E-002 -7.444275706926575E-003
  0.999976516634051      -0.182522116774539      -1.919736739830461E-002
   1.05868101761252      -0.325105143621270      -4.336813240689891E-002
   1.11738551859100      -0.530859715145699      -8.682460036070976E-002
   1.17609001956947      -0.794893865743472      -0.155216669460383     
   1.23479452054795       -1.09099732569267      -0.248852747958288     
   1.29349902152642       -1.37082467153899      -0.358295217369411     
   1.35220352250489       -1.57344780817276      -0.462302773020404     
   1.41090802348337       -1.64472594663440      -0.530905223664983     
   1.46961252446184       -1.55956318729456      -0.534590268842522     
   1.52831702544031       -1.33591785037273      -0.457176843882644     
   1.58702152641879       -1.03132232361691      -0.306612279567930     
   1.64572602739726      -0.721143424074147      -0.117108637647892     
   1.70443052837573      -0.468427207854589       6.080850307650534E-002
   1.76313502935421      -0.300911356186130       0.179519536570239     
   1.82183953033268      -0.207127771015979       0.214095429923240     
   1.88054403131115      -0.152245367539071       0.172392068046405     
   1.93924853228963      -0.102769650988132       8.973283184794462E-002
   1.99795303326810      -4.500541281849087E-002  1.080332890075318E-002
   2.05665753424658       1.230897203044449E-002 -3.150268395744873E-002
   2.11536203522505       4.995299880342127E-002 -2.918189044125965E-002
   2.17406653620352       5.484958816229697E-002  1.816515053106967E-003
   2.23277103718200       3.018405619549759E-002  3.435947443721170E-002
   2.29147553816047      -6.343724899886323E-003  4.641871507685678E-002
   2.35018003913894      -3.333169646711357E-002  3.184107511694267E-002
   2.40888454011742      -3.767775898643170E-002  8.883424649489299E-004
   2.46758904109589      -2.044392049954039E-002 -2.801006314347490E-002
   2.52629354207436       5.921046749529291E-003 -3.949658555211395E-002
   2.58499804305284       2.607853663576746E-002 -2.915574491872908E-002
   2.64370254403131       3.036160258139722E-002 -4.464119087184920E-003
   2.70240704500978       1.877935914803836E-002  2.057745484851814E-002
   2.76111154598826      -7.377771130652501E-004  3.338759758208115E-002
   2.81981604696673      -1.771314398070019E-002  2.887980476047342E-002
   2.87852054794521      -2.459684967450421E-002  1.092272533203260E-002
   2.93722504892368      -1.965610190033256E-002 -1.076275309480784E-002
   2.99592954990215      -6.596925413623332E-003 -2.596259254666697E-002
   3.05463405088063       8.049192904166402E-003 -2.863910310407936E-002
   3.11333855185910       1.808355884799733E-002 -1.891314872811763E-002
   3.17204305283757       1.998209976607472E-002 -2.045366884738251E-003
   3.23074755381605       1.379709084107500E-002  1.450461937170389E-002
   3.28945205479452       2.643812522616463E-003  2.432926286000442E-002
   3.34815655577299      -8.807307705568271E-003  2.432275238389710E-002
   3.40686105675147      -1.621192559477604E-002  1.533128392460663E-002
   3.46556555772994      -1.713404221213354E-002  1.311887794994381E-003
   3.52427005870842      -1.177755630086350E-002 -1.243727166249026E-002
   3.58297455968689      -2.647046865050066E-003 -2.124228322085998E-002
   3.64167906066536       6.644944818871095E-003 -2.254988898278757E-002
   3.70038356164384       1.285925168513968E-002 -1.652670243918976E-002
   3.75908806262231       1.426541360169679E-002 -5.676855184882281E-003
   3.81779256360078       1.102744621377497E-002  6.262628918027198E-003
   3.87649706457926       4.824070426909724E-003  1.566337281825061E-002
   3.93520156555773      -1.994943769831881E-003  2.008869138754077E-002
   3.99390606653620      -7.303748497921344E-003  1.880915095824237E-002
   4.05261056751468      -9.828073650810889E-003  1.271585661755761E-002
   4.11131506849315      -9.371329060639477E-003  3.808689213688884E-003
   4.17001956947162      -6.664752349621099E-003 -5.484633869023720E-003
   4.22872407045010      -2.959333901633618E-003 -1.294703734678877E-002
   4.28742857142857       4.823157853636324E-004 -1.704145134289237E-002
   4.34613307240704       2.822907850079227E-003 -1.715869979221121E-002
   4.40483757338552       3.865806339449666E-003 -1.363201178385284E-002
   4.46354207436399       3.976435072134947E-003 -7.543504232736981E-003
   4.52224657534247       3.763500368577997E-003 -3.839122084743583E-004
   4.58095107632094       3.691170500273940E-003  6.334784481877728E-003
   4.63965557729941       3.826039904680207E-003  1.140860759559357E-002
   4.69836007827789       3.844127410881052E-003  1.413339906537915E-002
   4.75706457925636       3.272687064168671E-003  1.433859467962151E-002
   4.81576908023483       1.812017830264127E-003  1.229721476894928E-002
   4.87447358121331      -4.510011175782811E-004  8.577014869152220E-003
   4.93317808219178      -3.048550618655963E-003  3.892202394138509E-003
   4.99188258317025      -5.335644912938467E-003 -1.013594868692599E-003
   5.05058708414873      -6.763911495378952E-003 -5.457013430688521E-003
   5.10929158512720      -7.076540872819728E-003 -8.889849229218821E-003
   5.16799608610568      -6.341803081116358E-003 -1.096315057238798E-002
   5.22670058708415      -4.845269468271894E-003 -1.156499781174286E-002
   5.28540508806262      -2.931668347912670E-003 -1.081247266822855E-002
   5.34410958904110      -8.870933515989224E-004 -8.991866338341863E-003
   5.40281409001957       1.100235693576638E-003 -6.467198734245195E-003
   5.46151859099804       2.921965443517432E-003 -3.591652335835861E-003
   5.52022309197652       4.519552251082790E-003 -6.510244310622372E-004
   5.57892759295499       5.866026540818330E-003  2.150604223995602E-003
   5.63763209393346       6.949748649178349E-003  4.671550886032081E-003
   5.69633659491194       7.740190081372948E-003  6.799749485758291E-003
   5.75504109589041       8.139077162055119E-003  8.426597220197035E-003
   5.81374559686888       7.951784572163938E-003  9.440504565167897E-003
   5.87245009784736       6.923043980919746E-003  9.744078368719112E-003
   5.93115459882583       4.848048538025433E-003  9.287205418325698E-003
   5.98985909980431       1.718334581849065E-003  8.100034373940374E-003
   6.04856360078278      -2.175693365419562E-003  6.307550316266100E-003
   6.10726810176125      -6.255040369600201E-003  4.115831342687054E-003
   6.16597260273973      -9.792464643747284E-003  1.771731426276637E-003
   6.22467710371820      -1.213222266950537E-002 -4.896209268114085E-004
   6.28338160469667      -1.289400491147307E-002 -2.491896559565619E-003
   6.34208610567515      -1.207137408035276E-002 -4.144033483119742E-003
   6.40079060665362      -9.987796167607772E-003 -5.438436279874958E-003
   6.45949510763209      -7.144996731792759E-003 -6.424661762337039E-003
   6.51819960861057      -4.045402506999168E-003 -7.169882873782189E-003
   6.57690410958904      -1.068483995629005E-003 -7.722481562821815E-003
   6.63560861056752       1.563569542720451E-003 -8.091079878294348E-003
   6.69431311154599       3.750737489320236E-003 -8.243297981413347E-003
   6.75301761252446       5.459785156780929E-003 -8.117282439344996E-003
   6.81172211350294       6.688766984998126E-003 -7.638725343588419E-003
   6.87042661448141       7.458260362403365E-003 -6.741086691276245E-003
   6.92913111545988       7.809780148532742E-003 -5.391790474169459E-003
   6.98783561643836       7.789939065230336E-003 -3.624900450708249E-003
   7.04654011741683       7.420470400490622E-003 -1.568775563862509E-003
   7.10524461839530       6.676662915867382E-003  5.527127970782034E-004
   7.16394911937378       5.500592709870282E-003  2.462080331551227E-003
   7.22265362035225       3.856087369445294E-003  3.909358446736899E-003
   7.28135812133072       1.802305001130114E-003  4.761920268714109E-003
   7.34006262230920      -4.566897354599639E-004  5.061039644352522E-003
   7.39876712328767      -2.584581115790227E-003  5.012586438111416E-003
   7.45747162426615      -4.195752917463498E-003  4.910281018861496E-003
   7.51617612524462      -4.978164445219118E-003  5.021238304469266E-003
   7.57488062622309      -4.800870584925922E-003  5.483473616811547E-003
   7.63358512720157      -3.755671197775768E-003  6.258708005807274E-003
   7.69228962818004      -2.115149358857099E-003  7.159088825996611E-003
   7.75099412915851      -2.319615751582760E-004  7.929946700897934E-003
   7.80969863013699       1.569561930439095E-003  8.346454105521388E-003
   7.86840313111546       3.063417838772471E-003  8.280994468240065E-003
   7.92710763209393       4.135918924282481E-003  7.719804562617467E-003
   7.98581213307241       4.757737857780623E-003  6.738521233450484E-003
   8.04451663405088       4.943018634657663E-003  5.465461306937239E-003
   8.10322113502936       4.720293200926706E-003  4.055194501293740E-003
   8.16192563600783       4.122844638289051E-003  2.674400510820536E-003
   8.22063013698630       3.192147310154056E-003  1.483276475273684E-003
   8.27933463796478       1.983229670531657E-003  5.971467702564194E-004
   8.33803913894325       5.644771673099011E-004  3.490877974846705E-005
   8.39674363992172      -9.882612798175489E-004 -3.156392545658794E-004
   8.45544814090020      -2.598629462357110E-003 -6.815086701748506E-004
   8.51415264187867      -4.192117082152567E-003 -1.325807570463293E-003
   8.57285714285714      -5.691755996407785E-003 -2.430677611088640E-003
   8.63156164383562      -7.011467750313094E-003 -3.994902714495201E-003
   8.69026614481409      -8.055504868806979E-003 -5.799858050639149E-003
   8.74897064579256      -8.729961245847002E-003 -7.468617292137604E-003
   8.80767514677104      -8.963416458624689E-003 -8.598275587878620E-003
   8.86637964774951      -8.727751417408417E-003 -8.907613923101338E-003
   8.92508414872799      -8.047277533225910E-003 -8.334677669176971E-003
   8.98378864970646      -6.991918199648431E-003 -7.044195954846040E-003
   9.04249315068493      -5.659947788103393E-003 -5.349839155722958E-003
   9.10119765166341      -4.158491292257379E-003 -3.598690212575856E-003
   9.15990215264188      -2.588084603094642E-003 -2.071991209305293E-003
   9.21860665362035      -1.033359881854798E-003 -9.387014561642639E-004
   9.27731115459883       4.389632429531745E-004 -2.602503785610075E-004
   9.33601565557730       1.772980326285059E-003 -2.016865090682343E-005
   9.39472015655577       2.908676086949034E-003 -1.504390620277114E-004
   9.45342465753425       3.766448618774471E-003 -5.443450517487037E-004
   9.51212915851272       4.246436099980941E-003 -1.066849516213261E-003
   9.57083365949119       4.252738834209824E-003 -1.578880294575548E-003
   9.62953816046967       3.739503776500720E-003 -1.980666938681679E-003
   9.68824266144814       2.757266394685165E-003 -2.257731306318495E-003
   9.74694716242662       1.470503565834940E-003 -2.501787105529317E-003
   9.80565166340509       1.286198936023852E-004 -2.883360011531383E-003
   9.86435616438356      -1.004602717114228E-003 -3.577198490093021E-003
   9.92306066536204      -1.736043971112910E-003 -4.668878785531382E-003
   9.98176516634051      -2.005963522637244E-003 -6.087929635867280E-003
   10.0404696673190      -1.900162183426718E-003 -7.603964158351938E-003
   10.0991741682975      -1.605334813326583E-003 -8.892836152134310E-003
   10.1578786692759      -1.327878660296364E-003 -9.643240579578246E-003
   10.2165831702544      -1.212968563239392E-003 -9.655514654145502E-003
   10.2752876712329      -1.299149270646397E-003 -8.891749332143985E-003
   10.3339921722114      -1.523537028351999E-003 -7.464806357886741E-003
   10.3926966731898      -1.765950752830977E-003 -5.582557926503056E-003
   10.4514011741683      -1.901170544733829E-003 -3.478879204802868E-003
   10.5101056751468      -1.833102703954183E-003 -1.358561373543518E-003
   10.5688101761252      -1.503741660767092E-003  6.304066147362908E-004
   10.6275146771037      -8.907420740058934E-004  2.398251752397758E-003
   10.6862191780822      -1.302986157267457E-005  3.896976755581590E-003
   10.7449236790607       1.051449884903189E-003  5.097401019882844E-003
   10.8036281800391       2.151356039502609E-003  5.971693331473051E-003
   10.8623326810176       3.077070531328009E-003  6.488103092510697E-003
   10.9210371819961       3.617993235224250E-003  6.618667441512427E-003
   10.9797416829746       3.647371570870828E-003  6.353119006723789E-003
   11.0384461839530       3.195647691637945E-003  5.710372101978669E-003
   11.0971506849315       2.469216263452600E-003  4.742089466916646E-003
   11.1558551859100       1.793094819937033E-003  3.528009135302747E-003
   11.2145596868885       1.493856752140406E-003  2.165339007465265E-003
   11.2732641878669       1.772357699223788E-003  7.554415429492706E-004
   11.3319686888454       2.623586655150720E-003 -6.089031370329389E-004
   11.3906731898239       3.840637933212337E-003 -1.852656887561222E-003
   11.4493776908024       5.096693160085315E-003 -2.919929347119110E-003
   11.5080821917808       6.064134570971076E-003 -3.768659961171149E-003
   11.5667866927593       6.516141914311108E-003 -4.364320898984635E-003
   11.6254911937378       6.374640534350300E-003 -4.679385514756610E-003
   11.6841956947162       5.698768166685206E-003 -4.699499000497058E-003
   11.7429001956947       4.636054594404210E-003 -4.427963866406308E-003
   11.8016046966732       3.366058922112964E-003 -3.880078046489417E-003
   11.8603091976517       2.057946298504179E-003 -3.067277825182330E-003
   11.9190136986301       8.474234287352290E-004 -1.985034424166179E-003
   11.9777181996086      -1.719968077990631E-004 -6.219074059244921E-004
   12.0364227005871      -9.519809703582453E-004  1.005165069357001E-003
   12.0951272015656      -1.490245543220596E-003  2.805537732613718E-003
   12.1538317025440      -1.827007147071941E-003  4.591102188424734E-003
   12.2125362035225      -2.030364419175282E-003  6.100525246290249E-003
   12.2712407045010      -2.168126993952785E-003  7.073723407051627E-003
   12.3299452054795      -2.272913411313845E-003  7.348487746322773E-003
   12.3886497064579      -2.316946732813682E-003  6.934275142015622E-003
   12.4473542074364      -2.212610554591174E-003  6.023933663108855E-003
   12.5060587084149      -1.843563680123563E-003  4.932103760758007E-003
   12.5647632093933      -1.113948012033503E-003  3.984311072902218E-003
   12.6234677103718       7.588514121322210E-006  3.405328383342869E-003
   12.6821722113503       1.467941083637423E-003  3.254375004301176E-003
   12.7408767123288       3.138858531947150E-003  3.430624236597116E-003
   12.7995812133072       4.847363031346023E-003  3.737504021106569E-003
   12.8582857142857       6.414804135903732E-003  3.967714313131606E-003
   12.9169902152642       7.693638538621182E-003  3.971020251995520E-003
   12.9756947162427       8.593057411364390E-003  3.683402498419723E-003
   13.0343992172211       9.086663547125224E-003  3.121173134862940E-003
   13.0931037181996       9.197285845285546E-003  2.358038131131134E-003
   13.1518082191781       8.962976168121972E-003  1.502430806413912E-003
   13.2105127201566       8.401058482884468E-003  6.808004077528421E-004
   13.2692172211350       7.493290980125188E-003  2.134833011951821E-005
   13.3279217221135       6.206185951482708E-003 -3.697859856587824E-004
   13.3866262230920       4.539718155437571E-003 -4.405795673802143E-004
   13.4453307240705       2.577465897313029E-003 -2.220681566057060E-004
   13.5040352250489       5.066162647332017E-004  1.651941059239313E-004
   13.5627397260274      -1.411160990529139E-003  5.422856622075486E-004
   13.6214442270059      -2.911066760348082E-003  7.359591809239490E-004
   13.6801487279843      -3.809686174903555E-003  6.514103148127545E-004
   13.7388532289628      -4.064992302216829E-003  3.184134200951825E-004
   13.7975577299413      -3.784098681579096E-003 -1.129097837709413E-004
   13.8562622309198      -3.175066672073975E-003 -4.254812229841831E-004
   13.9149667318982      -2.465795192720760E-003 -4.121424518478540E-004
   13.9736712328767      -1.826513487848612E-003  5.661291168756306E-005
   14.0323757338552      -1.328171468832495E-003  9.979273023457641E-004
   14.0910802348337      -9.471217770352000E-004  2.319783646627346E-003
   14.1497847358121      -6.034355813639737E-004  3.854950436557094E-003
   14.2084892367906      -2.064645402645651E-004  5.411015816707279E-003
   14.2671937377691       3.132637347582888E-004  6.821114092145262E-003
   14.3258982387476       9.913548763704886E-004  7.979830117653476E-003
   14.3846027397260       1.827791912233224E-003  8.850630163069020E-003
   14.4433072407045       2.784479911800046E-003  9.442351393703342E-003
   14.5020117416830       3.778915548126555E-003  9.766997203379346E-003
   14.5607162426614       4.682361999475393E-003  9.803830126555169E-003
   14.6194207436399       5.336953496041044E-003  9.492533566536216E-003
   14.6781252446184       5.597956828961020E-003  8.761648607695743E-003
   14.7368297455969       5.391811183959701E-003  7.579193373175440E-003
   14.7955342465753       4.763223258152647E-003  5.997428141446101E-003
   14.8542387475538       3.882112273952651E-003  4.166577372714189E-003
   14.9129432485323       2.997090205397816E-003  2.307718058379096E-003
   14.9716477495108       2.350050009219144E-003  6.532426687173323E-004
   15.0303522504892       2.089058060652408E-003 -6.195090713281785E-004
   15.0890567514677       2.218651176535615E-003 -1.433948828169646E-003
   15.1477612524462       2.605844131382980E-003 -1.820344237694014E-003
   15.2064657534247       3.034107988838585E-003 -1.882604952770746E-003
   15.2651702544031       3.278365949136377E-003 -1.745170213029715E-003
   15.3238747553816       3.172230614822772E-003 -1.505513794233010E-003
   15.3825792563601       2.648421138191445E-003 -1.211440292233939E-003
   15.4412837573386       1.744923393508012E-003 -8.647552818381514E-004
   15.4999882583170       5.792925228695078E-004 -4.392269593998051E-004
   15.5586927592955      -6.990171534116755E-004  1.023958967292818E-004
   15.6173972602740      -1.960263982024553E-003  7.987417037466838E-004
   15.6761017612524      -3.128242961408988E-003  1.684199123614826E-003
   15.7348062622309      -4.181543769597916E-003  2.776952058947676E-003
   15.7935107632094      -5.123314941088885E-003  4.056726103850348E-003
   15.8522152641879      -5.938823584165458E-003  5.440236648409705E-003
   15.9109197651663      -6.566980061509769E-003  6.772460670408192E-003
   15.9696242661448      -6.903836327703150E-003  7.851052593655591E-003
   16.0283287671233      -6.838091605647944E-003  8.485300999739617E-003
   16.0870332681018      -6.301251605743023E-003  8.569250376422241E-003
   16.1457377690802      -5.308038580332223E-003  8.133707681241106E-003
   16.2044422700587      -3.967172767628530E-003  7.347814739911951E-003
   16.2631467710372      -2.456386676685785E-003  6.465209211554523E-003
   16.3218512720157      -9.716409472521808E-004  5.737977685395191E-003
   16.3805557729941       3.275400645693441E-004  5.335970373710607E-003
   16.4392602739726       1.354072040064635E-003  5.302200864506302E-003
   16.4979647749511       2.097796006983101E-003  5.554954405294596E-003
   16.5566692759296       2.602085622251141E-003  5.927034389748779E-003
   16.6153737769080       2.928619284923265E-003  6.225980571653345E-003
   16.6740782778865       3.128618932524907E-003  6.293503201383412E-003
   16.7327827788650       3.229073623054874E-003  6.047810297001122E-003
   16.7914872798434       3.232504038878871E-003  5.495877420109833E-003
   16.8501917808219       3.121050318235587E-003  4.711920969122889E-003
   16.9088962818004       2.858800663899796E-003  3.791950660588060E-003
   16.9676007827789       2.392886749483329E-003  2.806769107482311E-003
   17.0263052837573       1.661612815554730E-003  1.778566839599979E-003
   17.0850097847358       6.168566147583742E-004  6.925593294914294E-004
   17.1437142857143      -7.408613538324282E-004 -4.637974773842655E-004
   17.2024187866928      -2.330121401607581E-003 -1.657884386198047E-003
   17.2611232876712      -3.981784683329818E-003 -2.791110452678099E-003
   17.3198277886497      -5.472162321825413E-003 -3.713202515636839E-003
   17.3785322896282      -6.589743841006711E-003 -4.266925587020653E-003
   17.4372367906067      -7.207789902208178E-003 -4.343058535302744E-003
   17.4959412915851      -7.328795517777085E-003 -3.921627116269209E-003
   17.5546457925636      -7.080640349749871E-003 -3.080833339648264E-003
   17.6133502935421      -6.668379650407032E-003 -1.971167849009602E-003
   17.6720547945205      -6.304917250692391E-003 -7.668588080521881E-004
   17.7307592954990      -6.147747758984540E-003  3.842162576667692E-004
   17.7894637964775      -6.260344815434814E-003  1.392234577861180E-003
   17.8481682974560      -6.605753771296376E-003  2.231012122436983E-003
   17.9068727984344      -7.070188925813548E-003  2.921849417276533E-003
   17.9655772994129      -7.508273406930410E-003  3.507516677580006E-003
   18.0242818003914      -7.795438774201808E-003  4.028450468665676E-003
   18.0829863013699      -7.867026688406428E-003  4.508042796912529E-003
   18.1416908023483      -7.726933475239008E-003  4.945986769583778E-003
   18.2003953033268      -7.421640858616778E-003  5.315947747755330E-003
   18.2590998043053      -6.994219509324709E-003  5.564169492109081E-003
   18.3178043052838      -6.445638641562869E-003  5.612140377667309E-003
   18.3765088062622      -5.727188001595527E-003  5.369834332615228E-003
   18.4352133072407      -4.770150852955947E-003  4.764359126472998E-003
   18.4939178082192      -3.537604883704579E-003  3.777304059702587E-003
   18.5526223091977      -2.070514215740109E-003  2.473036589493425E-003
   18.6113268101761      -5.023429714864662E-004  9.980506698256510E-004
   18.6700313111546       9.672260007762350E-004 -4.547699841344270E-004
   18.7287358121331       2.129440050658537E-003 -1.704036968045618E-003
   18.7874403131115       2.829854407678501E-003 -2.634792964611185E-003
   18.8461448140900       3.012077768140602E-003 -3.227274802883511E-003
   18.9048493150685       2.726302806289967E-003 -3.552239587348474E-003
   18.9635538160470       2.102806422975279E-003 -3.739007821776905E-003
   19.0222583170254       1.304277537810563E-003 -3.931350084023150E-003
   19.0809628180039       4.765361383863627E-004 -4.244105533454201E-003
   19.1396673189824      -2.865450438452389E-004 -4.731621039633316E-003
   19.1983718199609      -9.548859831601377E-004 -5.376809398169549E-003
   19.2570763209393      -1.550837582211893E-003 -6.105744212894404E-003
   19.3157808219178      -2.123307765487738E-003 -6.823809083191935E-003
   19.3744853228963      -2.719275919083000E-003 -7.458201806315657E-003
   19.4331898238748      -3.363741908764003E-003 -7.984757425390775E-003
   19.4918943248532      -4.051266066072496E-003 -8.423087150897297E-003
   19.5505988258317      -4.746341645987789E-003 -8.801378255942035E-003
   19.6093033268102      -5.387983995465714E-003 -9.110575910582869E-003
   19.6680078277886      -5.897731385632315E-003 -9.276908112692991E-003
   19.7267123287671      -6.194263512576562E-003 -9.172685982681077E-003
   19.7854168297456      -6.216095525174197E-003 -8.665219391983042E-003
   19.8441213307241      -5.944902338610102E-003 -7.681051262831902E-003
   19.9028258317025      -5.417350093254867E-003 -6.253969778768075E-003
   19.9615303326810      -4.716803472824408E-003 -4.532801236451237E-003
   20.0202348336595      -3.947466236112773E-003 -2.745098205779551E-003
   20.0789393346380      -3.202403566096965E-003 -1.132969503087975E-003
   20.1376438356164      -2.539232827714013E-003  1.133911642491313E-004
   20.1963483365949      -1.970188633662474E-003  9.004280753304837E-004
   20.2550528375734      -1.466134479221417E-003  1.242955129511612E-003
   20.3137573385519      -9.709484558295598E-004  1.243451694258619E-003
   20.3724618395303      -4.214908933684429E-004  1.047554743955356E-003
   20.4311663405088       2.307640935889484E-004  7.918742670078041E-004
   20.4898708414873       1.002897805470899E-003  5.625122597181113E-004
   20.5485753424658       1.875796918730151E-003  3.791610868731012E-004
   20.6072798434442       2.806865958932058E-003  2.080587512535658E-004
   20.6659843444227       3.755782559477887E-003 -5.245659374158531E-006
   20.7246888454012       4.709943946948652E-003 -3.017794343876093E-004
   20.7833933463796       5.692328037038260E-003 -6.898669388723183E-004
   20.8420978473581       6.742046837696476E-003 -1.145915387902938E-003
   20.9008023483366       7.873479120639709E-003 -1.628694728027582E-003
   20.9595068493151       9.035840160924192E-003 -2.096433745057120E-003
   21.0182113502935       1.009980316871601E-002 -2.519679061280641E-003
   21.0769158512720       1.088438715998961E-002 -2.887494383539032E-003
   21.1356203522505       1.121547882549500E-002 -3.207250308971726E-003
   21.1943248532290       1.098969473732384E-002 -3.498130037651916E-003
   21.2530293542074       1.021500015782018E-002 -3.780396963204681E-003
   21.3117338551859       9.011884824562558E-003 -4.063007576125439E-003
   21.3704383561644       7.577940375375599E-003 -4.335851221492821E-003
   21.4291428571429       6.131676857540303E-003 -4.570237836699282E-003
   21.4878473581213       4.855815120819560E-003 -4.727615152912250E-003
   21.5465518590998       3.855482726455113E-003 -4.771900331187305E-003
   21.6052563600783       3.142704568028944E-003 -4.679910113477685E-003
   21.6639608610568       2.650680392211928E-003 -4.445280218118393E-003
   21.7226653620352       2.273224444538160E-003 -4.076252199152249E-003
   21.7813698630137       1.913976476461158E-003 -3.590364470953887E-003
   21.8400743639922       1.524048626175063E-003 -3.008797074653204E-003
   21.8987788649706       1.111002766247809E-003 -2.351084110342828E-003
   21.9574833659491       7.170279924951087E-004 -1.627568076842533E-003
   22.0161878669276       3.808974281772946E-004 -8.310409622695032E-004
   22.0748923679061       1.069328605405638E-004  6.852060830964129E-005
   22.1335968688845      -1.418540855219671E-004  1.116825497551767E-003
   22.1923013698630      -4.239698017730938E-004  2.352084958490194E-003
   22.2510058708415      -7.851321432370375E-004  3.773100963631445E-003
   22.3097103718200      -1.228029258206935E-003  5.315887973449835E-003
   22.3684148727984      -1.700707635427300E-003  6.855249522320988E-003
   22.4271193737769      -2.107971597051777E-003  8.234369109622084E-003
   22.4858238747554      -2.340499820117947E-003  9.310410925699618E-003
   22.5445283757339      -2.309944250659584E-003  9.995723923630922E-003
   22.6032328767123      -1.978526158724290E-003  1.027837210156441E-002
   22.6619373776908      -1.373169823944055E-003  1.021724846820405E-002
   22.7206418786693      -5.805464164554378E-004  9.918092484347040E-003
   22.7793463796478       2.769322660677827E-004  9.499893698355698E-003
   22.8380508806262       1.076807931286051E-003  9.062286269003704E-003
   22.8967553816047       1.731067522122267E-003  8.661757871210866E-003
   22.9554598825832       2.205568729715963E-003  8.304110197973422E-003
   23.0141643835616       2.516572186510749E-003  7.955586279506948E-003
   23.0728688845401       2.707635748329907E-003  7.569326170366442E-003
   23.1315733855186       2.820675127284101E-003  7.114920616538801E-003
   23.1902778864971       2.876294586431551E-003  6.595764276501863E-003
   23.2489823874755       2.869787617600110E-003  6.043299709255224E-003
   23.3076868884540       2.779216124126399E-003  5.490721288699602E-003
   23.3663913894325       2.576591439760861E-003  4.940727309150350E-003
   23.4250958904110       2.237357976625250E-003  4.347894560449868E-003
   23.4838003913894       1.747928739615048E-003  3.629011076144143E-003
   23.5425048923679       1.112303581140817E-003  2.699076177359572E-003
   23.6012093933464       3.565482327967662E-004  1.514716516254429E-003
   23.6599138943249      -4.735562213592861E-004  1.044542360884853E-004
   23.7186183953033      -1.323642849698510E-003 -1.428433204860333E-003
   23.7773228962818      -2.147284301236471E-003 -2.930069429827971E-003
   23.8360273972603      -2.919765162620915E-003 -4.237367418295163E-003
   23.8947318982387      -3.641348121822629E-003 -5.220292121800696E-003
   23.9534363992172      -4.328516804080371E-003 -5.813864609878426E-003
   24.0121409001957      -4.998626821747559E-003 -6.031523284405462E-003
   24.0708454011742      -5.656517813536019E-003 -5.954751088923291E-003
   24.1295499021526      -6.290902814222657E-003 -5.702338506038408E-003
   24.1882544031311      -6.879071518816589E-003 -5.388699890638541E-003
   24.2469589041096      -7.396306743163457E-003 -5.087841076287652E-003
   24.3056634050881      -7.823474901898964E-003 -4.819334145157368E-003
   24.3643679060665      -8.150701688467226E-003 -4.561156973962317E-003
   24.4230724070450      -8.378938678097981E-003 -4.280754226377447E-003
   24.4817769080235      -8.520057229798844E-003 -3.964954191412891E-003
   24.5404814090020      -8.594077886600906E-003 -3.632505020281932E-003
   24.5991859099804      -8.619513710950464E-003 -3.323910295616192E-003
   24.6578904109589      -8.597766702678682E-003 -3.076984253308049E-003
   24.7165949119374      -8.499724445342454E-003 -2.903326408253413E-003
   24.7752994129159      -8.264903745069446E-003 -2.778215113621437E-003
   24.8340039138943      -7.818976501067920E-003 -2.647052800963796E-003
   24.8927084148728      -7.103157947695828E-003 -2.444083169159900E-003
   24.9514129158513      -6.101639727387423E-003 -2.115574524894063E-003
   25.0101174168297      -4.852742375852646E-003 -1.640174793921418E-003
   25.0688219178082      -3.439301421059198E-003 -1.040678376878450E-003
   25.1275264187867      -1.964195525667663E-003 -3.840310576027547E-004
   25.1862309197652      -5.226069480411705E-004  2.332171007509790E-004
   25.2449354207436       8.182590390089657E-004  7.120017821802020E-004
   25.3036399217221       2.026941569600505E-003  9.824305540538458E-004
   25.3623444227006       3.104248631772614E-003  1.026287032797592E-003
   25.4210489236791       4.071570830802799E-003  8.790747418288949E-004
   25.4797534246575       4.955687539513152E-003  6.091282698308945E-004
   25.5384579256360       5.774529801670453E-003  2.858909119100923E-004
   25.5971624266145       6.529041730849441E-003 -4.614393856145740E-005
   25.6558669275930       7.204409350161028E-003 -3.744860205176435E-004
   25.7145714285714       7.781718135209028E-003 -7.080261304305468E-004
   25.7732759295499       8.254155037339839E-003 -1.058434218719745E-003
   25.8319804305284       8.638323287618153E-003 -1.426599535002687E-003
   25.8906849315069       8.971135902374161E-003 -1.798387791823538E-003
   25.9493894324853       9.291586547539166E-003 -2.148711476379220E-003
   26.0080939334638       9.615839971693740E-003 -2.447422563268265E-003
   26.0667984344423       9.919842820771912E-003 -2.665853535407738E-003
   26.1255029354207       1.013969712290107E-002 -2.783866534649011E-003
   26.1842074363992       1.019053207080023E-002 -2.797962754277148E-003
   26.2429119373777       9.994891770936518E-003 -2.726741028925736E-003
   26.3016164383562       9.508573881391130E-003 -2.608345360580220E-003
   26.3603209393346       8.734238381813378E-003 -2.486319068609648E-003
   26.4190254403131       7.720299516949651E-003 -2.389413226216984E-003
   26.4777299412916       6.547172762701893E-003 -2.314944080188347E-003
   26.5364344422701       5.306039636946404E-003 -2.227915266573307E-003
   26.5951389432485       4.076097348405825E-003 -2.077118682737869E-003
   26.6538434442270       2.907614941038061E-003 -1.820221593881923E-003
   26.7125479452055       1.816320933631374E-003 -1.442345068138656E-003
   26.7712524461840       7.913816748364330E-004 -9.589903932348879E-004
   26.8299569471624      -1.869868370459223E-004 -4.034827116445031E-004
   26.8886614481409      -1.129333407104628E-003  1.897719721139099E-004
   26.9473659491194      -2.027901482835473E-003  7.967620606561402E-004
   27.0060704500978      -2.860822577497411E-003  1.405692146658699E-003
   27.0647749510763      -3.607289462752595E-003  2.014262238204021E-003
   27.1234794520548      -4.262923398300506E-003  2.626145330135613E-003
   27.1821839530333      -4.846574092460388E-003  3.248796037174416E-003
   27.2408884540117      -5.393183929505488E-003  3.888308795440425E-003
   27.2995929549902      -5.937887353156744E-003  4.540757212071727E-003
   27.3582974559687      -6.498764646378824E-003  5.183343520281557E-003
   27.4170019569472      -7.066684573837746E-003  5.773442489222693E-003
   27.4757064579256      -7.604798527417676E-003  6.259505855313647E-003
   27.5344109589041      -8.057176117082454E-003  6.601412811383182E-003
   27.5931154598826      -8.362696191897726E-003  6.787537581248181E-003
   27.6518199608611      -8.471479357309530E-003  6.838795075858695E-003
   27.7105244618395      -8.358971518499750E-003  6.794376496772369E-003
   27.7692289628180      -8.034161509908556E-003  6.689700007247552E-003
   27.8279334637965      -7.536817823607200E-003  6.538229469541072E-003
   27.8866379647750      -6.923896508009312E-003  6.329154466399676E-003
   27.9453424657534      -6.249754472569972E-003  6.038148003372361E-003
   28.0040469667319      -5.550380584608575E-003  5.644859294124027E-003
   28.0627514677104      -4.838035807683798E-003  5.143136924346041E-003
   28.1214559686888      -4.109286123245392E-003  4.542318986916050E-003
   28.1801604696673      -3.358819094115913E-003  3.860965383067129E-003
   28.2388649706458      -2.591000300035660E-003  3.121385238585251E-003
   28.2975694716243      -1.821422098130324E-003  2.345076240601903E-003
   28.3562739726027      -1.070639843461047E-003  1.550212036058658E-003
   28.4149784735812      -3.542035207015176E-004  7.455539216008852E-004
   28.4736829745597       3.225389556553778E-004 -7.315511207338992E-005
   28.5323874755382       9.651235874707667E-004 -9.229029365075360E-004
   28.5910919765166       1.585543163923636E-003 -1.821605350937186E-003
   28.6497964774951       2.197940515563661E-003 -2.772911740086042E-003
   28.7085009784736       2.813754711705821E-003 -3.752294104004753E-003
   28.7672054794521       3.437981072247451E-003 -4.709696823360550E-003
   28.8259099804305       4.063361039640358E-003 -5.584686312901673E-003
   28.8846144814090       4.668011978080980E-003 -6.331637685613959E-003
   28.9433189823875       5.216689240131158E-003 -6.934199719380978E-003
   29.0020234833659       5.671028462625783E-003 -7.407062290960106E-003
   29.0607279843444       6.001944936358325E-003 -7.778225470659683E-003
   29.1194324853229       6.200824990353679E-003 -8.071491379795227E-003
   29.1781369863014       6.278503078695441E-003 -8.291153985195995E-003
   29.2368414872798       6.257607262850009E-003 -8.425841502544367E-003
   29.2955459882583       6.158163895515054E-003 -8.455185419451255E-003
   29.3542504892368       5.991963620367630E-003 -8.364493155522530E-003
   29.4129549902153       5.760285382957111E-003 -8.145922192916983E-003
   29.4716594911937       5.463079561779085E-003 -7.804136338910397E-003
   29.5303639921722       5.100992640823520E-003 -7.348799345172775E-003
   29.5890684931507       4.680450666447469E-003 -6.800590149101216E-003
   29.6477729941292       4.205854117552795E-003 -6.178825695990558E-003
   29.7064774951076       3.683794350229762E-003 -5.506228137881515E-003
   29.7651819960861       3.116494988169229E-003 -4.784855038960369E-003
   29.8238864970646       2.516279550216471E-003 -4.011253218317013E-003
   29.8825909980431       1.891719856963637E-003 -3.153020000151515E-003
   29.9412954990215       1.268657587423380E-003 -2.209716023006933E-003
   30.0000000000000       6.368576820445366E-004 -1.145678036095290E-003
