           0  3.467041116022029E-002
           1  0.101485009801920     
           2  0.159421867129385     
           3  0.179385864212064     
           4  0.162841432933305     
           5  0.127361566735819     
           6  8.951923903079882E-002
           7  5.824565237394717E-002
           8  3.586875397005566E-002
           9  2.127343675201698E-002
          10  1.232419312282943E-002
          11  7.055340391390543E-003
          12  4.028748101782355E-003
          13  2.310027866376036E-003
          14  1.333468317886028E-003
          15  7.708360608223515E-004
          16  4.357800906651412E-004
          17  2.224255520177109E-004
          18  6.825714640203734E-005
