  2.000000000000000E-003 -9.532256937320493E-004  4.835583235384893E-003
  6.070450097847359E-002 -1.015566139575965E-003 -8.178848894328630E-004
  0.119409001956947      -3.138512175999080E-003 -4.595953621327467E-004
  0.178113502935421       1.032702236362775E-003  1.619340763185749E-003
  0.236818003913894       1.543103721339730E-003  1.623195924744329E-003
  0.295522504892368       4.379580694368342E-003  1.077235719764362E-003
  0.354227005870842      -5.091176832314954E-003 -3.600120092357433E-005
  0.412931506849315      -2.169217116613371E-003  8.461172081358364E-003
  0.471636007827789       1.065374345135012E-003  8.471114236547539E-004
  0.530340508806262       1.401153150868628E-003  6.250419509731893E-003
  0.589045009784736      -8.181170588431216E-004  3.915039648647660E-003
  0.647749510763209       1.807456864533937E-003 -3.272669419548643E-003
  0.706454011741683      -2.147830418104624E-003 -3.154014861473124E-003
  0.765158512720157       8.947201187800846E-004 -5.850790961424449E-003
  0.823863013698630      -5.719398088122140E-003  1.316350384612454E-004
  0.882567514677104      -3.318928206083532E-003  3.975982550373385E-003
  0.941272015655577      -6.029420994291659E-003  5.221865534616732E-003
  0.999976516634051      -4.449079719596107E-003 -1.599790464370735E-003
   1.05868101761252      -4.576608113625036E-003  3.403547227879508E-003
   1.11738551859100       4.530918134477510E-003  1.005737392581582E-002
   1.17609001956947       2.272420017582718E-002  7.052190939991809E-003
   1.23479452054795       3.092371457767803E-002  9.847602120609485E-003
   1.29349902152642       4.605209881264458E-002  2.162144107205899E-002
   1.35220352250489       6.570242743564184E-002  1.439503225124241E-002
   1.41090802348337       8.668309166866101E-002 -2.029422018647933E-002
   1.46961252446184       0.119101899081048      -9.140240086444561E-002
   1.52831702544031       0.136796117148441      -0.176363109742133     
   1.58702152641879       0.129785769268051      -0.261849556276291     
   1.64572602739726       9.343245525424884E-002 -0.345246863918747     
   1.70443052837573       1.573865372874294E-002 -0.411536458043257     
   1.76313502935421      -9.585653769844577E-002 -0.457639262821993     
   1.82183953033268      -0.238450256710011      -0.472666168688185     
   1.88054403131115      -0.376235861324668      -0.444964191027122     
   1.93924853228963      -0.498883879259447      -0.384152394491521     
   1.99795303326810      -0.592353350637012      -0.271950254687755     
   2.05665753424658      -0.637311403680386      -0.139854685648494     
   2.11536203522505      -0.636570662840018      -4.049790150092003E-003
   2.17406653620352      -0.572351146243173       0.139521465687789     
   2.23277103718200      -0.444210279687572       0.256522076241388     
   2.29147553816047      -0.268025534384354       0.331321280300474     
   2.35018003913894      -7.235989949239849E-002  0.350389343985659     
   2.40888454011742       0.140108225629655       0.305707041777745     
   2.46758904109589       0.314938617979069       0.210525044556571     
   2.52629354207436       0.469518546610317       9.955511402435673E-002
   2.58499804305284       0.610233948144666      -2.786249811126855E-002
   2.64370254403131       0.718105648876747      -0.178693878789308     
   2.70240704500978       0.790145987426689      -0.326504500883519     
   2.76111154598826       0.816360954288601      -0.459662373160353     
   2.81981604696673       0.809266944209519      -0.548949766611816     
   2.87852054794521       0.776107635950180      -0.607550644957778     
   2.93722504892368       0.724370664639976      -0.640013946896061     
   2.99592954990215       0.659526033827864      -0.673202215756504     
   3.05463405088063       0.579088364213991      -0.703444940577910     
   3.11333855185910       0.478491227038192      -0.722458413115967     
   3.17204305283757       0.379078485293251      -0.721597723371988     
   3.23074755381605       0.269833508886811      -0.697134802665964     
   3.28945205479452       0.168327598409004      -0.640277988697068     
   3.34815655577299       8.047511231459412E-002 -0.564620716108059     
   3.40686105675147       4.211428035554691E-003 -0.494228054456322     
   3.46556555772994      -4.792357774383937E-002 -0.420779258996547     
   3.52427005870842      -7.707688102900880E-002 -0.371925818669746     
   3.58297455968689      -0.102469631133858      -0.321644980918345     
   3.64167906066536      -0.117182544220081      -0.273906333006294     
   3.70038356164384      -0.135657966250162      -0.237453577740599     
   3.75908806262231      -0.155322607494357      -0.191260115399134     
   3.81779256360078      -0.160160559107092      -0.145083352799514     
   3.87649706457926      -0.157753182331264      -0.108507456588040     
   3.93520156555773      -0.136341578654257      -7.619606353099845E-002
   3.99390606653620      -0.114031175334843      -6.570199895304107E-002
   4.05261056751468      -0.103781210329678      -4.760919078352530E-002
   4.11131506849315      -8.851956983868994E-002 -3.136171711698685E-002
   4.17001956947162      -8.661080120941600E-002 -1.058965944850314E-002
   4.22872407045010      -8.645959438035890E-002  1.492429971978958E-002
   4.28742857142857      -8.113041245757935E-002  3.622302744981452E-002
   4.34613307240704      -6.606060262550795E-002  4.413203316940290E-002
   4.40483757338552      -4.368546520593233E-002  2.870953771412118E-002
   4.46354207436399      -2.375538244384526E-002  2.291357994988548E-002
   4.52224657534247      -2.081316697722662E-003  2.480311430711982E-002
   4.58095107632094       1.566121446076658E-002  9.350790989452231E-003
   4.63965557729941       1.456203095005861E-002 -6.592097649815026E-003
   4.69836007827789       1.233481978501667E-003 -1.758045618472215E-002
   4.75706457925636      -8.075239714560822E-003 -3.714723183395338E-002
   4.81576908023483      -1.105094944051922E-002 -5.455122605120654E-002
   4.87447358121331      -3.401955675021787E-004 -6.214671987831225E-002
   4.93317808219178       9.131447413286744E-003 -6.944878540412699E-002
   4.99188258317025       1.846580319743447E-002 -5.197030472031688E-002
   5.05058708414873       2.988994879988098E-002 -3.333133374827860E-002
   5.10929158512720       4.457541378407115E-002 -2.085637169258289E-002
   5.16799608610568       4.299929714282400E-002 -2.103470693927267E-002
   5.22670058708415       2.687637740713944E-002 -1.081027786543934E-002
   5.28540508806262       3.355575990835100E-002 -7.062322625231429E-003
   5.34410958904110       3.009396943361142E-002 -9.466756854090595E-003
   5.40281409001957       1.113456665682926E-002  1.026496342273998E-002
   5.46151859099804       7.936760840230936E-003  3.242225249183667E-002
   5.52022309197652      -1.109539415317581E-002  5.341174372329584E-002
   5.57892759295499      -1.049434309459132E-002  5.977723962214958E-002
   5.63763209393346      -1.697997700891019E-002  4.593688629277558E-002
   5.69633659491194      -1.529934855168580E-002  2.149554454338006E-002
   5.75504109589041       6.448703840410719E-003  2.327769671290470E-002
   5.81374559686888       1.900453212466589E-002  1.384239151729391E-002
   5.87245009784736       2.677864242684107E-002  7.234596430623130E-003
   5.93115459882583       3.265004170716649E-002  1.231613701348436E-002
   5.98985909980431       2.669039951557387E-002  9.476979912979872E-003
   6.04856360078278       2.159746717939804E-002  1.572906132491098E-002
   6.10726810176125       1.908217391838250E-002  1.698212157615236E-002
   6.16597260273973      -3.909348874382330E-004 -7.174355648862131E-003
   6.22467710371820      -1.879520080348952E-002 -1.659441911241098E-002
   6.28338160469667      -2.159128722639036E-002 -2.236484347564402E-002
   6.34208610567515      -7.435078358344943E-003 -1.463324852391732E-002
   6.40079060665362       1.210270147255916E-003 -1.745888756217503E-002
   6.45949510763209      -7.359406869304197E-003 -2.013912596721942E-003
   6.51819960861057      -1.978607511359267E-002  1.082307766650631E-002
   6.57690410958904      -1.840609716318422E-002 -1.702958641210437E-002
   6.63560861056752      -3.093939730296953E-002 -2.278515303650236E-002
   6.69431311154599      -1.495780107956757E-002 -1.795392185641104E-002
   6.75301761252446      -2.908147458994669E-003 -1.395931191726113E-002
   6.81172211350294      -6.468522679663928E-003 -8.743985150687004E-003
   6.87042661448141      -2.492599475274384E-002 -1.133500688673538E-002
   6.92913111545988      -4.143679114345985E-002 -1.107383627044693E-002
   6.98783561643836      -4.301905766931972E-002 -1.798388858003011E-002
   7.04654011741683      -2.814388018433231E-002 -1.678203968361422E-002
   7.10524461839530      -8.666169198705564E-003 -7.117457411137932E-003
   7.16394911937378       1.992447488377565E-002 -5.658143638824404E-003
   7.22265362035225       4.465352503764049E-002  4.364606401085696E-003
   7.28135812133072       6.085988971775862E-002  8.758669859437986E-003
   7.34006262230920       7.594547293793510E-002 -1.558160116550059E-002
   7.39876712328767       4.594125566808795E-002 -2.659474467118607E-002
   7.45747162426615       1.961585310521130E-002 -1.006746532913549E-002
   7.51617612524462       5.916040602389396E-004 -5.395510383179147E-003
   7.57488062622309      -2.204276825210796E-002  1.113293669246034E-002
   7.63358512720157      -3.711126800655627E-002  3.983106845076679E-003
   7.69228962818004      -3.640056967114295E-002  2.238329821990912E-002
   7.75099412915851      -9.742375680489461E-003  2.177395117949455E-002
   7.80969863013699       5.743907097589671E-003 -6.751663335997048E-004
   7.86840313111546       2.491980341065543E-003 -2.322807634261178E-003
   7.92710763209393       6.814859319421128E-004 -1.734993714827523E-003
   7.98581213307241       5.270484238302963E-003  1.304407772022067E-002
   8.04451663405088       2.531125374261350E-002  1.457408693343033E-002
   8.10322113502936       2.452030191015952E-002  4.186591650680850E-003
   8.16192563600783       1.101269666941323E-002  9.441993521071664E-003
   8.22063013698630       1.100980011502000E-002  9.138725859000862E-003
   8.27933463796478       2.184834015747526E-002  5.148660805907333E-003
   8.33803913894325       2.606245889101596E-002 -1.317595632890170E-002
   8.39674363992172       2.376954473775330E-003 -2.214317290137145E-002
   8.45544814090020      -1.761937634830769E-002 -5.293688156421940E-003
   8.51415264187867      -2.637385096784740E-002  1.028590099859161E-002
   8.57285714285714      -1.214640389148315E-002  1.270553623364351E-002
   8.63156164383562      -7.246222704018260E-003  1.536985530188283E-002
   8.69026614481409       3.570599178328304E-003  1.855718611079300E-002
   8.74897064579256       1.791801259133022E-002 -9.467919208900229E-004
   8.80767514677104       2.291195359694938E-002 -2.913440679737249E-002
   8.86637964774951       1.316031691981599E-002 -4.793900918123410E-002
   8.92508414872799      -8.268698592418113E-003 -3.797478378644208E-002
   8.98378864970646      -2.305489126961606E-002 -3.155661720669656E-002
   9.04249315068493      -3.490568994172901E-002 -2.013905215167522E-002
   9.10119765166341      -2.001260483650150E-002 -1.096414469572568E-002
   9.15990215264188      -3.932712047707218E-003  3.613639208326167E-004
   9.21860665362035       2.197000843659198E-002  3.958655572635337E-002
   9.27731115459883       3.210358559844952E-002  5.183101923924892E-002
   9.33601565557730       7.605514832798171E-003  5.873130869468383E-002
   9.39472015655577      -1.635175920811766E-002  4.847862167844004E-002
   9.45342465753425      -3.194067481587131E-002  3.014827239980066E-002
   9.51212915851272      -1.650685594619111E-002  1.449683700162040E-003
   9.57083365949119      -1.744831433965910E-003 -3.755322620867627E-002
   9.62953816046967       2.189556226080092E-002 -5.494019427963785E-002
   9.68824266144814       5.863727301161110E-002 -6.471342570404587E-002
   9.74694716242662       6.814676334055692E-002 -7.608829932077142E-002
   9.80565166340509       6.186609191819090E-002 -6.486567729458011E-002
   9.86435616438356       5.672866654939245E-002 -4.339517984748540E-002
   9.92306066536204       3.922328791887022E-002 -2.196799172993833E-002
   9.98176516634051       2.877599718307419E-002 -1.634968138105885E-002
   10.0404696673190       4.488491693458344E-003  5.888322386849014E-003
   10.0991741682975      -1.030372876246591E-002  2.413317039178638E-002
   10.1578786692759      -6.898304822062863E-003  4.071885560033660E-002
   10.2165831702544      -1.827113466737715E-002  4.679146006757989E-002
   10.2752876712329      -1.567666452780983E-002  2.924204037100994E-002
   10.3339921722114      -1.447643960036106E-002  1.878599851465393E-003
   10.3926966731898      -1.988773621956789E-002 -1.751787133731009E-002
   10.4514011741683       1.780960266036163E-002 -2.658086952575028E-002
   10.5101056751468       3.281130719552157E-002 -1.285399713828194E-002
   10.5688101761252       1.684213365677971E-002 -9.025257145730438E-003
   10.6275146771037       2.065773437232781E-003  7.784516903888392E-003
   10.6862191780822      -1.089261095256224E-002  2.572041476209644E-002
   10.7449236790607      -1.125846106901081E-002 -6.804378326949685E-003
   10.8036281800391      -2.390117791575914E-002 -8.039548190264910E-003
   10.8623326810176      -8.704167774774181E-003 -4.502606800118196E-003
   10.9210371819961       1.148652682811430E-002 -3.021720818691234E-002
   10.9797416829746       3.937903037582222E-002 -3.862794714050233E-002
   11.0384461839530       4.166135248253446E-002 -4.502717832128062E-002
   11.0971506849315       5.817815771742561E-002 -3.971398806381216E-002
   11.1558551859100       8.965894760439247E-002 -1.068381021907708E-002
   11.2145596868885       8.391197494304356E-002  1.063267888089244E-002
   11.2732641878669       7.547672964266314E-002  7.084960747724377E-003
   11.3319686888454       5.668825176421470E-002 -4.626222696071998E-003
   11.3906731898239       2.789907452501103E-002 -1.492423623319085E-002
   11.4493776908024       2.249310022146406E-002 -2.142176494477642E-003
   11.5080821917808       2.051754518804551E-003  2.098136611849608E-002
   11.5667866927593      -1.542715098824639E-002  1.745049317255545E-002
   11.6254911937378      -8.982817781746056E-003  1.801080462196826E-003
   11.6841956947162      -1.710035006270799E-002 -9.976847582120292E-003
   11.7429001956947      -1.777662808197307E-003 -2.838024503258375E-002
   11.8016046966732       3.593233340710707E-003 -3.038139860090543E-002
   11.8603091976517       1.367749440986523E-002 -2.597699295813589E-002
   11.9190136986301       3.655983883429178E-002 -3.802245240912008E-002
   11.9777181996086       7.635229185374939E-004 -3.374230371498909E-002
   12.0364227005871      -3.861557554478975E-002 -3.465073986717526E-002
   12.0951272015656      -4.755865266022501E-002 -3.653767615818437E-002
   12.1538317025440      -3.790819433163556E-002 -2.931361529756421E-002
   12.2125362035225      -2.514615430048843E-002 -2.526395821977602E-002
   12.2712407045010      -1.394953804686999E-002 -1.296794889308085E-002
   12.3299452054795      -4.798306289875796E-003 -2.097466741750338E-002
   12.3886497064579      -4.864954901215652E-003 -3.622213610745728E-002
   12.4473542074364       1.546755345067222E-002 -3.163369777586766E-002
   12.5060587084149       3.068474827869639E-002 -9.251913898668487E-003
   12.5647632093933       8.163748504507365E-003 -1.385174842566111E-002
   12.6234677103718      -1.285503822401718E-002 -1.950854532867904E-002
   12.6821722113503      -2.432181809751258E-002 -1.025999821703682E-002
   12.7408767123288      -2.584032151646563E-002 -1.905091081218381E-002
   12.7995812133072      -1.193981461604766E-002 -3.078736455567792E-002
   12.8582857142857      -2.026517197002971E-002 -3.725650506861879E-002
   12.9169902152642       2.834620958017517E-003 -3.975046167040673E-002
   12.9756947162427       1.787012250724500E-002 -3.495386977540596E-002
   13.0343992172211      -6.390721949879703E-004 -2.440948642915380E-002
   13.0931037181996      -5.790181164939868E-003 -1.562597578063466E-002
   13.1518082191781      -5.174222400521366E-003  3.882386232144136E-004
   13.2105127201566      -1.045277720548445E-002  1.939816539957098E-002
   13.2692172211350      -2.562637720025075E-002  3.448845782524378E-003
   13.3279217221135      -2.956842488299181E-002 -5.209081611301378E-003
   13.3866262230920      -3.729469343119817E-002 -1.734101543875704E-002
   13.4453307240705      -3.325758449050704E-002 -2.339251091735569E-002
   13.5040352250489      -2.003738699493290E-002  2.375117324734336E-005
   13.5627397260274      -1.806065856683141E-002  3.350136219396685E-003
   13.6214442270059      -6.470053029989976E-003 -2.299934144328716E-002
   13.6801487279843      -5.764791691239534E-003 -4.456201632992114E-002
   13.7388532289628      -3.154197756030055E-002 -5.777051575379798E-002
   13.7975577299413      -4.029704958279504E-002 -4.452051996089391E-002
   13.8562622309198      -1.770940488547766E-002 -4.345137332126230E-002
   13.9149667318982      -2.099549746701297E-003 -5.282869075863436E-002
   13.9736712328767       7.107307932323569E-003 -3.690509019321074E-002
   14.0323757338552       1.083829929118770E-002 -5.317594203871989E-003
   14.0910802348337       1.498661731641171E-002  3.171477961830646E-002
   14.1497847358121       9.615079035684981E-003  4.359268451287512E-002
   14.2084892367906      -1.944093817967060E-003  4.390082751291558E-002
   14.2671937377691       4.034278771934701E-003  2.257386639224531E-002
   14.3258982387476       1.555968140019327E-005 -1.139750166504265E-002
   14.3846027397260      -4.936962974672474E-003 -1.087644369142045E-002
   14.4433072407045       9.925246388629861E-003 -7.191890431293601E-003
   14.5020117416830       3.094137630625959E-003 -5.326818193394279E-003
   14.5607162426614       6.555109137504415E-003 -3.017149518094686E-002
   14.6194207436399       1.049718109315173E-002 -2.450062884706187E-002
   14.6781252446184      -1.109295616651947E-003  8.827322020442724E-003
   14.7368297455969       2.887824786347418E-002  4.777814099254384E-003
   14.7955342465753       4.238010620700200E-002  1.352489384918194E-002
   14.8542387475538       4.261634899848057E-002  1.306254035725588E-002
   14.9129432485323       3.254859577227863E-002  1.352231816622290E-002
   14.9716477495108       1.792309492742908E-002  3.783475552627023E-002
   15.0303522504892       8.501780994644175E-003  4.106079948514307E-004
   15.0890567514677      -2.041974363420718E-002 -1.082802381514405E-002
   15.1477612524462      -1.416442056059588E-002  1.927258104278879E-002
   15.2064657534247      -2.104550981811302E-002  1.178545458311604E-002
   15.2651702544031      -1.445237040055562E-002  7.268335781992354E-003
   15.3238747553816       2.077836648977009E-003  1.170996851630945E-002
   15.3825792563601       1.737659044729454E-002  1.425647262626934E-002
   15.4412837573386       3.671109897639352E-002  1.972939803633031E-002
   15.4999882583170       4.852924683193277E-002  2.639478766580305E-002
   15.5586927592955       4.832482154550841E-002  3.184181411206363E-002
   15.6173972602740       4.314887274620331E-002  2.653755986529371E-002
   15.6761017612524       3.897953271310587E-002  2.543774247659151E-002
   15.7348062622309       2.755937375916669E-002  2.775522838829692E-002
   15.7935107632094       7.910627939589444E-003  1.672397254035051E-002
   15.8522152641879      -1.028458558743708E-002  2.297874660537242E-002
   15.9109197651663      -1.356665446047278E-002  2.368274572930634E-002
   15.9696242661448       6.483466861967570E-003 -3.023927853619685E-003
   16.0283287671233       2.511107563646621E-002  9.589406635607499E-004
   16.0870332681018       2.263145929984105E-002  7.516137090663157E-003
   16.1457377690802      -1.073920214489060E-002 -7.321909407154533E-003
   16.2044422700587      -1.560085328173886E-002 -4.237086362489544E-002
   16.2631467710372      -6.272519748762229E-003 -5.287058338080886E-002
   16.3218512720157      -1.099131488404635E-002 -1.941337733536633E-002
   16.3805557729941       5.037386695162165E-003  2.450522083409673E-003
   16.4392602739726       2.467782385527340E-002  1.423470859136768E-002
   16.4979647749511       1.701009306200877E-002  3.223979224112826E-002
   16.5566692759296       4.290710842285751E-005  3.782652844671425E-002
   16.6153737769080      -2.207347215973134E-002  3.728740516155019E-003
   16.6740782778865      -3.309558458949763E-002 -2.596075352036606E-002
   16.7327827788650      -3.317946682764829E-002 -3.071358052656745E-002
   16.7914872798434      -2.904042076524079E-002 -2.808533670611818E-002
   16.8501917808219      -3.272381873468291E-002 -1.961269320088923E-002
   16.9088962818004      -3.451300562984070E-002 -2.673134088331734E-002
   16.9676007827789      -4.154319984610447E-002 -5.247716328696427E-002
   17.0263052837573      -2.402746025886990E-002 -5.544080350162025E-002
   17.0850097847358      -7.030028813106107E-003 -6.308771752280989E-002
   17.1437142857143       3.127061300693169E-002 -5.036597133054804E-002
   17.2024187866928       5.797254216642156E-002 -1.493718228032372E-002
   17.2611232876712       4.398234449351369E-002  6.709053669808528E-003
   17.3198277886497       1.862317598798783E-002  1.686485136780547E-002
   17.3785322896282       8.275900068678409E-004 -2.570598685437249E-003
   17.4372367906067      -2.880672694807724E-002 -1.215053627395003E-002
   17.4959412915851      -4.332482594137460E-002  2.083686995516606E-003
   17.5546457925636      -2.595583362687751E-002  1.486371236335144E-002
   17.6133502935421      -2.064123849149023E-002  4.510423257823941E-002
   17.6720547945205      -1.462080255844409E-002  6.810412824733950E-002
   17.7307592954990       7.414578603986007E-003  6.932944686878678E-002
   17.7894637964775       1.241712134764306E-002  6.206757672247802E-002
   17.8481682974560       2.600961857937146E-002  4.222611377459132E-002
   17.9068727984344       2.106474812922501E-002  2.578808794170358E-002
   17.9655772994129       4.144315184177808E-003  2.610401464667866E-002
   18.0242818003914      -5.454246377083544E-003  4.324112170661851E-002
   18.0829863013699      -3.701562693470984E-003  3.985785694165858E-002
   18.1416908023483       2.549265407955743E-002  1.645600880350278E-002
   18.2003953033268       3.017622971282792E-002 -2.299061635060952E-003
   18.2590998043053       7.989569315227324E-003 -1.938898119988999E-002
   18.3178043052838       1.383431827580345E-002 -1.029113331809772E-002
   18.3765088062622       3.172975863455637E-002 -9.381984072692473E-004
   18.4352133072407       4.121149819391381E-002  1.217584002868470E-002
   18.4939178082192       5.179216367474502E-002  1.121797299591215E-002
   18.5526223091977       6.467160689171056E-002 -2.252190375621049E-003
   18.6113268101761       6.034109442503723E-002  1.421512393630598E-002
   18.6700313111546       1.664771918817299E-002  9.024886241121612E-003
   18.7287358121331      -1.002220569991576E-002 -9.574054148297683E-003
   18.7874403131115      -1.720844275099216E-002 -6.464184020571136E-003
   18.8461448140900      -1.750894172135160E-002 -2.776484323613927E-003
   18.9048493150685      -3.676209781990077E-002 -2.069214038502808E-003
   18.9635538160470      -3.776169484688394E-002 -2.813031199856690E-002
   19.0222583170254      -2.863293616993489E-002 -2.278974374549204E-002
   19.0809628180039      -4.054642450901639E-002 -1.178738765362924E-002
   19.1396673189824      -2.155856291503084E-002 -7.252221979540820E-003
   19.1983718199609       6.349454786180701E-003  7.934472713008942E-004
   19.2570763209393       2.059216229387413E-002  1.180764955841307E-002
   19.3157808219178       2.190204253799978E-002  2.940733263986490E-002
   19.3744853228963       1.778115242351824E-002  3.077024141322359E-002
   19.4331898238748       1.021726034130108E-002  5.884547054745061E-002
   19.4918943248532       1.899421936118664E-004  7.561833690221557E-002
   19.5505988258317       2.809269310961975E-004  5.248539373463891E-002
   19.6093033268102      -1.016034383465059E-002  4.756041476223438E-002
   19.6680078277886      -2.832500836302836E-002  3.537920514701082E-002
   19.7267123287671      -3.763210590797433E-002  1.999047452022373E-002
   19.7854168297456      -3.748600449721781E-002  4.657041818950833E-003
   19.8441213307241       9.030318488964810E-003  5.064958398770815E-003
   19.9028258317025       3.347560075672072E-002  2.363004767406247E-002
   19.9615303326810       4.064198999236521E-002  1.249626386727836E-002
   20.0202348336595       4.363365916717610E-002 -1.084197186245336E-003
   20.0789393346380       3.629318543387799E-002 -1.609438369088505E-002
   20.1376438356164       4.249136304240404E-002  6.724559607073488E-003
   20.1963483365949       2.738408988539095E-002  2.925937193725071E-002
   20.2550528375734       1.821109236404703E-002  3.670390642648622E-002
   20.3137573385519       9.710039921839553E-003  3.682984037813752E-002
   20.3724618395303       2.463706551943540E-002  8.483463866407356E-003
   20.4311663405088       3.238948900761476E-002 -6.453676060362375E-003
   20.4898708414873       1.581335064064292E-002 -1.686229814808013E-002
   20.5485753424658       4.227498407915345E-003 -2.398505596071609E-002
   20.6072798434442      -1.119656484730651E-002 -2.736420323512368E-002
   20.6659843444227      -1.108177174031742E-003 -2.111532928764972E-002
   20.7246888454012       2.301170238431476E-002  5.660034959024516E-003
   20.7833933463796       2.536108830297387E-002  2.643334114768756E-002
   20.8420978473581       6.600344852371730E-003  3.919058434884271E-002
   20.9008023483366      -2.480775339966456E-002  2.363812041932558E-003
   20.9595068493151      -3.843154496464776E-002 -3.276957952391100E-002
   21.0182113502935      -5.983340198109288E-002 -4.335796032847431E-002
   21.0769158512720      -4.364451636528235E-002 -4.385005259961365E-002
   21.1356203522505      -2.144110333631315E-002 -2.617039823936119E-002
   21.1943248532290      -1.652847550137833E-002 -1.164400746383158E-002
   21.2530293542074      -1.542865728632190E-002 -8.679085287574672E-003
   21.3117338551859      -2.467242352601986E-003 -2.225406130652759E-002
   21.3704383561644       1.222293861337537E-002 -1.462202222969232E-002
   21.4291428571429       2.119362363527630E-002  1.621544015701825E-002
   21.4878473581213       2.945996478337960E-002  3.317863324493872E-002
   21.5465518590998       1.574038013425334E-002  3.658506248201878E-002
   21.6052563600783      -5.701890346341334E-003  2.492930888870553E-002
   21.6639608610568      -2.564313215504444E-002  9.049183888611730E-003
   21.7226653620352      -3.124752585226389E-002 -5.559831820372230E-003
   21.7813698630137      -3.691181175613555E-002  1.814768076655521E-003
   21.8400743639922      -5.483875753234529E-002  1.297091643184115E-002
   21.8987788649706      -5.495099468102123E-002  6.052525827238038E-003
   21.9574833659491      -3.740455508096872E-002 -1.306306869406512E-002
   22.0161878669276       2.055016753769474E-004 -1.328326227086683E-002
   22.0748923679061       1.103944593886552E-002 -3.043945746241726E-002
   22.1335968688845       1.792025346395382E-002 -4.076467402876052E-002
   22.1923013698630      -5.522447078128920E-003 -2.517869941652778E-002
   22.2510058708415      -1.694732030722710E-002 -3.623290263208089E-002
   22.3097103718200      -7.240790864508465E-003 -3.426095243153795E-002
   22.3684148727984       7.593079303747571E-004 -1.422759669331913E-002
   22.4271193737769      -2.051204481499166E-003  6.074784652656635E-003
   22.4858238747554      -7.942384840625257E-003  8.303305143213006E-003
   22.5445283757339       8.458508272766695E-004  7.444449670730177E-003
   22.6032328767123       2.825516441668291E-003  3.243385816986179E-002
   22.6619373776908      -5.179861939160460E-004  3.836909851936189E-002
   22.7206418786693      -1.203767304639382E-002  3.176384468732007E-002
   22.7793463796478      -2.826013111634022E-002  8.151895484635942E-003
   22.8380508806262      -2.380189612611106E-002 -1.837154560966050E-002
   22.8967553816047      -1.118885251096483E-002 -1.352699900773111E-002
   22.9554598825832      -1.326017124171023E-002  7.290328004455400E-003
   23.0141643835616       4.014919765369093E-003 -1.655757942404952E-002
   23.0728688845401       4.448092294714645E-002 -2.335252361382910E-002
   23.1315733855186       7.301977116272904E-002 -1.139093257890232E-002
   23.1902778864971       6.423971316219110E-002  7.569026268784348E-004
   23.2489823874755       1.035977580043446E-002 -4.281233553169200E-003
   23.3076868884540      -7.634714604918566E-003 -1.686552777156884E-002
   23.3663913894325      -1.598282398137810E-002 -6.732114878431589E-003
   23.4250958904110      -1.957436247923595E-002  1.267242051765020E-002
   23.4838003913894      -3.408484525140630E-003  4.329192122976448E-002
   23.5425048923679      -1.013407424342200E-002  5.095327764152140E-002
   23.6012093933464       1.337175973750767E-002  8.960234354043781E-003
   23.6599138943249       5.299838152906083E-002  1.105441979513175E-002
   23.7186183953033       5.577174235452336E-002  1.026822346683359E-002
   23.7773228962818       4.797681778079234E-002 -1.700642716794824E-002
   23.8360273972603       5.469273660279608E-002 -1.848968493607755E-002
   23.8947318982387       4.089146514672943E-002  2.636057464275736E-003
   23.9534363992172       5.184366413186797E-002  2.218669796108535E-002
   24.0121409001957       2.351081533551789E-002  3.601352811358299E-002
   24.0708454011742      -5.025157293112235E-003  1.190425560753941E-002
   24.1295499021526       1.569508260720278E-002 -3.110713237961121E-002
   24.1882544031311       3.486328959603070E-002 -3.649299328646460E-002
   24.2469589041096       4.308014355707838E-002 -2.391767869553382E-002
   24.3056634050881       6.147456698266879E-002  1.698994835197201E-002
   24.3643679060665       4.605513535111250E-002  4.470207018019063E-002
   24.4230724070450       1.290131799635708E-002  1.641311812913022E-002
   24.4817769080235       1.017717411825693E-002 -3.124491428804611E-003
   24.5404814090020       1.074162731516230E-002 -5.788026924849499E-003
   24.5991859099804       1.217586181724977E-002 -1.230897091221673E-002
   24.6578904109589       1.240427284744598E-002  1.875856552710303E-003
   24.7165949119374       2.002094569455801E-002  1.950844320678366E-002
   24.7752994129159       3.979623287584736E-002  2.405278331346216E-002
   24.8340039138943       4.167105433318222E-002  2.486416109365232E-002
   24.8927084148728       2.473779842313150E-002  2.432400473535933E-002
   24.9514129158513      -1.727068433757528E-004  1.120390523575782E-002
   25.0101174168297       3.108095420964428E-003 -1.614394547502994E-002
   25.0688219178082       7.924940365554332E-003 -2.287203169813381E-002
   25.1275264187867      -3.276287517140075E-003 -1.288680353723104E-002
   25.1862309197652      -1.951353970439354E-002 -2.764101447466977E-002
   25.2449354207436       2.333381259321705E-005 -2.757504428269086E-002
   25.3036399217221       2.100241245433005E-002 -1.660672309525311E-002
   25.3623444227006       6.908973630568634E-002  6.123224980106902E-004
   25.4210489236791       8.605738926416043E-002  1.245700820159606E-002
   25.4797534246575       8.077614055431316E-002  1.263810076922982E-002
   25.5384579256360       6.248130483458880E-002  8.185711033725547E-003
   25.5971624266145       2.174157232514417E-002  7.810444533550009E-004
   25.6558669275930      -3.869844314669911E-002  3.271487851600592E-003
   25.7145714285714      -6.936879015474845E-002  2.102071665237456E-003
   25.7732759295499      -6.915100974155049E-002  2.717999779212627E-003
   25.8319804305284      -4.444146556442747E-002  1.203610385372149E-002
   25.8906849315069      -7.808301097619205E-003  3.193371477330298E-002
   25.9493894324853       4.852291532073944E-003  3.054643739281232E-002
   26.0080939334638       9.435015701569544E-003  1.472694732718845E-002
   26.0667984344423      -7.233945603742109E-003 -2.188062358395746E-003
   26.1255029354207      -4.506215284584603E-003 -3.271568206021773E-002
   26.1842074363992       6.011405290586660E-003 -3.770627259204514E-002
   26.2429119373777      -1.611906022713614E-003 -3.665902344697240E-002
   26.3016164383562       1.255785248330368E-002 -3.023062090233070E-002
   26.3603209393346       3.760455983415334E-002 -1.862448086077130E-002
   26.4190254403131       6.134245813550122E-002 -1.511054449950426E-002
   26.4777299412916       6.101770070491080E-002 -2.406186725387100E-003
   26.5364344422701       4.558092743116551E-002  1.098978638152910E-002
   26.5951389432485       1.848240831607719E-002  1.713724097784283E-002
   26.6538434442270      -3.045523834038245E-003  1.365883080616035E-002
   26.7125479452055      -2.638156890615288E-002  1.395967318917701E-002
   26.7712524461840      -3.737218660513202E-002  1.598347666301980E-002
   26.8299569471624      -3.794025071935073E-002  1.673225941788117E-003
   26.8886614481409      -1.152908374587109E-002  1.207608032083238E-002
   26.9473659491194       6.988535946406031E-003  1.857709591364331E-002
   27.0060704500978       1.896730825475160E-002  1.686956317037324E-002
   27.0647749510763       1.649827370953509E-002  8.553329503744971E-003
   27.1234794520548       2.175534704794557E-002  7.459349406965819E-003
   27.1821839530333       2.990479814029340E-002 -3.472515036609091E-003
   27.2408884540117       3.571692302183448E-002 -2.730074678168657E-002
   27.2995929549902       4.310508692390949E-002 -3.976464620053813E-002
   27.3582974559687       4.023888750391310E-002 -3.757166096328093E-002
   27.4170019569472       3.299538439095895E-002 -2.987409755072098E-002
   27.4757064579256       9.580116941676190E-003 -8.409484328638191E-003
   27.5344109589041      -8.534901425110267E-003  1.389653560905725E-002
   27.5931154598826      -1.979597919434616E-002  3.339782815267230E-002
   27.6518199608611      -2.950482591715577E-002  4.412149190377210E-002
   27.7105244618395      -1.496673193662311E-002  3.859094590704405E-002
   27.7692289628180       3.188125628887529E-003  2.912166100869240E-002
   27.8279334637965       9.761981076681484E-003  9.252666429433950E-003
   27.8866379647750       2.065040959986656E-002 -1.029025261837247E-002
   27.9453424657534       2.620539388897353E-002 -1.786161272149453E-002
   28.0040469667319       3.561571418860660E-002 -1.836821467675690E-002
   28.0627514677104       5.367866015227262E-002 -1.544107746945374E-002
   28.1214559686888       5.580370996257714E-002 -8.652972024041342E-003
   28.1801604696673       5.025123648795478E-002 -1.427976729362144E-002
   28.2388649706458       4.080862456206042E-002 -1.867816507926588E-002
   28.2975694716243       2.397588340235990E-002 -2.508757462091367E-002
   28.3562739726027       1.064018356796031E-002 -2.446491932342728E-002
   28.4149784735812       5.551656162797799E-003 -1.604898881120908E-002
   28.4736829745597       1.641929176744311E-003 -2.148802327977749E-002
   28.5323874755382      -2.346855490419202E-003 -1.792132867711396E-002
   28.5910919765166      -2.233766211974034E-004 -2.732763386221610E-002
   28.6497964774951      -2.234453684327758E-003 -4.213442298258376E-002
   28.7085009784736      -8.997338380381099E-003 -5.956011887822164E-002
   28.7672054794521      -3.362149315160719E-003 -5.028344089856203E-002
   28.8259099804305       1.025377124058745E-002 -3.269015185539920E-002
   28.8846144814090       1.260284519492229E-002 -1.111244301450034E-002
   28.9433189823875       5.892272786723978E-003  2.193436423969208E-002
   29.0020234833659       2.913384738714823E-003  4.944588585612672E-002
   29.0607279843444       2.295955538318996E-003  5.209991114412946E-002
   29.1194324853229      -1.524041901483963E-002  4.092663721840284E-002
   29.1781369863014      -3.458029907821611E-002  2.598106800244959E-002
   29.2368414872798      -4.009790387268601E-002  1.797896978086650E-002
   29.2955459882583      -1.868909049440189E-002 -2.974477804952302E-004
   29.3542504892368       1.257993638032870E-002 -1.592208772043341E-002
   29.4129549902153       5.242654806152727E-002  4.211513676977557E-003
   29.4716594911937       8.191054992570876E-002  1.059317713183494E-002
   29.5303639921722       7.182063075219282E-002  1.092785150924016E-002
   29.5890684931507       3.857122619722199E-002  2.462123128990517E-003
   29.6477729941292       1.033814866754099E-002 -1.052105742379252E-002
   29.7064774951076      -1.158636153024856E-002 -2.233711276967013E-002
   29.7651819960861      -3.070025372977691E-002 -3.243756159971714E-002
   29.8238864970646      -3.650296850730315E-002 -2.060414724885046E-002
   29.8825909980431      -2.558585271234845E-002  4.441789500865871E-003
   29.9412954990215      -1.948524142729544E-002  1.566935140809919E-002
   30.0000000000000      -1.840339191155814E-002  1.553025929688123E-002
