           0  0.172457491275783     
           1  0.239560453373324     
           2  0.207901334757226     
           3  0.147201987766399     
           4  9.400794388184158E-002
           5  5.690786818656333E-002
           6  3.357947177207625E-002
           7  1.964355221950459E-002
           8  1.151483818098725E-002
           9  6.810462511979622E-003
          10  4.081838878065206E-003
          11  2.484986879634875E-003
          12  1.537408717860419E-003
          13  9.647125782572753E-004
          14  6.102460260095778E-004
          15  3.835254274087783E-004
          16  2.311552041308117E-004
          17  1.205964490622436E-004
          18  2.429958369505835E-014
