  2.000000000000000E-003  1.078705503005975E-004 -1.985398804800128E-004
  6.070450097847359E-002 -2.903021030004576E-006  5.095847781168304E-006
  0.119409001956947       4.450663507650196E-006 -8.244081092979531E-006
  0.178113502935421      -1.851307690701356E-006  3.400343993280187E-006
  0.236818003913894       1.173046932869487E-006 -2.177325884608640E-006
  0.295522504892368      -8.499978899437088E-007  1.409043044363552E-006
  0.354227005870842       5.064437204526768E-009 -1.041872823558172E-006
  0.412931506849315      -3.465003643114765E-006  7.045685207537086E-007
  0.471636007827789      -1.456510116971371E-005 -5.524697084002256E-007
  0.530340508806262      -6.423383102236856E-005  1.416267012146093E-006
  0.589045009784736      -2.457768823711978E-004  4.655999428343587E-006
  0.647749510763209      -8.494170079030668E-004  1.762890699671190E-005
  0.706454011741683      -2.643987120556432E-003  3.901195831317500E-005
  0.765158512720157      -7.451342139375306E-003  3.285778950595179E-005
  0.823863013698630      -1.906649210861461E-002 -2.008026123848730E-004
  0.882567514677104      -4.442814017238877E-002 -1.299866374885363E-003
  0.941272015655577      -9.450097868971075E-002 -4.843511850145229E-003
  0.999976516634051      -0.183853510814806      -1.395727108382559E-002
   1.05868101761252      -0.327644913646042      -3.365755196218964E-002
   1.11738551859100      -0.535337430478714      -7.023727179701823E-002
   1.17609001956947      -0.802164716351546      -0.129060952470215     
   1.23479452054795       -1.10184458346470      -0.210746395773619     
   1.29349902152642       -1.38565675819757      -0.306987662420352     
   1.35220352250489       -1.59197199318388      -0.398475728942621     
   1.41090802348337       -1.66573107789702      -0.457599122064313     
   1.46961252446184       -1.58095226236796      -0.456950064921705     
   1.52831702544031       -1.35506444668333      -0.381458066987945     
   1.58702152641879       -1.04570331891218      -0.238724717742288     
   1.64572602739726      -0.729059083387910      -6.123396034676866E-002
   1.70443052837573      -0.469538293879969       0.102994846386447     
   1.76313502935421      -0.296353872117261       0.208766812816504     
   1.82183953033268      -0.199126729359600       0.232783218402372     
   1.88054403131115      -0.143369988222041       0.183458988319349     
   1.93924853228963      -9.513814373863853E-002  9.580008263819005E-002
   1.99795303326810      -3.975927278583574E-002  1.375999500680165E-002
   2.05665753424658       1.508914074938451E-002 -3.046848256293429E-002
   2.11536203522505       5.093686332315930E-002 -2.932061120137486E-002
   2.17406653620352       5.496215050244990E-002  1.067642936485617E-003
   2.23277103718200       3.017043341660512E-002  3.348104406903613E-002
   2.29147553816047      -6.136399163554138E-003  4.577478716435963E-002
   2.35018003913894      -3.293094596616832E-002  3.160278663407638E-002
   2.40888454011742      -3.730469775980225E-002  1.013693464303567E-003
   2.46758904109589      -2.030173063118947E-002 -2.770770450483257E-002
   2.52629354207436       5.781413447785504E-003 -3.922880062196233E-002
   2.58499804305284       2.576916309208476E-002 -2.905704365928511E-002
   2.64370254403131       3.006977306917127E-002 -4.553286555131020E-003
   2.70240704500978       1.865258825950501E-002  2.037240804272329E-002
   2.76111154598826      -6.628280202081566E-004  3.317461843741024E-002
   2.81981604696673      -1.750722159973743E-002  2.875218436450777E-002
   2.87852054794521      -2.437971005661784E-002  1.092872952106286E-002
   2.93722504892368      -1.952867212969261E-002 -1.063088371365474E-002
   2.99592954990215      -6.601181419633207E-003 -2.576300867183018E-002
   3.05463405088063       7.932874206072240E-003 -2.845808775895775E-002
   3.11333855185910       1.791420217080431E-002 -1.882846523686907E-002
   3.17204305283757       1.982942618142935E-002 -2.089289104675104E-003
   3.23074755381605       1.371706242013253E-002  1.436235609066879E-002
   3.28945205479452       2.662169350707227E-003  2.416554338274226E-002
   3.34815655577299      -8.701815563667895E-003  2.421975246342453E-002
   3.40686105675147      -1.606247407398771E-002  1.533385554904232E-002
   3.46556555772994      -1.699828082511107E-002  1.408777791483541E-003
   3.52427005870842      -1.170371857479190E-002 -1.230001445534384E-002
   3.58297455968689      -2.654423048205122E-003 -2.112749864186864E-002
   3.64167906066536       6.571142140283348E-003 -2.249755987606541E-002
   3.70038356164384       1.275671217162685E-002 -1.654090659899259E-002
   3.75908806262231       1.417487711136368E-002 -5.733642670726966E-003
   3.81779256360078       1.097628249090481E-002  6.196712081635664E-003
   3.87649706457926       4.820662961027648E-003  1.561462214177813E-002
   3.93520156555773      -1.956912766813200E-003  2.006852917326906E-002
   3.99390606653620      -7.237737110115306E-003  1.881450945535027E-002
   4.05261056751468      -9.749699205574808E-003  1.273412668989556E-002
   4.11131506849315      -9.296658493360015E-003  3.824297025064245E-003
   4.17001956947162      -6.609183799565418E-003 -5.482815823672074E-003
   4.22872407045010      -2.934482507185335E-003 -1.295933058138971E-002
   4.28742857142857       4.727486663613597E-004 -1.705549135178593E-002
   4.34613307240704       2.785246547735640E-003 -1.715508181097962E-002
   4.40483757338552       3.814007501620627E-003 -1.359637904008904E-002
   4.46354207436399       3.926278798594001E-003 -7.478317259457951E-003
   4.52224657534247       3.726514176548896E-003 -3.117971934416983E-004
   4.58095107632094       3.671659645425279E-003  6.380189162863670E-003
   4.63965557729941       3.822193286297370E-003  1.139995130170538E-002
   4.69836007827789       3.851634663180027E-003  1.406521647245528E-002
   4.75706457925636       3.287966363838094E-003  1.423175236309729E-002
   4.81576908023483       1.833133692884487E-003  1.218925066873634E-002
   4.87447358121331      -4.256575465400607E-004  8.504169962250476E-003
   4.93317808219178      -3.021938897453455E-003  3.873397718107428E-003
   4.99188258317025      -5.312291106579800E-003 -9.826253270187578E-004
   5.05058708414873      -6.747933756638267E-003 -5.397383828622958E-003
   5.10929158512720      -7.069304186625287E-003 -8.826395116668282E-003
   5.16799608610568      -6.341105912927611E-003 -1.091292270971967E-002
   5.22670058708415      -4.847195981132550E-003 -1.153301816141674E-002
   5.28540508806262      -2.933526185460326E-003 -1.079489174684980E-002
   5.34410958904110      -8.896011828651975E-004 -8.982098844304945E-003
   5.40281409001957       1.093084087734566E-003 -6.460405760880346E-003
   5.46151859099804       2.905425153140381E-003 -3.585395230520309E-003
   5.52022309197652       4.491403253447512E-003 -6.441706809257513E-004
   5.57892759295499       5.828653009811723E-003  2.157903659864795E-003
   5.63763209393346       6.910024931939287E-003  4.675895377037076E-003
   5.69633659491194       7.707357538627197E-003  6.792951827926655E-003
   5.75504109589041       8.121383502478634E-003  8.397363753776853E-003
   5.81374559686888       7.953469381067654E-003  9.380554295533406E-003
   5.87245009784736       6.942666192193717E-003  9.655541593382080E-003
   5.93115459882583       4.879121281883714E-003  9.186612552684681E-003
   5.98985909980431       1.751847810813294E-003  8.014862280194001E-003
   6.04856360078278      -2.147806930486954E-003  6.266190675837097E-003
   6.10726810176125      -6.237103479761225E-003  4.135158367107329E-003
   6.16597260273973      -9.783981821541358E-003  1.849167180968222E-003
   6.22467710371820      -1.212876152492819E-002 -3.756452638841409E-004
   6.28338160469667      -1.288952692667111E-002 -2.372825612927439E-003
   6.34208610567515      -1.206078567186418E-002 -4.048388553035402E-003
   6.40079060665362      -9.969077906730990E-003 -5.381831559368429E-003
   6.45949510763209      -7.119969251282591E-003 -6.407218104221302E-003
   6.51819960861057      -4.019137287735156E-003 -7.180893666073739E-003
   6.57690410958904      -1.047600205496074E-003 -7.748429540114616E-003
   6.63560861056752       1.572793287265401E-003 -8.121961890767087E-003
   6.69431311154599       3.743851147263686E-003 -8.274296667291643E-003
   6.75301761252446       5.435020993435992E-003 -8.146716926621342E-003
   6.81172211350294       6.647596439879963E-003 -7.665469791487316E-003
   6.87042661448141       7.405968696604276E-003 -6.763858577590463E-003
   6.92913111545988       7.755569270855724E-003 -5.410709164132789E-003
   6.98783561643836       7.745640275111531E-003 -3.643054635345961E-003
   7.04654011741683       7.397254587942876E-003 -1.591627945843347E-003
   7.10524461839530       6.680389459376680E-003  5.207704671048667E-004
   7.16394911937378       5.528204052233748E-003  2.422097858705507E-003
   7.22265362035225       3.895289109134881E-003  3.870128874276624E-003
   7.28135812133072       1.835662365521768E-003  4.738029924814618E-003
   7.34006262230920      -4.449016968425018E-004  5.066860427673655E-003
   7.39876712328767      -2.601591705138091E-003  5.055055629854839E-003
   7.45747162426615      -4.236986451272704E-003  4.984333520574235E-003
   7.51617612524462      -5.028965460043046E-003  5.110632070787284E-003
   7.57488062622309      -4.842583432697983E-003  5.566806377613353E-003
   7.63358512720157      -3.773125025461345E-003  6.317632154899664E-003
   7.69228962818004      -2.102088981139692E-003  7.184433065953308E-003
   7.75099412915851      -1.922724227075512E-004  7.922949058673764E-003
   7.80969863013699       1.624961076327642E-003  8.315502480341033E-003
   7.86840313111546       3.121702908798768E-003  8.236279260806360E-003
   7.92710763209393       4.186587424722926E-003  7.669164201993465E-003
   7.98581213307241       4.794111335657065E-003  6.686197377030534E-003
   8.04451663405088       4.961522571855782E-003  5.413293892087730E-003
   8.10322113502936       4.719582974231105E-003  4.004706261874311E-003
   8.16192563600783       4.104304288277959E-003  2.628144127965152E-003
   8.22063013698630       3.161649802699778E-003  1.444605974598354E-003
   8.27933463796478       1.951938632623028E-003  5.690438114416119E-004
   8.33803913894325       5.466695850336282E-004  1.872141465474748E-005
   8.39674363992172      -9.806847783874239E-004 -3.205589937403475E-004
   8.45544814090020      -2.562522835757691E-003 -6.771807787268226E-004
   8.51415264187867      -4.136730834469337E-003 -1.314112768421065E-003
   8.57285714285714      -5.636879571183338E-003 -2.412239406435892E-003
   8.63156164383562      -6.980137929729904E-003 -3.968962414755913E-003
   8.69026614481409      -8.064268930801166E-003 -5.765381816923142E-003
   8.74897064579256      -8.781324681143305E-003 -7.425801599032202E-003
   8.80767514677104      -9.044449469925586E-003 -8.549404410908337E-003
   8.86637964774951      -8.815371576199896E-003 -8.856757358850541E-003
   8.92508414872799      -8.117541938766173E-003 -8.286575555639395E-003
   8.98378864970646      -7.028801847053577E-003 -7.002824685867616E-003
   9.04249315068493      -5.659503241997840E-003 -5.317944229436900E-003
   9.10119765166341      -4.127246578713290E-003 -3.577532434557637E-003
   9.15990215264188      -2.537820604497652E-003 -2.061839014001759E-003
   9.21860665362035      -9.757890016167723E-004 -9.394229522955118E-004
   9.27731115459883       4.948900531850563E-004 -2.721396347952165E-004
   9.33601565557730       1.820957637790695E-003 -4.448744022828745E-005
   9.39472015655577       2.943764674324469E-003 -1.889199308960807E-004
   9.45342465753425       3.784902855170273E-003 -5.975209521400639E-004
   9.51212915851272       4.247152737416272E-003 -1.131608240140317E-003
   9.57083365949119       4.239344945232659E-003 -1.647049728841590E-003
   9.62953816046967       3.720929292991692E-003 -2.039907929036676E-003
   9.68824266144814       2.745208944140661E-003 -2.295295010745470E-003
   9.74694716242662       1.474441617290912E-003 -2.509549803904206E-003
   9.80565166340509       1.505983492115871E-004 -2.861761455834581E-003
   9.86435616438356      -9.724344858151525E-004 -3.535813983937602E-003
   9.92306066536204      -1.709234396431974E-003 -4.623105385536293E-003
   9.98176516634051      -2.001446807788900E-003 -6.053082154084810E-003
   10.0404696673190      -1.928856835368872E-003 -7.589445619629014E-003
   10.0991741682975      -1.667435065508070E-003 -8.898883533035503E-003
   10.1578786692759      -1.413018187325822E-003 -9.661695861340762E-003
   10.2165831702544      -1.304719020562564E-003 -9.674045155546008E-003
   10.2752876712329      -1.381241016141932E-003 -8.899322268108498E-003
   10.3339921722114      -1.584844651189321E-003 -7.455592824204543E-003
   10.3926966731898      -1.802248373859475E-003 -5.556737521958995E-003
   10.4514011741683      -1.914018814922774E-003 -3.440696421694759E-003
   10.5101056751468      -1.827089533489217E-003 -1.313656521495784E-003
   10.5688101761252      -1.483674392225399E-003  6.763382202468765E-004
   10.6275146771037      -8.599961794011947E-004  2.439063131497966E-003
   10.6862191780822       2.669681434291766E-005  3.925030132692432E-003
   10.7449236790607       1.099040795510110E-003  5.104395510784649E-003
   10.8036281800391       2.204907615947907E-003  5.951697908429999E-003
   10.8623326810176       3.132999497202386E-003  6.441881827359851E-003
   10.9210371819961       3.671345004279129E-003  6.556205311612325E-003
   10.9797416829746       3.693102189246751E-003  6.292140045729551E-003
   11.0384461839530       3.230216323430345E-003  5.670369549299226E-003
   11.0971506849315       2.491447689164601E-003  4.736268398936740E-003
   11.1558551859100       1.804045095658188E-003  3.556965518349247E-003
   11.2145596868885       1.495884230920326E-003  2.216038573426064E-003
   11.2732641878669       1.767892959348808E-003  8.063449271946718E-004
   11.3319686888454       2.614227033411052E-003 -5.791682740260847E-004
   11.3906731898239       3.826611033761343E-003 -1.856947489675662E-003
   11.4493776908024       5.077037809843087E-003 -2.958611404113316E-003
   11.5080821917808       6.037421883275644E-003 -3.831145788987041E-003
   11.5667866927593       6.481681430813629E-003 -4.434613998325917E-003
   11.6254911937378       6.333219639474882E-003 -4.742438502691473E-003
   11.6841956947162       5.652469773234631E-003 -4.745300402255792E-003
   11.7429001956947       4.587088817295857E-003 -4.452545199932087E-003
   11.8016046966732       3.315744455280061E-003 -3.883990670910992E-003
   11.8603091976517       2.007008675550832E-003 -3.053463661320046E-003
   11.9190136986301       7.979173179809861E-004 -1.957300936942289E-003
   11.9777181996086      -2.144645889442960E-004 -5.845728969006440E-004
   12.0364227005871      -9.779354978722940E-004  1.047000271084726E-003
   12.0951272015656      -1.489089668858481E-003  2.846050624836989E-003
   12.1538317025440      -1.792134031518339E-003  4.624879514126913E-003
   12.2125362035225      -1.963963210381426E-003  6.124528061241699E-003
   12.2712407045010      -2.082829169767671E-003  7.088907704229970E-003
   12.3299452054795      -2.188612444681188E-003  7.359789144633311E-003
   12.3886497064579      -2.253773411164759E-003  6.948476656686794E-003
   12.4473542074364      -2.183169165943282E-003  6.046270364847648E-003
   12.5060587084149      -1.848222499662210E-003  4.963537196828360E-003
   12.5647632093933      -1.141240904009965E-003  4.020800304738347E-003
   12.6234677103718      -2.444694966409842E-005  3.439379363261954E-003
   12.6821722113503       1.447960088721768E-003  3.277812087552017E-003
   12.7408767123288       3.140445879116879E-003  3.437325858024376E-003
   12.7995812133072       4.870685528058132E-003  3.724867494205732E-003
   12.8582857142857       6.452696236160666E-003  3.937091159713593E-003
   12.9169902152642       7.735804029564200E-003  3.926887934306468E-003
   12.9756947162427       8.630051846270914E-003  3.631570799707699E-003
   13.0343992172211       9.111892857937582E-003  3.066465366940928E-003
   13.0931037181996       9.206902428564326E-003  2.302567707466086E-003
   13.1518082191781       8.955031727502815E-003  1.445608932002365E-003
   13.2105127201566       8.375268299548608E-003  6.215308835003597E-004
   13.2692172211350       7.451843308529681E-003 -3.871961879975335E-005
   13.3279217221135       6.154881920971880E-003 -4.240821090336618E-004
   13.3866262230920       4.488033800862728E-003 -4.784111346921751E-004
   13.4453307240705       2.536500715382993E-003 -2.324701384116466E-004
   13.5040352250489       4.851166815532161E-004  1.883601261575568E-004
   13.5627397260274      -1.410850058292775E-003  5.964637528913937E-004
   13.6214442270059      -2.894726153650378E-003  8.096555888977191E-004
   13.6801487279843      -3.789282120800962E-003  7.278270738349732E-004
   13.7388532289628      -4.053767912777498E-003  3.815052879029834E-004
   13.7975577299413      -3.791125664023063E-003 -7.277376374226155E-005
   13.8562622309198      -3.201993783738391E-003 -4.086455528280221E-004
   13.9149667318982      -2.506814688501343E-003 -4.109162929851509E-004
   13.9736712328767      -1.871117054733100E-003  5.371542670608857E-005
   14.0323757338552      -1.365011227873096E-003  1.000950282179574E-003
   14.0910802348337      -9.675883206853548E-004  2.333909225785246E-003
   14.1497847358121      -6.037489349538441E-004  3.879859676182880E-003
   14.2084892367906      -1.880390150246424E-004  5.442641263655423E-003
   14.2671937377691       3.453619800178259E-004  6.854155703916759E-003
   14.3258982387476       1.031226843590407E-003  8.009178650432667E-003
   14.3846027397260       1.871631882929524E-003  8.871461740998872E-003
   14.4433072407045       2.831943105309791E-003  9.449535289314292E-003
   14.5020117416830       3.832002018195010E-003  9.755421688926310E-003
   14.5607162426614       4.742484040627777E-003  9.770156262175601E-003
   14.6194207436399       5.401650545150540E-003  9.437891252527022E-003
   14.6781252446184       5.659756648359913E-003  8.693629917190068E-003
   14.7368297455969       5.439890889005701E-003  7.511107580889901E-003
   14.7955342465753       4.787456003123351E-003  5.944257857464622E-003
   14.8542387475538       3.877309475928530E-003  4.139306591064452E-003
   14.9129432485323       2.965439497086674E-003  2.308607785902145E-003
   14.9716477495108       2.300554464794611E-003  6.749640602580929E-004
   15.0303522504892       2.034292404123824E-003 -5.907800874325943E-004
   15.0890567514677       2.170051215622637E-003 -1.412858661434072E-003
   15.1477612524462       2.569903638239391E-003 -1.817058557829270E-003
   15.2064657534247       3.010905152285473E-003 -1.899923747542906E-003
   15.2651702544031       3.262969658539974E-003 -1.778627041365002E-003
   15.3238747553816       3.157882489516559E-003 -1.545848693268483E-003
   15.3825792563601       2.629707402616696E-003 -1.248149830958363E-003
   15.4412837573386       1.719394754474884E-003 -8.895877145622019E-004
   15.4999882583170       5.471750202434781E-004 -4.484792841246014E-004
   15.5586927592955      -7.361048044144282E-004  1.075174093221665E-004
   15.6173972602740      -2.000120573978145E-003  8.140926536824452E-004
   15.6761017612524      -3.167813837063122E-003  1.705823700310440E-003
   15.7348062622309      -4.215813306170674E-003  2.803710171824660E-003
   15.7935107632094      -5.144866039004019E-003  4.090819512598003E-003
   15.8522152641879      -5.939255623767388E-003  5.485153626635782E-003
   15.9109197651663      -6.540293475614690E-003  6.829649330576238E-003
   15.9696242661448      -6.850304790782291E-003  7.917249132610132E-003
   16.0283287671233      -6.766160177686675E-003  8.552286381567863E-003
   16.0870332681018      -6.225775701761718E-003  8.626163652178572E-003
   16.1457377690802      -5.245248531395679E-003  8.170864487339885E-003
   16.2044422700587      -3.928652217865485E-003  7.360226587026804E-003
   16.2631467710372      -2.445089535170421E-003  6.454294983692759E-003
   16.3218512720157      -9.816211589212653E-004  5.710758147215222E-003
   16.3805557729941       3.079959625339929E-004  5.302137431467195E-003
   16.4392602739726       1.337743383659556E-003  5.270353761924924E-003
   16.4979647749511       2.094186773040981E-003  5.529660404851242E-003
   16.5566692759296       2.614928501125745E-003  5.908331188360457E-003
   16.6153737769080       2.955522662335130E-003  6.210603091995241E-003
   16.6740782778865       3.162675818795625E-003  6.277187332894303E-003
   16.7327827788650       3.261969842438071E-003  6.027124283027423E-003
   16.7914872798434       3.257848379239308E-003  5.468857147340265E-003
   16.8501917808219       3.136640178914059E-003  4.677602451723563E-003
   16.9088962818004       2.866403624145210E-003  3.749767896688251E-003
   16.9676007827789       2.395824923017955E-003  2.756900584760625E-003
   17.0263052837573       1.661423105631790E-003  1.723228111803242E-003
   17.0850097847358       6.113056981734744E-004  6.375553005729873E-004
   17.1437142857143      -7.571833074661295E-004 -5.089768181256066E-004
   17.2024187866928      -2.362892579297039E-003 -1.682478588481852E-003
   17.2611232876712      -4.033304962039089E-003 -2.787300052198469E-003
   17.3198277886497      -5.539047407180841E-003 -3.680086567305736E-003
   17.3785322896282      -6.663124675428707E-003 -4.211783092880153E-003
   17.4372367906067      -7.276023199782855E-003 -4.279121526402244E-003
   17.4959412915851      -7.381360756593059E-003 -3.863273860598948E-003
   17.5546457925636      -7.111593354913181E-003 -3.038730551014633E-003
   17.6133502935421      -6.677929183340999E-003 -1.949339587122567E-003
   17.6720547945205      -6.298564690149110E-003 -7.623832600338040E-004
   17.7307592954990      -6.133541413545667E-003  3.790975401830375E-004
   17.7894637964775      -6.245674073675159E-003  1.387001570970203E-003
   17.8481682974560      -6.594992823126631E-003  2.233549943732330E-003
   17.9068727984344      -7.063982351171219E-003  2.935950124300275E-003
   17.9655772994129      -7.504507183429250E-003  3.531945023391896E-003
   18.0242818003914      -7.790837787745138E-003  4.058248241259627E-003
   18.0829863013699      -7.858463417502263E-003  4.537398684326784E-003
   18.1416908023483      -7.711810174539807E-003  4.971495762749178E-003
   18.2003953033268      -7.397536862409845E-003  5.338145393329929E-003
   18.2590998043053      -6.958803656859332E-003  5.586520379910886E-003
   18.3178043052838      -6.397499058528347E-003  5.637741228820775E-003
   18.3765088062622      -5.667611328982729E-003  5.398082957264487E-003
   18.4352133072407      -4.704571885000965E-003  4.789501015739251E-003
   18.4939178082192      -3.475374499338528E-003  3.790067088039389E-003
   18.5526223091977      -2.022281130661089E-003  2.464400133719579E-003
   18.6113268101761      -4.762425065414965E-004  9.634845809933420E-004
   18.6700313111546       9.686947366535879E-004 -5.128752727569459E-004
   18.7287358121331       2.110090029469790E-003 -1.776818788395428E-003
   18.7874403131115       2.798086376951068E-003 -2.709815928870501E-003
   18.8461448140900       2.977689246239327E-003 -3.292689144633022E-003
   18.9048493150685       2.697448768405064E-003 -3.600296295237417E-003
   18.9635538160470       2.083916454627020E-003 -3.767882559499476E-003
   19.0222583170254       1.295424285895633E-003 -3.944651494281552E-003
   19.0809628180039       4.739853095513728E-004 -4.248620581956959E-003
   19.1396673189824      -2.885486909737767E-004 -4.734386554079270E-003
   19.1983718199609      -9.615175972937547E-004 -5.382644262838964E-003
   19.2570763209393      -1.564447820534901E-003 -6.116099977125018E-003
   19.3157808219178      -2.142562260140114E-003 -6.837240858193323E-003
   19.3744853228963      -2.740545003926550E-003 -7.471769548278620E-003
   19.4331898238748      -3.383946405049954E-003 -7.995412935386493E-003
   19.4918943248532      -4.070645117868172E-003 -8.428230346815391E-003
   19.5505988258317      -4.769153955924005E-003 -8.798520727106848E-003
   19.6093033268102      -5.420324113154611E-003 -9.097124129982070E-003
   19.6680078277886      -5.943503695854772E-003 -9.250709020514126E-003
   19.7267123287671      -6.251728616420781E-003 -9.133451632353948E-003
   19.7854168297456      -6.276920757100371E-003 -8.615645645687264E-003
   19.8441213307241      -5.996518087348863E-003 -7.626664234517692E-003
   19.9028258317025      -5.447462353731886E-003 -6.201572710173498E-003
   19.9615303326810      -4.717927880128306E-003 -4.488330402254129E-003
   20.0202348336595      -3.919437906237743E-003 -2.712082945653926E-003
   20.0789393346380      -3.152087269664262E-003 -1.111987860275008E-003
   20.1376438356164      -2.477907524992586E-003  1.241605779658345E-004
   20.1963483365949      -1.909748805516854E-003  9.042973320785497E-004
   20.2550528375734      -1.415699793786405E-003  1.243755134279821E-003
   20.3137573385519      -9.345343725753506E-004  1.244249992093622E-003
   20.3724618395303      -3.976643465288434E-004  1.049716598389822E-003
   20.4311663405088       2.473473083760772E-004  7.947317968788205E-004
   20.4898708414873       1.018551801633884E-003  5.642191215719369E-004
   20.5485753424658       1.894978535103492E-003  3.780559615225504E-004
   20.6072798434442       2.830624074908939E-003  2.042436248663234E-004
   20.6659843444227       3.782214709506279E-003 -9.635004901224971E-006
   20.7246888454012       4.736084050079858E-003 -3.039562895466718E-004
   20.7833933463796       5.716072459362151E-003 -6.890950636287499E-004
   20.8420978473581       6.762766453236461E-003 -1.145551650993249E-003
   20.9008023483366       7.891333459779883E-003 -1.636024418265251E-003
   20.9595068493151       9.050696085659079E-003 -2.119819174646531E-003
   21.0182113502935       1.011063457562366E-002 -2.564398337536307E-003
   21.0769158512720       1.088937443170981E-002 -2.952458940319386E-003
   21.1356203522505       1.121270590928329E-002 -3.284492167656553E-003
   21.1943248532290       1.097779960449663E-002 -3.575309013655132E-003
   21.2530293542074       1.019367549688240E-002 -3.844818301256960E-003
   21.3117338551859       8.982041448416401E-003 -4.105508489350981E-003
   21.3704383561644       7.541766543944688E-003 -4.353033120943785E-003
   21.4291428571429       6.092370824533695E-003 -4.564725701613224E-003
   21.4878473581213       4.816941792696504E-003 -4.706535077682147E-003
   21.5465518590998       3.820043195478790E-003 -4.744307787429707E-003
   21.6052563600783       3.112377602434247E-003 -4.653688036939835E-003
   21.6639608610568       2.625552083613501E-003 -4.424640852093722E-003
   21.7226653620352       2.252301410655046E-003 -4.060885203967472E-003
   21.7813698630137       1.895987758346177E-003 -3.576568195915860E-003
   21.8400743639922       1.507968383560149E-003 -2.992335162328236E-003
   21.8987788649706       1.095841327591162E-003 -2.329863668171882E-003
   21.9574833659491       7.012477500224389E-004 -1.602998372884765E-003
   22.0161878669276       3.622953691709527E-004 -8.067598708295392E-004
   22.0748923679061       8.365757955891190E-005  8.919617477660130E-005
   22.1335968688845      -1.695485118219317E-004  1.133344458988081E-003
   22.1923013698630      -4.523283300509974E-004  2.367288674818439E-003
   22.2510058708415      -8.073351253973734E-004  3.791950396298872E-003
   22.3097103718200      -1.236483991761325E-003  5.343017762922870E-003
   22.3684148727984      -1.690080645451555E-003  6.892699738875882E-003
   22.4271193737769      -2.077376720443079E-003  8.280484819936391E-003
   22.4858238747554      -2.293666967993355E-003  9.360167820285422E-003
   22.5445283757339      -2.253790357722241E-003  1.004210070855978E-002
   22.6032328767123      -1.920806126765778E-003  1.031425383092563E-002
   22.6619373776908      -1.320553545812282E-003  1.023746078273531E-002
   22.7206418786693      -5.372505499241329E-004  9.920850932850814E-003
   22.7793463796478       3.096697819147714E-004  9.487325729575098E-003
   22.8380508806262       1.100451980848098E-003  9.039537111068712E-003
   22.8967553816047       1.748735472273490E-003  8.635006947558059E-003
   22.9554598825832       2.220396449315382E-003  8.278195796100955E-003
   23.0141643835616       2.530094483871717E-003  7.932490486522082E-003
   23.0728688845401       2.719036953553768E-003  7.548278641923330E-003
   23.1315733855186       2.827733440338698E-003  7.093788992331895E-003
   23.1902778864971       2.877380360080723E-003  6.572737929112612E-003
   23.2489823874755       2.865864446280408E-003  6.017683011799421E-003
   23.3076868884540       2.774181418378094E-003  5.462608208467591E-003
   23.3663913894325       2.575698803114441E-003  4.910165558714522E-003
   23.4250958904110       2.244292568073427E-003  4.314648455086860E-003
   23.4838003913894       1.762329232046787E-003  3.593036996842172E-003
   23.5425048923679       1.129222641857651E-003  2.661112607712726E-003
   23.6012093933464       3.681340665394068E-004  1.476500122598565E-003
   23.6599138943249      -4.751279641669951E-004  6.827157162417066E-005
   23.7186183953033      -1.343367635552902E-003 -1.460479606732277E-003
   23.7773228962818      -2.185862121159273E-003 -2.956551079124476E-003
   23.8360273972603      -2.973545035765655E-003 -4.257305874352787E-003
   23.8947318982387      -3.703524107151810E-003 -5.232814821018464E-003
   23.9534363992172      -4.391001484816173E-003 -5.818231614368412E-003
   24.0121409001957      -5.054159533254776E-003 -6.027350529990714E-003
   24.0708454011742      -5.700760195610673E-003 -5.942632786727439E-003
   24.1295499021526      -6.323307093833299E-003 -5.683959830250368E-003
   24.1882544031311      -6.902396826901178E-003 -5.366371584816398E-003
   24.2469589041096      -7.414633019271056E-003 -5.063718828086051E-003
   24.3056634050881      -7.839664056415179E-003 -4.794974340420653E-003
   24.3643679060665      -8.164987586547448E-003 -4.537588483895277E-003
   24.4230724070450      -8.389133808915473E-003 -4.258960942530597E-003
   24.4817769080235      -8.523571003607136E-003 -3.945846338208699E-003
   24.5404814090020      -8.589924745593067E-003 -3.616326815090859E-003
   24.5991859099804      -8.609346006039954E-003 -3.309228818426815E-003
   24.6578904109589      -8.585136404856201E-003 -3.060588656464001E-003
   24.7165949119374      -8.488293972910789E-003 -2.881342024958562E-003
   24.7752994129159      -8.256715257370257E-003 -2.748032056419256E-003
   24.8340039138943      -7.813647610847263E-003 -2.608839543012851E-003
   24.8927084148728      -7.098166869759890E-003 -2.401101846966371E-003
   24.9514129158513      -6.093233035141077E-003 -2.072919412221659E-003
   25.0101174168297      -4.837011446209513E-003 -1.602961015902658E-003
   25.0688219178082      -3.413271773023291E-003 -1.012540272770548E-003
   25.1275264187867      -1.926744081067554E-003 -3.666721828380699E-004
   25.1862309197652      -4.752479568378624E-004  2.398315686469766E-004
   25.2449354207436       8.713468985580639E-004  7.090441438774601E-004
   25.3036399217221       2.080066026774374E-003  9.717479895327433E-004
   25.3623444227006       3.152139933834707E-003  1.009909625007052E-003
   25.4210489236791       4.111300891787497E-003  8.587412413166162E-004
   25.4797534246575       4.987361175994976E-003  5.858837737828953E-004
   25.5384579256360       5.800384323467295E-003  2.600396970696201E-004
   25.5971624266145       6.551513005489311E-003 -7.446737183657328E-005
   25.6558669275930       7.224557974427702E-003 -4.044557364486579E-004
   25.7145714285714       7.798991984096944E-003 -7.375061822592459E-004
   25.7732759295499       8.267279427224121E-003 -1.084421587860764E-003
   25.8319804305284       8.646467494843000E-003 -1.446606768674044E-003
   25.8906849315069       8.974354102658606E-003 -1.812104333462981E-003
   25.9493894324853       9.290531207119692E-003 -2.158605611386259E-003
   26.0080939334638       9.611119771037966E-003 -2.457884132887821E-003
   26.0667984344423       9.911795610495882E-003 -2.681320341157022E-003
   26.1255029354207       1.012856972879458E-002 -2.806852028207315E-003
   26.1842074363992       1.017674933663401E-002 -2.828242212820026E-003
   26.2429119373777       9.978860201429818E-003 -2.761605282272506E-003
   26.3016164383562       9.490094914851505E-003 -2.643754910271582E-003
   26.3603209393346       8.712096502289322E-003 -2.518072312757266E-003
   26.4190254403131       7.692708641567245E-003 -2.414051145460756E-003
   26.4777299412916       6.512891756405397E-003 -2.330289438080128E-003
   26.5364344422701       5.265590577125206E-003 -2.233427656494183E-003
   26.5951389432485       4.032026463922363E-003 -2.073730236022121E-003
   26.6538434442270       2.863604430815491E-003 -1.809884696520964E-003
   26.7125479452055       1.775527796999541E-003 -1.426977033443948E-003
   26.7712524461840       7.553645957480301E-004 -9.396631877040024E-004
   26.8299569471624      -2.183764649724103E-004 -3.800815700210819E-004
   26.8886614481409      -1.156962493889096E-003  2.178116197263040E-004
   26.9473659491194      -2.052432713592556E-003  8.293328135332363E-004
   27.0060704500978      -2.882508413261780E-003  1.441107355162529E-003
   27.0647749510763      -3.626367729672680E-003  2.049451595999206E-003
   27.1234794520548      -4.279947577837511E-003  2.657796598582565E-003
   27.1821839530333      -4.862079605372957E-003  3.274899565887455E-003
   27.2408884540117      -5.407043719178126E-003  3.908889006104527E-003
   27.2995929549902      -5.948925342076271E-003  4.557776978170231E-003
   27.3582974559687      -6.505164109290740E-003  5.199505513118525E-003
   27.4170019569472      -7.067097320147457E-003  5.791226212041761E-003
   27.4757064579256      -7.599237465233145E-003  6.280391139171115E-003
   27.5344109589041      -8.047075152921444E-003  6.625827795939184E-003
   27.5931154598826      -8.349789727716319E-003  6.814794741570576E-003
   27.6518199608611      -8.456593459016145E-003  6.867249367800138E-003
   27.7105244618395      -8.341365790731000E-003  6.821607214698775E-003
   27.7692289628180      -8.012278357526780E-003  6.713188282880544E-003
   27.8279334637965      -7.509462838530916E-003  6.555946272022999E-003
   27.8866379647750      -6.891438187838570E-003  6.340251467909608E-003
   27.9453424657534      -6.213982142935033E-003  6.042949521365582E-003
   28.0040469667319      -5.513694523092006E-003  5.644312308758146E-003
   28.0627514677104      -4.802384549365979E-003  5.137678725883657E-003
   28.1214559686888      -4.075858641741452E-003  4.531619391226815E-003
   28.1801604696673      -3.328194090285379E-003  3.844082640518047E-003
   28.2388649706458      -2.563521732908347E-003  3.097937333744698E-003
   28.2975694716243      -1.797060736305782E-003  2.315791372059972E-003
   28.3562739726027      -1.048733933704638E-003  1.517105559382634E-003
   28.4149784735812      -3.333830082304618E-004  7.109756758324091E-004
   28.4736829745597       3.436955408957303E-004 -1.071893044939447E-004
   28.5323874755382       9.871457296760336E-004 -9.554585189877440E-004
   28.5910919765166       1.607212227893163E-003 -1.852371184737529E-003
   28.6497964774951       2.216806343341953E-003 -2.801971369487911E-003
   28.7085009784736       2.827300248027901E-003 -3.779536408722016E-003
   28.7672054794521       3.445246193753089E-003 -4.735332302829152E-003
   28.8259099804305       4.065287831927908E-003 -5.609167686295896E-003
   28.8846144814090       4.666848894166404E-003 -6.356015141231167E-003
   28.9433189823875       5.214169970365767E-003 -6.959210608245985E-003
   29.0020234833659       5.667531210082333E-003 -7.433045356576882E-003
   29.0607279843444       5.996090823516785E-003 -7.804372922259752E-003
   29.1194324853229       6.190797662280307E-003 -8.096774153471924E-003
   29.1781369863014       6.262892891024044E-003 -8.314317493676511E-003
   29.2368414872798       6.236519577027533E-003 -8.446540352354745E-003
   29.2955459882583       6.132586489963056E-003 -8.472893170741827E-003
   29.3542504892368       5.963619476957375E-003 -8.378972119629643E-003
   29.4129549902153       5.730600430818466E-003 -8.155814242616445E-003
   29.4716594911937       5.433710405654792E-003 -7.808632638095576E-003
   29.5303639921722       5.072917024460998E-003 -7.346664585034540E-003
   29.5890684931507       4.654686932472249E-003 -6.792588748369677E-003
   29.6477729941292       4.181719929905104E-003 -6.165074847737569E-003
   29.7064774951076       3.660426331347580E-003 -5.488680414687777E-003
   29.7651819960861       3.091253270102996E-003 -4.762539775697025E-003
   29.8238864970646       2.489103575064194E-003 -3.986052762646121E-003
   29.8825909980431       1.861706741965926E-003 -3.121840315474511E-003
   29.9412954990215       1.241370221375263E-003 -2.179025522629031E-003
   30.0000000000000       6.077347713198276E-004 -1.102831886831395E-003
