  2.000000000000000E-003 -9.532255962678799E-004  4.835583264714780E-003
  6.070450097847359E-002 -1.015566143228404E-003 -8.178848221362499E-004
  0.119409001956947      -3.138512092120726E-003 -4.595954189157138E-004
  0.178113502935421       1.032702219155987E-003  1.619340737197649E-003
  0.236818003913894       1.543103599603923E-003  1.623195784391558E-003
  0.295522504892368       4.379580502146056E-003  1.077235526725326E-003
  0.354227005870842      -5.091176556009663E-003 -3.600112514696648E-005
  0.412931506849315      -2.169217099188678E-003  8.461172086819837E-003
  0.471636007827789       1.065374177377121E-003  8.471115935194988E-004
  0.530340508806262       1.401153177254542E-003  6.250419274293196E-003
  0.589045009784736      -8.181170115045479E-004  3.915039459311740E-003
  0.647749510763209       1.807456740652152E-003 -3.272669219415443E-003
  0.706454011741683      -2.147830213345165E-003 -3.154014824910664E-003
  0.765158512720157       8.947202215450692E-004 -5.850791016458658E-003
  0.823863013698630      -5.719397930372195E-003  1.316352348692730E-004
  0.882567514677104      -3.318928061827777E-003  3.975982987687948E-003
  0.941272015655577      -6.029420748345059E-003  5.221866439857779E-003
  0.999976516634051      -4.449079400257288E-003 -1.599789091093165E-003
   1.05868101761252      -4.576608423546779E-003  3.403548513625138E-003
   1.11738551859100       4.530917072031454E-003  1.005737467864287E-002
   1.17609001956947       2.272419855412211E-002  7.052190596781343E-003
   1.23479452054795       3.092371263324359E-002  9.847600607675134E-003
   1.29349902152642       4.605209718669401E-002  2.162143783505164E-002
   1.35220352250489       6.570242574934128E-002  1.439502717134985E-002
   1.41090802348337       8.668308952164241E-002 -2.029422719354546E-002
   1.46961252446184       0.119101895780818      -9.140241003121113E-002
   1.52831702544031       0.136796112377086      -0.176363121296474     
   1.58702152641879       0.129785763188834      -0.261849569051842     
   1.64572602739726       9.343244755665620E-002 -0.345246876432135     
   1.70443052837573       1.573864428149050E-002 -0.411536468605934     
   1.76313502935421      -9.585654922414751E-002 -0.457639270079291     
   1.82183953033268      -0.238450269051753      -0.472666172324591     
   1.88054403131115      -0.376235873331350      -0.444964190723963     
   1.93924853228963      -0.498883889418460      -0.384152390492176     
   1.99795303326810      -0.592353358148298      -0.271950248348977     
   2.05665753424658      -0.637311409021659      -0.139854678221512     
   2.11536203522505      -0.636570664871777      -4.049783084034361E-003
   2.17406653620352      -0.572351144557291       0.139521470051737     
   2.23277103718200      -0.444210274877229       0.256522075978264     
   2.29147553816047      -0.268025528042359       0.331321274055510     
   2.35018003913894      -7.235989415909397E-002  0.350389331442936     
   2.40888454011742       0.140108227812825       0.305707024415910     
   2.46758904109589       0.314938617584966       0.210525024266756     
   2.52629354207436       0.469518543382056       9.955509266199163E-002
   2.58499804305284       0.610233942537746      -2.786251773749715E-002
   2.64370254403131       0.718105642062162      -0.178693894143740     
   2.70240704500978       0.790145979168765      -0.326504510978006     
   2.76111154598826       0.816360945796459      -0.459662376908621     
   2.81981604696673       0.809266937166968      -0.548949765143546     
   2.87852054794521       0.776107631855897      -0.607550639823112     
   2.93722504892368       0.724370664851621      -0.640013939738648     
   2.99592954990215       0.659526038327201      -0.673202207835189     
   3.05463405088063       0.579088372496296      -0.703444932088507     
   3.11333855185910       0.478491238307326      -0.722458404126427     
   3.17204305283757       0.379078498632713      -0.721597715660044     
   3.23074755381605       0.269833523155508      -0.697134797598751     
   3.28945205479452       0.168327613025961      -0.640277986703469     
   3.34815655577299       8.047512687955788E-002 -0.564620716748345     
   3.40686105675147       4.211442111900309E-003 -0.494228056436780     
   3.46556555772994      -4.792356444820873E-002 -0.420779262481090     
   3.52427005870842      -7.707686926236164E-002 -0.371925823709595     
   3.58297455968689      -0.102469620667494      -0.321644988045441     
   3.64167906066536      -0.117182535148596      -0.273906341925398     
   3.70038356164384      -0.135657958870384      -0.237453587312218     
   3.75908806262231      -0.155322601855173      -0.191260124412429     
   3.81779256360078      -0.160160555285354      -0.145083361012889     
   3.87649706457926      -0.157753179142856      -0.108507463666411     
   3.93520156555773      -0.136341575285906      -7.619607041207492E-002
   3.99390606653620      -0.114031171782257      -6.570200592031446E-002
   4.05261056751468      -0.103781207267785      -4.760919767610595E-002
   4.11131506849315      -8.851956849439940E-002 -3.136172371666903E-002
   4.17001956947162      -8.661080173990975E-002 -1.058966476788782E-002
   4.22872407045010      -8.645959566179506E-002  1.492429539467035E-002
   4.28742857142857      -8.113041425371613E-002  3.622302424493417E-002
   4.34613307240704      -6.606060389387228E-002  4.413203075233881E-002
   4.40483757338552      -4.368546553239566E-002  2.870953526119257E-002
   4.46354207436399      -2.375538238378056E-002  2.291357682947989E-002
   4.52224657534247      -2.081315987378238E-003  2.480311089195772E-002
   4.58095107632094       1.566121545542244E-002  9.350787503342738E-003
   4.63965557729941       1.456203170681005E-002 -6.592100968165726E-003
   4.69836007827789       1.233482560259873E-003 -1.758045869157188E-002
   4.75706457925636      -8.075238337479217E-003 -3.714723368901470E-002
   4.81576908023483      -1.105094749276012E-002 -5.455122872118146E-002
   4.87447358121331      -3.401939357114032E-004 -6.214672247614256E-002
   4.93317808219178       9.131449764307732E-003 -6.944878700467316E-002
   4.99188258317025       1.846580580335755E-002 -5.197030624718279E-002
   5.05058708414873       2.988995058865036E-002 -3.333133437480846E-002
   5.10929158512720       4.457541604462257E-002 -2.085637218888106E-002
   5.16799608610568       4.299929936841625E-002 -2.103470850283155E-002
   5.22670058708415       2.687637979958799E-002 -1.081028025350334E-002
   5.28540508806262       3.355576292347655E-002 -7.062325086285719E-003
   5.34410958904110       3.009397247969916E-002 -9.466759455599869E-003
   5.40281409001957       1.113456894784411E-002  1.026496162177941E-002
   5.46151859099804       7.936762419708809E-003  3.242225301692490E-002
   5.52022309197652      -1.109539198267690E-002  5.341174555835814E-002
   5.57892759295499      -1.049434192999097E-002  5.977724140050204E-002
   5.63763209393346      -1.697997644313985E-002  4.593688864835288E-002
   5.69633659491194      -1.529934801781447E-002  2.149554685946748E-002
   5.75504109589041       6.448704540210742E-003  2.327769800860744E-002
   5.81374559686888       1.900453271523483E-002  1.384239287048286E-002
   5.87245009784736       2.677864247284844E-002  7.234598771694672E-003
   5.93115459882583       3.265004208895618E-002  1.231614000016364E-002
   5.98985909980431       2.669039950590694E-002  9.476982551950210E-003
   6.04856360078278       2.159746631731075E-002  1.572906408975506E-002
   6.10726810176125       1.908217350279668E-002  1.698212374595403E-002
   6.16597260273973      -3.909359136046349E-004 -7.174354284121881E-003
   6.22467710371820      -1.879520191090756E-002 -1.659441710721776E-002
   6.28338160469667      -2.159128725477356E-002 -2.236484234307790E-002
   6.34208610567515      -7.435078686465937E-003 -1.463324852010203E-002
   6.40079060665362       1.210270187864484E-003 -1.745888771980706E-002
   6.45949510763209      -7.359406833729785E-003 -2.013913862732250E-003
   6.51819960861057      -1.978607508183986E-002  1.082307577602585E-002
   6.57690410958904      -1.840609781231396E-002 -1.702958926782373E-002
   6.63560861056752      -3.093939803845889E-002 -2.278515545003969E-002
   6.69431311154599      -1.495780086842823E-002 -1.795392414923884E-002
   6.75301761252446      -2.908147592890838E-003 -1.395931357832584E-002
   6.81172211350294      -6.468522805660269E-003 -8.743985451887329E-003
   6.87042661448141      -2.492599442207225E-002 -1.133500667408611E-002
   6.92913111545988      -4.143679084397046E-002 -1.107383522227449E-002
   6.98783561643836      -4.301905615365677E-002 -1.798388735686771E-002
   7.04654011741683      -2.814387847615969E-002 -1.678203971999027E-002
   7.10524461839530      -8.666167749258788E-003 -7.117457884728354E-003
   7.16394911937378       1.992447578527279E-002 -5.658143935286040E-003
   7.22265362035225       4.465352520864971E-002  4.364606426047939E-003
   7.28135812133072       6.085988896518745E-002  8.758669385615390E-003
   7.34006262230920       7.594547048774419E-002 -1.558160179391311E-002
   7.39876712328767       4.594125322501612E-002 -2.659474492247845E-002
   7.45747162426615       1.961585127736004E-002 -1.006746534666106E-002
   7.51617612524462       5.916029245705183E-004 -5.395509073156862E-003
   7.57488062622309      -2.204276840843917E-002  1.113293803419503E-002
   7.63358512720157      -3.711126883356640E-002  3.983108329812916E-003
   7.69228962818004      -3.640057078174097E-002  2.238329931419154E-002
   7.75099412915851      -9.742376484418589E-003  2.177395202080222E-002
   7.80969863013699       5.743906705787064E-003 -6.751660534033282E-004
   7.86840313111546       2.491980289784729E-003 -2.322807359313270E-003
   7.92710763209393       6.814867040434228E-004 -1.734993558098922E-003
   7.98581213307241       5.270485336219910E-003  1.304407797727941E-002
   8.04451663405088       2.531125442314514E-002  1.457408702953739E-002
   8.10322113502936       2.452030213409753E-002  4.186592419777706E-003
   8.16192563600783       1.101269687065832E-002  9.441994652833605E-003
   8.22063013698630       1.100979964311573E-002  9.138726440358994E-003
   8.27933463796478       2.184833943246652E-002  5.148661607316673E-003
   8.33803913894325       2.606245863704008E-002 -1.317595567077120E-002
   8.39674363992172       2.376954691026685E-003 -2.214317199888065E-002
   8.45544814090020      -1.761937574007975E-002 -5.293686518584438E-003
   8.51415264187867      -2.637385021539309E-002  1.028590265652423E-002
   8.57285714285714      -1.214640390917390E-002  1.270553805311539E-002
   8.63156164383562      -7.246222247910863E-003  1.536985646121305E-002
   8.69026614481409       3.570600097359351E-003  1.855718556053835E-002
   8.74897064579256       1.791801371104170E-002 -9.467934664321442E-004
   8.80767514677104       2.291195392501221E-002 -2.913440780341590E-002
   8.86637964774951       1.316031764526842E-002 -4.793900915338770E-002
   8.92508414872799      -8.268697303791706E-003 -3.797478452662749E-002
   8.98378864970646      -2.305489071199159E-002 -3.155661838067402E-002
   9.04249315068493      -3.490568950309195E-002 -2.013905280552215E-002
   9.10119765166341      -2.001260435996395E-002 -1.096414497358951E-002
   9.15990215264188      -3.932710790034107E-003  3.613635252419853E-004
   9.21860665362035       2.197000963854563E-002  3.958655490678221E-002
   9.27731115459883       3.210358656413137E-002  5.183101884117126E-002
   9.33601565557730       7.605515457400919E-003  5.873130821248394E-002
   9.39472015655577      -1.635175952030634E-002  4.847862216810496E-002
   9.45342465753425      -3.194067565933741E-002  3.014827302314595E-002
   9.51212915851272      -1.650685642428293E-002  1.449683199432842E-003
   9.57083365949119      -1.744832162755050E-003 -3.755322723796239E-002
   9.62953816046967       2.189556214714391E-002 -5.494019596714747E-002
   9.68824266144814       5.863727402025319E-002 -6.471342727257165E-002
   9.74694716242662       6.814676498012878E-002 -7.608830092793323E-002
   9.80565166340509       6.186609358987901E-002 -6.486567883450210E-002
   9.86435616438356       5.672866799633496E-002 -4.339518103434808E-002
   9.92306066536204       3.922328797978332E-002 -2.196799324288195E-002
   9.98176516634051       2.877599625640253E-002 -1.634968202874337E-002
   10.0404696673190       4.488490567905285E-003  5.888322926858383E-003
   10.0991741682975      -1.030372919463026E-002  2.413317072071539E-002
   10.1578786692759      -6.898304093511271E-003  4.071885551294319E-002
   10.2165831702544      -1.827113436095686E-002  4.679146035526006E-002
   10.2752876712329      -1.567666401182739E-002  2.924204075829189E-002
   10.3339921722114      -1.447643918978899E-002  1.878599892807885E-003
   10.3926966731898      -1.988773596143076E-002 -1.751787157478054E-002
   10.4514011741683       1.780960333362186E-002 -2.658087008298898E-002
   10.5101056751468       3.281130816164616E-002 -1.285399712398516E-002
   10.5688101761252       1.684213443412874E-002 -9.025256576218327E-003
   10.6275146771037       2.065774006810564E-003  7.784517831656704E-003
   10.6862191780822      -1.089261032292124E-002  2.572041593150839E-002
   10.7449236790607      -1.125846083682874E-002 -6.804377865969504E-003
   10.8036281800391      -2.390117769051811E-002 -8.039547720935257E-003
   10.8623326810176      -8.704168438249388E-003 -4.502607006586415E-003
   10.9210371819961       1.148652530583228E-002 -3.021720873011438E-002
   10.9797416829746       3.937902836705562E-002 -3.862794681741754E-002
   11.0384461839530       4.166135113883159E-002 -4.502717695920740E-002
   11.0971506849315       5.817815775796024E-002 -3.971398583441740E-002
   11.1558551859100       8.965894877598005E-002 -1.068380827865118E-002
   11.2145596868885       8.391197667496339E-002  1.063268024574322E-002
   11.2732641878669       7.547673285005102E-002  7.084962652362414E-003
   11.3319686888454       5.668825481613661E-002 -4.626220112715681E-003
   11.3906731898239       2.789907599796783E-002 -1.492423424073300E-002
   11.4493776908024       2.249310081043472E-002 -2.142175941654254E-003
   11.5080821917808       2.051753175282339E-003  2.098136542949854E-002
   11.5667866927593      -1.542715388499281E-002  1.745049164653035E-002
   11.6254911937378      -8.982820646899176E-003  1.801080527113544E-003
   11.6841956947162      -1.710035193588862E-002 -9.976846638043184E-003
   11.7429001956947      -1.777662797324908E-003 -2.838024541818856E-002
   11.8016046966732       3.593234254300658E-003 -3.038139873183496E-002
   11.8603091976517       1.367749553739374E-002 -2.597699285050636E-002
   11.9190136986301       3.655983999593181E-002 -3.802245345681189E-002
   11.9777181996086       7.635240399706941E-004 -3.374230524141765E-002
   12.0364227005871      -3.861557527452931E-002 -3.465074134898223E-002
   12.0951272015656      -4.755865297087380E-002 -3.653767798471284E-002
   12.1538317025440      -3.790819589047422E-002 -2.931361654615857E-002
   12.2125362035225      -2.514615701340612E-002 -2.526395987803258E-002
   12.2712407045010      -1.394954049589263E-002 -1.296795029549017E-002
   12.3299452054795      -4.798307682060814E-003 -2.097466787350513E-002
   12.3886497064579      -4.864956123427109E-003 -3.622213661501820E-002
   12.4473542074364       1.546755287704864E-002 -3.163369757287324E-002
   12.5060587084149       3.068474817459254E-002 -9.251913895818753E-003
   12.5647632093933       8.163748348438001E-003 -1.385174852036839E-002
   12.6234677103718      -1.285503843265634E-002 -1.950854441162502E-002
   12.6821722113503      -2.432181948956541E-002 -1.025999767223425E-002
   12.7408767123288      -2.584032295719048E-002 -1.905091117224671E-002
   12.7995812133072      -1.193981541291297E-002 -3.078736572430413E-002
   12.8582857142857      -2.026517312349418E-002 -3.725650563065017E-002
   12.9169902152642       2.834620144315221E-003 -3.975046170119396E-002
   12.9756947162427       1.787012144768025E-002 -3.495387020091385E-002
   13.0343992172211      -6.390725603736564E-004 -2.440948682647586E-002
   13.0931037181996      -5.790180629822918E-003 -1.562597645700057E-002
   13.1518082191781      -5.174223253594484E-003  3.882379184282576E-004
   13.2105127201566      -1.045277901130336E-002  1.939816488633806E-002
   13.2692172211350      -2.562637937067250E-002  3.448845065773762E-003
   13.3279217221135      -2.956842737037980E-002 -5.209081499838869E-003
   13.3866262230920      -3.729469532299090E-002 -1.734101370250649E-002
   13.4453307240705      -3.325758571470754E-002 -2.339250878253142E-002
   13.5040352250489      -2.003738717159108E-002  2.375294824060467E-005
   13.5627397260274      -1.806065816344835E-002  3.350137351121385E-003
   13.6214442270059      -6.470052614353817E-003 -2.299933929484269E-002
   13.6801487279843      -5.764790920170476E-003 -4.456201468612778E-002
   13.7388532289628      -3.154197726342328E-002 -5.777051666991243E-002
   13.7975577299413      -4.029704968255796E-002 -4.452052241491761E-002
   13.8562622309198      -1.770940527668022E-002 -4.345137561148711E-002
   13.9149667318982      -2.099550294235135E-003 -5.282869201150538E-002
   13.9736712328767       7.107307941165788E-003 -3.690509061576935E-002
   14.0323757338552       1.083829893079888E-002 -5.317594127455564E-003
   14.0910802348337       1.498661715502865E-002  3.171478028186435E-002
   14.1497847358121       9.615078966631437E-003  4.359268550073772E-002
   14.2084892367906      -1.944094844885658E-003  4.390082754469039E-002
   14.2671937377691       4.034277114521104E-003  2.257386605301268E-002
   14.3258982387476       1.555864203342961E-005 -1.139750179437664E-002
   14.3846027397260      -4.936963399584273E-003 -1.087644347580742E-002
   14.4433072407045       9.925245846147264E-003 -7.191890831438110E-003
   14.5020117416830       3.094137162128129E-003 -5.326818905110509E-003
   14.5607162426614       6.555109590503516E-003 -3.017149453179578E-002
   14.6194207436399       1.049718179369189E-002 -2.450062787213483E-002
   14.6781252446184      -1.109295341047796E-003  8.827321847442331E-003
   14.7368297455969       2.887824814983296E-002  4.777813582765994E-003
   14.7955342465753       4.238010747888705E-002  1.352489241893260E-002
   14.8542387475538       4.261635065457926E-002  1.306253762173850E-002
   14.9129432485323       3.254859645191036E-002  1.352231610356197E-002
   14.9716477495108       1.792309599639058E-002  3.783475537433710E-002
   15.0303522504892       8.501781840344235E-003  4.106088657292572E-004
   15.0890567514677      -2.041974289394603E-002 -1.082802221439780E-002
   15.1477612524462      -1.416441973791465E-002  1.927258184711663E-002
   15.2064657534247      -2.104551023424064E-002  1.178545336096409E-002
   15.2651702544031      -1.445237074705776E-002  7.268335675917286E-003
   15.3238747553816       2.077836924147333E-003  1.170996984670509E-002
   15.3825792563601       1.737659096096190E-002  1.425647385211935E-002
   15.4412837573386       3.671110027312531E-002  1.972939843927587E-002
   15.4999882583170       4.852924797155890E-002  2.639478667212385E-002
   15.5586927592955       4.832482212760445E-002  3.184181350326673E-002
   15.6173972602740       4.314887263105921E-002  2.653755987953662E-002
   15.6761017612524       3.897953288449781E-002  2.543774350498843E-002
   15.7348062622309       2.755937461958898E-002  2.775522947061136E-002
   15.7935107632094       7.910629062156735E-003  1.672397249667008E-002
   15.8522152641879      -1.028458459007909E-002  2.297874597656599E-002
   15.9109197651663      -1.356665429265666E-002  2.368274568337334E-002
   15.9696242661448       6.483466636835728E-003 -3.023927753969174E-003
   16.0283287671233       2.511107580901755E-002  9.589407144141131E-004
   16.0870332681018       2.263145942389009E-002  7.516135873542700E-003
   16.1457377690802      -1.073920221899148E-002 -7.321911112676561E-003
   16.2044422700587      -1.560085415870722E-002 -4.237086443529536E-002
   16.2631467710372      -6.272520699126190E-003 -5.287058317560933E-002
   16.3218512720157      -1.099131610188049E-002 -1.941337676758010E-002
   16.3805557729941       5.037386381710942E-003  2.450522550208850E-003
   16.4392602739726       2.467782403668180E-002  1.423470908834094E-002
   16.4979647749511       1.701009243442768E-002  3.223979282053848E-002
   16.5566692759296       4.290628018962551E-005  3.782652857443757E-002
   16.6153737769080      -2.207347348100620E-002  3.728740567657938E-003
   16.6740782778865      -3.309558629975112E-002 -2.596075289905047E-002
   16.7327827788650      -3.317946804905288E-002 -3.071357950782110E-002
   16.7914872798434      -2.904042070401468E-002 -2.808533551582244E-002
   16.8501917808219      -3.272381743118139E-002 -1.961269267622947E-002
   16.9088962818004      -3.451300380136361E-002 -2.673134134034504E-002
   16.9676007827789      -4.154319780430888E-002 -5.247716409181421E-002
   17.0263052837573      -2.402745934342112E-002 -5.544080389803413E-002
   17.0850097847358      -7.030029281623821E-003 -6.308771749125035E-002
   17.1437142857143       3.127061261584643E-002 -5.036597175925356E-002
   17.2024187866928       5.797254247300797E-002 -1.493718356452226E-002
   17.2611232876712       4.398234486091648E-002  6.709052726714650E-003
   17.3198277886497       1.862317558456335E-002  1.686485105051148E-002
   17.3785322896282       8.275890058613584E-004 -2.570597979234795E-003
   17.4372367906067      -2.880672854423437E-002 -1.215053483499706E-002
   17.4959412915851      -4.332482805295075E-002  2.083688441917424E-003
   17.5546457925636      -2.595583587009145E-002  1.486371413578962E-002
   17.6133502935421      -2.064123972761486E-002  4.510423459443329E-002
   17.6720547945205      -1.462080291293397E-002  6.810412950106599E-002
   17.7307592954990       7.414577825987697E-003  6.932944757976728E-002
   17.7894637964775       1.241712128132742E-002  6.206757746443331E-002
   17.8481682974560       2.600961877111424E-002  4.222611553726546E-002
   17.9068727984344       2.106474857055314E-002  2.578809066079061E-002
   17.9655772994129       4.144316139775787E-003  2.610401750173629E-002
   18.0242818003914      -5.454245662915996E-003  4.324112303477930E-002
   18.0829863013699      -3.701562553899192E-003  3.985785743569324E-002
   18.1416908023483       2.549265442309135E-002  1.645600916276932E-002
   18.2003953033268       3.017623043735575E-002 -2.299061188684129E-003
   18.2590998043053       7.989569617425026E-003 -1.938898069567638E-002
   18.3178043052838       1.383431749827151E-002 -1.029113386033805E-002
   18.3765088062622       3.172975810560925E-002 -9.381990246501264E-004
   18.4352133072407       4.121149867977927E-002  1.217584007795080E-002
   18.4939178082192       5.179216361689691E-002  1.121797344015313E-002
   18.5526223091977       6.467160610513936E-002 -2.252190257411590E-003
   18.6113268101761       6.034109381290031E-002  1.421512346210715E-002
   18.6700313111546       1.664771907798372E-002  9.024886301490774E-003
   18.7287358121331      -1.002220503987929E-002 -9.574053969141828E-003
   18.7874403131115      -1.720844153180315E-002 -6.464184238649494E-003
   18.8461448140900      -1.750894140034228E-002 -2.776484507928487E-003
   18.9048493150685      -3.676209730908470E-002 -2.069214759956493E-003
   18.9635538160470      -3.776169307686186E-002 -2.813031225160822E-002
   19.0222583170254      -2.863293376973503E-002 -2.278974334395248E-002
   19.0809628180039      -4.054642237979222E-002 -1.178738701888743E-002
   19.1396673189824      -2.155856129103490E-002 -7.252221376325425E-003
   19.1983718199609       6.349456879060534E-003  7.934469347691889E-004
   19.2570763209393       2.059216438788741E-002  1.180764898994712E-002
   19.3157808219178       2.190204352480136E-002  2.940733193457601E-002
   19.3744853228963       1.778115238197586E-002  3.077024197198141E-002
   19.4331898238748       1.021725987244773E-002  5.884547241399392E-002
   19.4918943248532       1.899423793082101E-004  7.561833906550464E-002
   19.5505988258317       2.809280478123094E-004  5.248539600487920E-002
   19.6093033268102      -1.016034227024971E-002  4.756041472297447E-002
   19.6680078277886      -2.832500746603542E-002  3.537920377249148E-002
   19.7267123287671      -3.763210636407888E-002  1.999047357899928E-002
   19.7854168297456      -3.748600453677908E-002  4.657041681051984E-003
   19.8441213307241       9.030318207702932E-003  5.064959199625874E-003
   19.9028258317025       3.347560112634798E-002  2.363004874129449E-002
   19.9615303326810       4.064199139560123E-002  1.249626489098609E-002
   20.0202348336595       4.363366113373074E-002 -1.084196479999485E-003
   20.0789393346380       3.629318803856968E-002 -1.609438383448017E-002
   20.1376438356164       4.249136499644077E-002  6.724558000221259E-003
   20.1963483365949       2.738409035811210E-002  2.925936969644656E-002
   20.2550528375734       1.821109165644679E-002  3.670390503619313E-002
   20.3137573385519       9.710039745431468E-003  3.682983955672139E-002
   20.3724618395303       2.463706714557533E-002  8.483464361381839E-003
   20.4311663405088       3.238949079205278E-002 -6.453675869287684E-003
   20.4898708414873       1.581335239681508E-002 -1.686230001068691E-002
   20.5485753424658       4.227498957983062E-003 -2.398505844351131E-002
   20.6072798434442      -1.119656613871266E-002 -2.736420499607167E-002
   20.6659843444227      -1.108178815115275E-003 -2.111532989040222E-002
   20.7246888454012       2.301170097823141E-002  5.660035218876567E-003
   20.7833933463796       2.536108719111560E-002  2.643334209964814E-002
   20.8420978473581       6.600342403301772E-003  3.919058441164597E-002
   20.9008023483366      -2.480775634304672E-002  2.363810718986271E-003
   20.9595068493151      -3.843154663773755E-002 -3.276958123541783E-002
   21.0182113502935      -5.983340204207756E-002 -4.335796220813144E-002
   21.0769158512720      -4.364451590590573E-002 -4.385005417622535E-002
   21.1356203522505      -2.144110354822278E-002 -2.617039917329948E-002
   21.1943248532290      -1.652847670092054E-002 -1.164400799467764E-002
   21.2530293542074      -1.542865923196489E-002 -8.679085534451632E-003
   21.3117338551859      -2.467243893565932E-003 -2.225406246625507E-002
   21.3704383561644       1.222293825599305E-002 -1.462202385420073E-002
   21.4291428571429       2.119362324113094E-002  1.621543899272447E-002
   21.4878473581213       2.945996349042290E-002  3.317863226339319E-002
   21.5465518590998       1.574037863540238E-002  3.658506256181021E-002
   21.6052563600783      -5.701892075131114E-003  2.492931003021383E-002
   21.6639608610568      -2.564313345156539E-002  9.049185410142635E-003
   21.7226653620352      -3.124752691696382E-002 -5.559830795469929E-003
   21.7813698630137      -3.691181239174809E-002  1.814768991000831E-003
   21.8400743639922      -5.483875817758934E-002  1.297091761012989E-002
   21.8987788649706      -5.495099501188230E-002  6.052527053973535E-003
   21.9574833659491      -3.740455460019224E-002 -1.306306742791448E-002
   22.0161878669276       2.055021281149472E-004 -1.328326100838662E-002
   22.0748923679061       1.103944643556130E-002 -3.043945671780741E-002
   22.1335968688845       1.792025363361248E-002 -4.076467371342425E-002
   22.1923013698630      -5.522446788197473E-003 -2.517869925522621E-002
   22.2510058708415      -1.694731976958708E-002 -3.623290240032326E-002
   22.3097103718200      -7.240790369663047E-003 -3.426095192993898E-002
   22.3684148727984       7.593078370416242E-004 -1.422759539558795E-002
   22.4271193737769      -2.051205506159602E-003  6.074786385608642E-003
   22.4858238747554      -7.942385898635084E-003  8.303306679288934E-003
   22.5445283757339       8.458504202116870E-004  7.444451938407688E-003
   22.6032328767123       2.825516628758002E-003  3.243386011529616E-002
   22.6619373776908      -5.179861227789669E-004  3.836909884063355E-002
   22.7206418786693      -1.203767244066059E-002  3.176384366985541E-002
   22.7793463796478      -2.826013026165297E-002  8.151894076104973E-003
   22.8380508806262      -2.380189516744450E-002 -1.837154647000317E-002
   22.8967553816047      -1.118885137647880E-002 -1.352699872124877E-002
   22.9554598825832      -1.326017051121350E-002  7.290328951257911E-003
   23.0141643835616       4.014920452361384E-003 -1.655757865658848E-002
   23.0728688845401       4.448092481134996E-002 -2.335252342727943E-002
   23.1315733855186       7.301977432573234E-002 -1.139093299149106E-002
   23.1902778864971       6.423971662369127E-002  7.569018362878904E-004
   23.2489823874755       1.035977847547440E-002 -4.281234394291088E-003
   23.3076868884540      -7.634713383969348E-003 -1.686552881697114E-002
   23.3663913894325      -1.598282386275730E-002 -6.732116395688300E-003
   23.4250958904110      -1.957436258426331E-002  1.267241901399264E-002
   23.4838003913894      -3.408484148546101E-003  4.329192084787698E-002
   23.5425048923679      -1.013407371340183E-002  5.095327772987606E-002
   23.6012093933464       1.337176036778719E-002  8.960233953666772E-003
   23.6599138943249       5.299838356373076E-002  1.105441849504389E-002
   23.7186183953033       5.577174454267953E-002  1.026822156534436E-002
   23.7773228962818       4.797681970612525E-002 -1.700642967957046E-002
   23.8360273972603       5.469273803376604E-002 -1.848968710211036E-002
   23.8947318982387       4.089146594799099E-002  2.636055372971468E-003
   23.9534363992172       5.184366482202245E-002  2.218669592123081E-002
   24.0121409001957       2.351081681883637E-002  3.601352749368287E-002
   24.0708454011742      -5.025156690648225E-003  1.190425526991092E-002
   24.1295499021526       1.569508344004375E-002 -3.110713298642373E-002
   24.1882544031311       3.486329143305941E-002 -3.649299319798184E-002
   24.2469589041096       4.308014527481088E-002 -2.391767841680977E-002
   24.3056634050881       6.147456828687390E-002  1.698994849722095E-002
   24.3643679060665       4.605513621126997E-002  4.470207041993288E-002
   24.4230724070450       1.290131921783403E-002  1.641311748198997E-002
   24.4817769080235       1.017717483434556E-002 -3.124492798964331E-003
   24.5404814090020       1.074162763797940E-002 -5.788028347675622E-003
   24.5991859099804       1.217586239503947E-002 -1.230897184136978E-002
   24.6578904109589       1.240427362863491E-002  1.875856136742129E-003
   24.7165949119374       2.002094600377913E-002  1.950844318945779E-002
   24.7752994129159       3.979623293622453E-002  2.405278318845260E-002
   24.8340039138943       4.167105404068875E-002  2.486415999029561E-002
   24.8927084148728       2.473779809090612E-002  2.432400294974430E-002
   24.9514129158513      -1.727065731774446E-004  1.120390343721397E-002
   25.0101174168297       3.108095953913068E-003 -1.614394697965833E-002
   25.0688219178082       7.924940787338705E-003 -2.287203264505655E-002
   25.1275264187867      -3.276287733585851E-003 -1.288680366077042E-002
   25.1862309197652      -1.951354082918010E-002 -2.764101386683415E-002
   25.2449354207436       2.333201341467783E-005 -2.757504389795402E-002
   25.3036399217221       2.100241184079056E-002 -1.660672241742924E-002
   25.3623444227006       6.908973663413975E-002  6.123233205220999E-004
   25.4210489236791       8.605739073948473E-002  1.245700930495569E-002
   25.4797534246575       8.077614126547975E-002  1.263810154008984E-002
   25.5384579256360       6.248130472726936E-002  8.185710767198260E-003
   25.5971624266145       2.174157107542100E-002  7.810438918533988E-004
   25.6558669275930      -3.869844520455452E-002  3.271487198506080E-003
   25.7145714285714      -6.936879204072539E-002  2.102071674501590E-003
   25.7732759295499      -6.915101130316431E-002  2.718001109516035E-003
   25.8319804305284      -4.444146650338221E-002  1.203610479135884E-002
   25.8906849315069      -7.808300948916233E-003  3.193371473569826E-002
   25.9493894324853       4.852291570818046E-003  3.054643749913021E-002
   26.0080939334638       9.435015758257930E-003  1.472694739651116E-002
   26.0667984344423      -7.233944825299068E-003 -2.188061047282614E-003
   26.1255029354207      -4.506214570606291E-003 -3.271568030377708E-002
   26.1842074363992       6.011406519023568E-003 -3.770627094555867E-002
   26.2429119373777      -1.611904749368995E-003 -3.665902178847941E-002
   26.3016164383562       1.255785343862743E-002 -3.023062021001593E-002
   26.3603209393346       3.760456025089363E-002 -1.862448042499049E-002
   26.4190254403131       6.134245764695387E-002 -1.511054410346525E-002
   26.4777299412916       6.101770000143615E-002 -2.406186375822992E-003
   26.5364344422701       4.558092668416051E-002  1.098978710286912E-002
   26.5951389432485       1.848240774148817E-002  1.713724138933363E-002
   26.6538434442270      -3.045524065944131E-003  1.365883091197933E-002
   26.7125479452055      -2.638156831614137E-002  1.395967307746488E-002
   26.7712524461840      -3.737218543997031E-002  1.598347607967159E-002
   26.8299569471624      -3.794024971793312E-002  1.673226362764826E-003
   26.8886614481409      -1.152908317453422E-002  1.207608063870588E-002
   26.9473659491194       6.988536495606204E-003  1.857709646647361E-002
   27.0060704500978       1.896730854867683E-002  1.686956381310165E-002
   27.0647749510763       1.649827411965822E-002  8.553330134981161E-003
   27.1234794520548       2.175534737976918E-002  7.459349214479301E-003
   27.1821839530333       2.990479843007839E-002 -3.472516278778435E-003
   27.2408884540117       3.571692374381669E-002 -2.730074783223513E-002
   27.2995929549902       4.310508790045570E-002 -3.976464675061388E-002
   27.3582974559687       4.023888848958761E-002 -3.757166113440575E-002
   27.4170019569472       3.299538496169818E-002 -2.987409725178228E-002
   27.4757064579256       9.580117513311118E-003 -8.409483488526579E-003
   27.5344109589041      -8.534901256865591E-003  1.389653663954934E-002
   27.5931154598826      -1.979597966063065E-002  3.339782805588169E-002
   27.6518199608611      -2.950482655637759E-002  4.412149108756266E-002
   27.7105244618395      -1.496673265554970E-002  3.859094488176405E-002
   27.7692289628180       3.188124953470101E-003  2.912165943934362E-002
   27.8279334637965       9.761980712860871E-003  9.252664459065967E-003
   27.8866379647750       2.065041000607674E-002 -1.029025527741335E-002
   27.9453424657534       2.620539510299839E-002 -1.786161535138862E-002
   28.0040469667319       3.561571498032357E-002 -1.836821720085217E-002
   28.0627514677104       5.367866032741488E-002 -1.544107995825552E-002
   28.1214559686888       5.580371027981557E-002 -8.652974239213219E-003
   28.1801604696673       5.025123703378880E-002 -1.427976896382598E-002
   28.2388649706458       4.080862547386789E-002 -1.867816643406355E-002
   28.2975694716243       2.397588457766117E-002 -2.508757513010548E-002
   28.3562739726027       1.064018501686472E-002 -2.446491962205419E-002
   28.4149784735812       5.551657029506279E-003 -1.604898907723414E-002
   28.4736829745597       1.641928695159901E-003 -2.148802269138096E-002
   28.5323874755382      -2.346856403414135E-003 -1.792132828904493E-002
   28.5910919765166      -2.233773500183306E-004 -2.732763416662243E-002
   28.6497964774951      -2.234454486917836E-003 -4.213442449267999E-002
   28.7085009784736      -8.997338806242910E-003 -5.956012035322619E-002
   28.7672054794521      -3.362150062977073E-003 -5.028344229277461E-002
   28.8259099804305       1.025377108046786E-002 -3.269015273957184E-002
   28.8846144814090       1.260284646979356E-002 -1.111244308353176E-002
   28.9433189823875       5.892274575017058E-003  2.193436478881710E-002
   29.0020234833659       2.913386377827086E-003  4.944588575586913E-002
   29.0607279843444       2.295956138514733E-003  5.209991062551403E-002
   29.1194324853229      -1.524041933904015E-002  4.092663653844443E-002
   29.1781369863014      -3.458030032964166E-002  2.598106762291560E-002
   29.2368414872798      -4.009790589762303E-002  1.797896957382011E-002
   29.2955459882583      -1.868909254630494E-002 -2.974475771850699E-004
   29.3542504892368       1.257993463286180E-002 -1.592208671448786E-002
   29.4129549902153       5.242654635170912E-002  4.211514620249032E-003
   29.4716594911937       8.191054821934789E-002  1.059317702785613E-002
   29.5303639921722       7.182062946841480E-002  1.092785085409284E-002
   29.5890684931507       3.857122561652183E-002  2.462122457800567E-003
   29.6477729941292       1.033814785413613E-002 -1.052105827538205E-002
   29.7064774951076      -1.158636243803950E-002 -2.233711378159457E-002
   29.7651819960861      -3.070025442485434E-002 -3.243756181137125E-002
   29.8238864970646      -3.650296906123984E-002 -2.060414714117520E-002
   29.8825909980431      -2.558585275822818E-002  4.441788845453674E-003
   29.9412954990215      -1.948524119812230E-002  1.566935059426405E-002
   30.0000000000000      -1.840339137570277E-002  1.553025884491951E-002
