  2.000000000000000E-003  3.441255009110708E-012
  6.070450097847359E-002  3.939817779816386E-011
  0.119409001956947       3.905935300932544E-010
  0.178113502935421       3.370727400653424E-009
  0.236818003913894       2.544513673522457E-008
  0.295522504892368       1.688007202285727E-007
  0.354227005870842       9.883475240328496E-007
  0.412931506849315       5.128113378763319E-006
  0.471636007827789       2.366625045021408E-005
  0.530340508806262       9.747521660094491E-005
  0.589045009784736       3.593918361087375E-004
  0.647749510763209       1.189323601063965E-003
  0.706454011741683       3.540370886949969E-003
  0.765158512720157       9.496251859199127E-003
  0.823863013698630       2.297630510469546E-002
  0.882567514677104       5.016066539023620E-002
  0.941272015655577       9.873737019414555E-002
  0.999976516634051       0.174856321498364     
   1.05868101761252       0.277367711736276     
   1.11738551859100       0.390968554368461     
   1.17609001956947       0.482665430478896     
   1.23479452054795       0.507346169643991     
   1.29349902152642       0.425528880956892     
   1.35220352250489       0.228761576980995     
   1.41090802348337      -4.078803936954416E-002
   1.46961252446184      -0.293132845274887     
   1.52831702544031      -0.423664835543028     
   1.58702152641879      -0.366143922023875     
   1.64572602739726      -0.137229047732415     
   1.70443052837573       0.158161876184568     
   1.76313502935421       0.372432349940576     
   1.82183953033268       0.392256387335376     
   1.88054403131115       0.203905210276603     
   1.93924853228963      -9.382240361916371E-002
   1.99795303326810      -0.340625758145912     
   2.05665753424658      -0.402545599144399     
   2.11536203522505      -0.246266385528987     
   2.17406653620352       4.299503361231758E-002
   2.23277103718200       0.309513985609805     
   2.29147553816047       0.412389035485938     
   2.35018003913894       0.299790686798277     
   2.40888454011742       3.265888935671779E-002
   2.46758904109589      -0.251470743610931     
   2.52629354207436      -0.411368833144697     
   2.58499804305284      -0.371768119277421     
   2.64370254403131      -0.155588369031765     
   2.70240704500978       0.133143219509219     
   2.76111154598826       0.362421153559963     
   2.81981604696673       0.433033967392232     
   2.87852054794521       0.318974062846558     
   2.93722504892368       7.250526689840928E-002
   2.99592954990215      -0.203658039500074     
   3.05463405088063      -0.401269694085833     
   3.11333855185910      -0.448411326303999     
   3.17204305283757      -0.332700492867247     
   3.23074755381605      -0.100022191941757     
   3.28945205479452       0.167012041493394     
   3.34815655577299       0.380227211624683     
   3.40686105675147       0.474694147787666     
   3.46556555772994       0.426273015776253     
   3.52427005870842       0.254330474965790     
   3.58297455968689       1.137242743934882E-002
   3.64167906066536      -0.235105286760891     
   3.70038356164384      -0.422095314883574     
   3.75908806262231      -0.506420009231908     
   3.81779256360078      -0.472748078893158     
   3.87649706457926      -0.333686531190303     
   3.93520156555773      -0.123455468906446     
   3.99390606653620       0.112143649619902     
   4.05261056751468       0.326514981722495     
   4.11131506849315       0.481372192756672     
   4.17001956947162       0.552653061409528     
   4.22872407045010       0.532755530791259     
   4.28742857142857       0.429456445640397     
   4.34613307240704       0.262423064245384     
   4.40483757338552       5.844844357075316E-002
   4.46354207436399      -0.153512727015551     
   4.52224657534247      -0.346668454532591     
   4.58095107632094      -0.499554533793167     
   4.63965557729941      -0.597840007414969     
   4.69836007827789      -0.634834254325290     
   4.75706457925636      -0.610933873196269     
   4.81576908023483      -0.532336418843939     
   4.87447358121331      -0.409361978658538     
   4.93317808219178      -0.254683859809380     
   4.99188258317025      -8.169925115577262E-002
   5.05058708414873       9.681025479520396E-002
   5.10929158512720       0.269654979210436     
   5.16799608610568       0.427839963464784     
   5.22670058708415       0.564829118677676     
   5.28540508806262       0.676532835357985     
   5.34410958904110       0.761092840128605     
   5.40281409001957       0.818537797404082     
   5.46151859099804       0.850374851544783     
   5.52022309197652       0.859169592325484     
   5.57892759295499       0.848152705775800     
   5.63763209393346       0.820877920777641     
   5.69633659491194       0.780944066960166     
   5.75504109589041       0.731784747231219     
   5.81374559686888       0.676522428101508     
   5.87245009784736       0.617879461686568     
   5.93115459882583       0.558136287320088     
   5.98985909980431       0.499126355979268     
   6.04856360078278       0.442257718824410     
   6.10726810176125       0.388552315463603     
   6.16597260273973       0.338695457059317     
   6.22467710371820       0.293089575070439     
   6.28338160469667       0.251907826241260     
   6.34208610567515       0.215144502079849     
   6.40079060665362       0.182660332033044     
   6.45949510763209       0.154221677353231     
   6.51819960861057       0.129533296319310     
   6.57690410958904       0.108264845449872     
   6.63560861056752       9.007159763340838E-002
   6.69431311154599       7.461004072391653E-002
   6.75301761252446       6.154910152614292E-002
   6.81172211350294       5.057774891788903E-002
   6.87042661448141       4.140969012034391E-002
   6.92913111545988       3.378580492041793E-002
   6.98783561643836       2.747487844987533E-002
   7.04654011741683       2.227310437015279E-002
   7.10524461839530       1.800274407761630E-002
   7.16394911937378       1.451024825134030E-002
   7.22265362035225       1.166407712113856E-002
   7.28135812133072       9.352396191215808E-003
   7.34006262230920       7.480774775614252E-003
   7.39876712328767       5.969974916749880E-003
   7.45747162426615       4.753887042203131E-003
   7.51617612524462       3.777644882317630E-003
   7.57488062622309       2.995934512120192E-003
   7.63358512720157       2.371499747379708E-003
   7.69228962818004       1.873837479854195E-003
   7.75099412915851       1.478070980283883E-003
   7.80969863013699       1.163985970667739E-003
   7.86840313111546       9.152127474190540E-004
   7.92710763209393       7.185373259705808E-004
   7.98581213307241       5.633250858147265E-004
   8.04451663405088       4.410414254470596E-004
   8.10322113502936       3.448552678307580E-004
   8.16192563600783       2.693127285920882E-004
   8.22063013698630       2.100697591340838E-004
   8.27933463796478       1.636740302515761E-004
   8.33803913894325       1.273876816002218E-004
   8.39674363992172       9.904380197358457E-005
   8.45544814090020       7.693061286813523E-005
   8.51415264187867       5.969830144547900E-005
   8.57285714285714       4.628429355015377E-005
   8.63156164383562       3.585348180284920E-005
   8.69026614481409       2.775053907994009E-005
   8.74897064579256       2.146196594968369E-005
   8.80767514677104       1.658595394090828E-005
   8.86637964774951       1.280850641898667E-005
   8.92508414872799       9.884556013837943E-006
   8.98378864970646       7.623061617005364E-006
   9.04249315068493       5.875267461548301E-006
   9.10119765166341       4.525469144346922E-006
   9.15990215264188       3.483763032119946E-006
   9.21860665362035       2.680361745000887E-006
   9.27731115459883       2.061143917589922E-006
   9.33601565557730       1.584175030238364E-006
   9.39472015655577       1.216990966827926E-006
   9.45342465753425       9.344797175909053E-007
   9.51212915851272       7.172314638648204E-007
   9.57083365949119       5.502549180301368E-007
   9.62953816046967       4.219796787625011E-007
   9.68824266144814       3.234816590204323E-007
   9.74694716242662       2.478822874623210E-007
   9.80565166340509       1.898829252758553E-007
   9.86435616438356       1.454043822695318E-007
   9.92306066536204       1.113080398918448E-007
   9.98176516634051       8.518027810861066E-008
   10.0404696673190       6.516596253228369E-008
   10.0991741682975       4.983991945294274E-008
   10.1578786692759       3.810780057147161E-008
   10.2165831702544       2.912966713087053E-008
   10.2752876712329       2.226112362583963E-008
   10.3339921722114       1.700799780220323E-008
   10.3926966731898       1.299146960580828E-008
   10.4514011741683       9.921254610938761E-009
   10.5101056751468       7.574992254609934E-009
   10.5688101761252       5.782411094405232E-009
   10.6275146771037       4.413169740375538E-009
   10.6862191780822       3.367524478338485E-009
   10.7449236790607       2.569169556300676E-009
   10.8036281800391       1.959746597357732E-009
   10.8623326810176       1.494635689981831E-009
   10.9210371819961       1.139730195160265E-009
   10.9797416829746       8.689662498938622E-010
   11.0384461839530       6.624310241205380E-010
   11.0971506849315       5.049146292742768E-010
   11.1558551859100       3.848019849748225E-010
   11.2145596868885       2.932250916603971E-010
   11.2732641878669       2.234147033353233E-010
   11.3319686888454       1.702046358297064E-010
   11.3906731898239       1.296528763798276E-010
   11.4493776908024       9.875204595836572E-011
   11.5080821917808       7.520819639057324E-011
   11.5667866927593       5.727185370369686E-011
   11.6254911937378       4.360899637584337E-011
   11.6841956947162       3.320255043223824E-011
   11.7429001956947       2.527719876569004E-011
   11.8016046966732       1.924199787946496E-011
   11.8603091976517       1.464659292004406E-011
   11.9190136986301       1.114781456182321E-011
   11.9777181996086       8.484200478906742E-012
   12.0364227005871       6.456564562695585E-012
   12.0951272015656       4.913180686939437E-012
   12.1538317025440       3.738486831192952E-012
   12.2125362035225       2.844474364066285E-012
   12.2712407045010       2.164125100616940E-012
   12.3299452054795       1.646409801073465E-012
   12.3886497064579       1.252477099620847E-012
   12.4473542074364       9.527498764344932E-013
   12.5060587084149       7.247132617309926E-013
   12.5647632093933       5.512297158557493E-013
   12.6234677103718       4.192557304049519E-013
   12.6821722113503       3.188645191474259E-013
   12.7408767123288       2.425018114798760E-013
   12.7995812133072       1.844192032551303E-013
   12.8582857142857       1.402427410638894E-013
   12.9169902152642       1.066444941850683E-013
   12.9756947162427       8.109254960645568E-014
   13.0343992172211       6.166071906610055E-014
   13.0931037181996       4.688370727516657E-014
   13.1518082191781       3.564688860507948E-014
   13.2105127201566       2.710242816579806E-014
   13.2692172211350       2.060545497804901E-014
   13.3279217221135       1.566549668915697E-014
   13.3866262230920       1.190952892833266E-014
   13.4453307240705       9.053863249408242E-015
   13.5040352250489       6.882760674796011E-015
   13.5627397260274       5.232162666878320E-015
   13.6214442270059       3.977315649411769E-015
   13.6801487279843       3.023357729203337E-015
   13.7388532289628       2.298158923861338E-015
   13.7975577299413       1.746875661506936E-015
   13.8562622309198       1.327809282784971E-015
   13.9149667318982       1.009256414741910E-015
   13.9736712328767       7.671137630851521E-016
   14.0323757338552       5.830566895604144E-016
   14.0910802348337       4.431541719522054E-016
   14.1497847358121       3.368156337461175E-016
   14.2084892367906       2.559901511233645E-016
   14.2671937377691       1.945575783257884E-016
   14.3258982387476       1.478656105033725E-016
   14.3846027397260       1.123778156238006E-016
   14.4433072407045       8.540604305121430E-017
   14.5020117416830       6.490698687891570E-017
   14.5607162426614       4.932752702707539E-017
   14.6194207436399       3.748715566593003E-017
   14.6781252446184       2.848859850093475E-017
   14.7368297455969       2.164987118395474E-017
   14.7955342465753       1.645263134088375E-017
   14.8542387475538       1.250291869913017E-017
   14.9129432485323       9.501312554154133E-018
   14.9716477495108       7.220248061076005E-018
   15.0303522504892       5.486774365980066E-018
   15.0890567514677       4.169449309183611E-018
   15.1477612524462       3.168378447874487E-018
   15.2064657534247       2.407644114008833E-018
   15.2651702544031       1.829551133262222E-018
   15.3238747553816       1.390253359874328E-018
   15.3825792563601       1.056429730346475E-018
   15.4412837573386       8.027580135057241E-019
   15.4999882583170       6.099948474632481E-019
   15.5586927592955       4.635165763136252E-019
   15.6173972602740       3.522103060910607E-019
   15.6761017612524       2.676311323939770E-019
   15.7348062622309       2.033616596283374E-019
   15.7935107632094       1.545252608071026E-019
   15.8522152641879       1.174161779367059E-019
   15.9109197651663       8.921841851659632E-020
   15.9696242661448       6.779213425443792E-020
   16.0283287671233       5.151128356559193E-020
   16.0870332681018       3.914026729739894E-020
   16.1457377690802       2.974018195031034E-020
   16.2044422700587       2.259758034761392E-020
   16.2631467710372       1.717033640650644E-020
   16.3218512720157       1.304650772844266E-020
   16.3805557729941       9.913075464005541E-021
   16.4392602739726       7.532190034992745E-021
   16.4979647749511       5.723120602306929E-021
   16.5566692759296       4.348538812712963E-021
   16.6153737769080       3.304096142887980E-021
   16.6740782778865       2.510504015112461E-021
   16.7327827788650       1.907515731861949E-021
   16.7914872798434       1.449353565338655E-021
   16.8501917808219       1.101233985448125E-021
   16.9088962818004       8.367273320084826E-022
   16.9676007827789       6.357515539992674E-022
   17.0263052837573       4.830477532263762E-022
   17.0850097847358       3.670218317599211E-022
   17.1437142857143       2.788643255545349E-022
   17.2024187866928       2.118816185647652E-022
   17.2611232876712       1.609877741736735E-022
   17.3198277886497       1.223184110535635E-022
   17.3785322896282       9.293731363250299E-023
   17.4372367906067       7.061350602743944E-023
   17.4959412915851       5.365186674190054E-023
   17.5546457925636       4.076442548442764E-023
   17.6133502935421       3.097257156095103E-023
   17.6720547945205       2.353274979086626E-023
   17.7307592954990       1.788000287897459E-023
   17.7894637964775       1.358507396658239E-023
   17.8481682974560       1.032181251284968E-023
   17.9068727984344       7.842408857456914E-024
   17.9655772994129       5.958577159881758E-024
   18.0242818003914       4.527258013592228E-024
   18.0829863013699       3.439755175616034E-024
   18.1416908023483       2.613481581325140E-024
   18.2003953033268       1.985687923387171E-024
   18.2590998043053       1.508697601978833E-024
   18.3178043052838       1.146286227970991E-024
   18.3765088062622       8.709307649346873E-025
   18.4352133072407       6.617194271524124E-025
   18.4939178082192       5.027636224990143E-025
   18.5526223091977       3.819913502196048E-025
   18.6113268101761       2.902304285712791E-025
   18.6700313111546       2.205119351737617E-025
   18.7287358121331       1.675409647036823E-025
   18.7874403131115       1.272945139135608E-025
   18.8461448140900       9.671595755751385E-026
   18.9048493150685       7.348291365912178E-026
   18.9635538160470       5.583086960356042E-026
   19.0222583170254       4.241917494937707E-026
   19.0809628180039       3.222922416613329E-026
   19.1396673189824       2.448709701619295E-026
   19.1983718199609       1.860478163550798E-026
   19.2570763209393       1.413551656798411E-026
   19.3157808219178       1.073986023239299E-026
   19.3744853228963       8.159910971983775E-027
   19.4331898238748       6.199719819530540E-027
   19.4918943248532       4.710408409491731E-027
   19.5505988258317       3.578861798604104E-027
   19.6093033268102       2.719137452331300E-027
   19.6680078277886       2.065937934865017E-027
   19.7267123287671       1.569651570081721E-027
   19.7854168297456       1.192584422426084E-027
   19.8441213307241       9.060974235115515E-028
   19.9028258317025       6.884312134264757E-028
   19.9615303326810       5.230534959390765E-028
   20.0202348336595       3.974033906088818E-028
   20.0789393346380       3.019374160174187E-028
   20.1376438356164       2.294046467795541E-028
   20.1963483365949       1.742959924883875E-028
   20.2550528375734       1.324257711672573E-028
   20.3137573385519       1.006137975030096E-028
   20.3724618395303       7.644384021001034E-029
   20.4311663405088       5.808010311422611E-029
   20.4898708414873       4.412779146648357E-029
   20.5485753424658       3.352717329250058E-029
   20.6072798434442       2.547308956245438E-029
   20.6659843444227       1.935379982737324E-029
   20.7246888454012       1.470451852280710E-029
   20.7833933463796       1.117211291822633E-029
   20.8420978473581       8.488281436372923E-030
   20.9008023483366       6.449175166876141E-030
   20.9595068493151       4.899914772374625E-030
   21.0182113502935       3.722826801469819E-030
   21.0769158512720       2.828505920800346E-030
   21.1356203522505       2.149024214396305E-030
   21.1943248532290       1.632771774136890E-030
   21.2530293542074       1.240536706420624E-030
   21.3117338551859       9.425268175979022E-031
   21.3704383561644       7.161067642146096E-031
   21.4291428571429       5.440787960454443E-031
   21.4878473581213       4.133765076410929E-031
   21.5465518590998       3.140723835862408E-031
   21.6052563600783       2.386237564546739E-031
   21.6639608610568       1.812999047995922E-031
   21.7226653620352       1.377467768108273E-031
   21.7813698630137       1.046562784931696E-031
   21.8400743639922       7.951500732543076E-032
   21.8987788649706       6.041334657884544E-032
   21.9574833659491       4.590042012511281E-032
   22.0161878669276       3.487389086994998E-032
   22.0748923679061       2.649623247732746E-032
   22.1335968688845       2.013111481653167E-032
   22.1923013698630       1.529507129468584E-032
   22.2510058708415       1.162077696846077E-032
   22.3097103718200       8.829148222881334E-033
   22.3684148727984       6.708144845900999E-033
   22.4271193737769       5.096664407305043E-033
   22.4858238747554       3.872305636335804E-033
   22.5445283757339       2.942071362378058E-033
   22.6032328767123       2.235304857814710E-033
   22.6619373776908       1.698323060560616E-033
   22.7206418786693       1.290339040615277E-033
   22.7793463796478       9.803639998279148E-034
   22.8380508806262       7.448534948085378E-034
   22.8967553816047       5.659191006433825E-034
   22.9554598825832       4.299696813522143E-034
   23.0141643835616       3.266790639898323E-034
   23.0728688845401       2.482017054389899E-034
   23.1315733855186       1.885767773535549E-034
   23.1902778864971       1.432754061158220E-034
   23.2489823874755       1.088566780947446E-034
   23.3076868884540       8.270628182836903E-035
   23.3663913894325       6.283793549524429E-035
   23.4250958904110       4.774251693958102E-035
   23.4838003913894       3.627343679656186E-035
   23.5425048923679       2.755954813600351E-035
   23.6012093933464       2.093897760019349E-035
   23.6599138943249       1.590885212057381E-035
   23.7186183953033       1.208710265983664E-035
   23.7773228962818       9.183443746730445E-036
   23.8360273972603       6.977324526286299E-036
   23.8947318982387       5.301176575873517E-036
   23.9534363992172       4.027686058239732E-036
   24.0121409001957       3.060123454986176E-036
   24.0708454011742       2.324996365400395E-036
   24.1295499021526       1.766467306271313E-036
   24.1882544031311       1.342112510731292E-036
   24.2469589041096       1.019699581110605E-036
   24.3056634050881       7.747392389032550E-037
   24.3643679060665       5.886252123003233E-037
   24.4230724070450       4.472209743640547E-037
   24.4817769080235       3.397859859386548E-037
   24.5404814090020       2.581598848481855E-037
   24.5991859099804       1.961426555281204E-037
   24.6578904109589       1.490236991507003E-037
   24.7165949119374       1.132240342105236E-037
   24.7752994129159       8.602445049010595E-038
   24.8340039138943       6.535896801421222E-038
   24.8927084148728       4.965791291807984E-038
   24.9514129158513       3.772869086620882E-038
   25.0101174168297       2.866520202052434E-038
   25.0688219178082       2.177901706003658E-038
   25.1275264187867       1.654708664108718E-038
   25.1862309197652       1.257201250487575E-038
   25.2449354207436       9.551862574320484E-039
   25.3036399217221       7.257237307758965E-039
   25.3623444227006       5.513845355261191E-039
   25.4210489236791       4.189265029268742E-039
   25.4797534246575       3.182886040077287E-039
   25.5384579256360       2.418267507714028E-039
   25.5971624266145       1.837331793107628E-039
   25.6558669275930       1.395953133447889E-039
   25.7145714285714       1.060606010775328E-039
   25.7732759295499       8.058186762449753E-040
   25.8319804305284       6.122384091509688E-040
   25.8906849315069       4.651615549074140E-040
   25.9493894324853       3.534166890746905E-040
   26.0080939334638       2.685160766704620E-040
   26.0667984344423       2.040109747274377E-040
   26.1255029354207       1.550018092418963E-040
   26.1842074363992       1.177660213468603E-040
   26.2429119373777       8.947531526601729E-041
   26.3016164383562       6.798083123589518E-041
   26.3603209393346       5.164992591555782E-041
   26.4190254403131       3.924216271892701E-041
   26.4777299412916       2.981509274729343E-041
   26.5364344422701       2.265266978461671E-041
   26.5951389432485       1.721086201914715E-041
   26.6538434442270       1.307632935544117E-041
   26.7125479452055       9.935027595522775E-042
   26.7712524461840       7.548354776773200E-042
   26.8299569471624       5.735027828919994E-042
   26.8886614481409       4.357312966705573E-042
   26.9473659491194       3.310563928757905E-042
   27.0060704500978       2.515273425183021E-042
   27.0647749510763       1.911034050604592E-042
   27.1234794520548       1.451949955458575E-042
   27.1821839530333       1.103150762683912E-042
   27.2408884540117       8.381429395218952E-043
   27.2995929549902       6.367974441946543E-043
   27.3582974559687       4.838207963713390E-043
   27.4170019569472       3.675934394534091E-043
   27.4757064579256       2.792871608696219E-043
   27.5344109589041       2.121945328093743E-043
   27.5931154598826       1.612194401304574E-043
   27.6518199608611       1.224899977769097E-043
   27.7105244618395       9.306445630892334E-044
   27.7692289628180       7.070775718794381E-044
   27.8279334637965       5.372176576099076E-044
   27.8866379647750       4.081628705274827E-044
   27.9453424657534       3.101106718913377E-044
   28.0040469667319       2.356133683302448E-044
   28.0627514677104       1.790124117928572E-044
   28.1214559686888       1.360085965495007E-044
   28.1801604696673       1.033355069543936E-044
   28.2388649706458       7.851141223418958E-045
   28.2975694716243       5.965076312219578E-045
   28.3562739726027       4.532097229989415E-045
   28.4149784735812       3.443360020240714E-045
   28.4736829745597       2.616168105243881E-045
   28.5323874755382       1.987690950503855E-045
   28.5910919765166       1.510191682617491E-045
   28.6497964774951       1.147401167494033E-045
   28.7085009784736       8.717631369280845E-046
   28.7672054794521       6.623411132251656E-046
   28.8259099804305       5.032281493813926E-046
   28.8846144814090       3.823385943851805E-046
   28.9433189823875       2.904901104660493E-046
   29.0020234833659       2.207062156122072E-046
   29.0607279843444       1.676863749870177E-046
   29.1194324853229       1.274033912878582E-046
   29.1781369863014       9.679751326208217E-047
   29.2368414872798       7.354402795921255E-047
   29.2955459882583       5.587668385962720E-047
   29.3542504892368       4.245353273331832E-047
   29.4129549902153       3.225500005692182E-047
   29.4716594911937       2.450644178305611E-047
   29.5303639921722       1.861930515156606E-047
   29.5890684931507       1.414642432863720E-047
   29.6477729941292       1.074805529063132E-047
   29.7064774951076       8.166070084044317E-048
   29.7651819960861       6.204350349990485E-048
   29.8238864970646       4.713890875518449E-048
   29.8825909980431       3.581481690864409E-048
   29.9412954990215       2.721109045257411E-048
   30.0000000000000       2.067422110188119E-048
