           0  0.172457501254035     
           1  0.239560465536635     
           2  0.207901326431845     
           3  0.147201979795473     
           4  9.400794380173412E-002
           5  5.690786637873965E-002
           6  3.357946911336409E-002
           7  1.964355121142576E-002
           8  1.151483826031466E-002
           9  6.810462281294767E-003
          10  4.081838788215685E-003
          11  2.484986925653051E-003
          12  1.537408623335711E-003
          13  9.647125847865338E-004
          14  6.102460618399238E-004
          15  3.835254082210327E-004
          16  2.311551901425794E-004
          17  1.205964390588147E-004
          18  2.429958011419414E-014
