           0  3.464975614603080E-002
           1  0.101426940231221     
           2  0.159334459047123     
           3  0.179291876588937     
           4  0.162760157043397     
           5  0.127301232772820     
           6  8.947916048173150E-002
           7  5.822113006115139E-002
           8  3.585463569941885E-002
           9  2.126566126988112E-002
          10  1.232004256818790E-002
          11  7.053169793460642E-003
          12  4.027626092993120E-003
          13  2.309450490156085E-003
          14  1.333171097424595E-003
          15  7.706830063714598E-004
          16  4.357023568999736E-004
          17  2.223891089238158E-004
          18  6.824648325566931E-005
