  2.000000000000000E-003  1.679392693856273E-014
  6.070450097847359E-002  2.086912993781405E-013
  0.119409001956947       2.256662197629114E-012
  0.178113502935421       2.135352499861493E-011
  0.236818003913894       1.777613813803807E-010
  0.295522504892368       1.308552196917833E-009
  0.354227005870842       8.559567627297597E-009
  0.412931506849315       4.998555902313925E-008
  0.471636007827789       2.617581893833875E-007
  0.530340508806262       1.234408007807978E-006
  0.589045009784736       5.263448461228809E-006
  0.647749510763209       2.037032804069560E-005
  0.706454011741683       7.181545755887862E-005
  0.765158512720157       2.314303328626023E-004
  0.823863013698630       6.839256267254433E-004
  0.882567514677104       1.859087826826494E-003
  0.941272015655577       4.661432699888209E-003
  0.999976516634051       1.080933930685958E-002
   1.05868101761252       2.323646675860067E-002
   1.11738551859100       4.640372919665980E-002
   1.17609001956947       8.624693285570051E-002
   1.23479452054795       0.149414641820607     
   1.29349902152642       0.241532467128835     
   1.35220352250489       0.364536201155777     
   1.41090802348337       0.513617050991122     
   1.46961252446184       0.674840217935134     
   1.52831702544031       0.824747425585079     
   1.58702152641879       0.932975342950495     
   1.64572602739726       0.968054078905163     
   1.70443052837573       0.905332204106736     
   1.76313502935421       0.734891439134655     
   1.82183953033268       0.466883480525248     
   1.88054403131115       0.132231381121537     
   1.93924853228963      -0.222022552223605     
   1.99795303326810      -0.541753571095572     
   2.05665753424658      -0.776813262752991     
   2.11536203522505      -0.891158475475100     
   2.17406653620352      -0.869486720013281     
   2.23277103718200      -0.718969909815722     
   2.29147553816047      -0.466135840477369     
   2.35018003913894      -0.150199550906451     
   2.40888454011742       0.185159479493269     
   2.46758904109589       0.499547883826871     
   2.52629354207436       0.761615481407316     
   2.58499804305284       0.952076043272716     
   2.64370254403131        1.06402273484249     
   2.70240704500978        1.10113661510809     
   2.76111154598826        1.07466097479204     
   2.81981604696673        1.00001457781712     
   2.87852054794521       0.893727998504961     
   2.93722504892368       0.771114437901394     
   2.99592954990215       0.644819597654532     
   3.05463405088063       0.524190922659121     
   3.11333855185910       0.415285917817380     
   3.17204305283757       0.321296345407196     
   3.23074755381605       0.243178998367108     
   3.28945205479452       0.180329516714841     
   3.34815655577299       0.131191854222026     
   3.40686105675147       9.374778312353514E-002
   3.46556555772994       6.587061513342579E-002
   3.52427005870842       4.555311243001246E-002
   3.58297455968689       3.103290447454010E-002
   3.64167906066536       2.084279302609999E-002
   3.70038356164384       1.381155345334054E-002
   3.75908806262231       9.036132242740620E-003
   3.81779256360078       5.840573317348450E-003
   3.87649706457926       3.731831709275363E-003
   3.93520156555773       2.358448682582687E-003
   3.99390606653620       1.475019332846850E-003
   4.05261056751468       9.133796351869320E-004
   4.11131506849315       5.602607847288585E-004
   4.17001956947162       3.405696483145864E-004
   4.22872407045010       2.052482528280283E-004
   4.28742857142857       1.226823473104702E-004
   4.34613307240704       7.275720542484775E-005
   4.40483757338552       4.282675019594568E-005
   4.46354207436399       2.502911166260395E-005
   4.52224657534247       1.452799453242264E-005
   4.58095107632094       8.377755352242424E-006
   4.63965557729941       4.801057191991727E-006
   4.69836007827789       2.734970592206416E-006
   4.75706457925636       1.549132975451854E-006
   4.81576908023483       8.726765394380918E-007
   4.87447358121331       4.890459910060895E-007
   4.93317808219178       2.726944791027256E-007
   4.99188258317025       1.513307307095567E-007
   5.05058708414873       8.359718548533372E-008
   5.10929158512720       4.597856914220944E-008
   5.16799608610568       2.518257721051162E-008
   5.22670058708415       1.373737671216043E-008
   5.28540508806262       7.465189690070959E-009
   5.34410958904110       4.041871202335618E-009
   5.40281409001957       2.180703877870876E-009
   5.46151859099804       1.172596356093034E-009
   5.52022309197652       6.284925850893265E-010
   5.57892759295499       3.358234194147826E-010
   5.63763209393346       1.789113264542628E-010
   5.69633659491194       9.504627100298988E-011
   5.75504109589041       5.035640462610621E-011
   5.81374559686888       2.661009789467293E-011
   5.87245009784736       1.402677874744159E-011
   5.93115459882583       7.376233842026942E-012
   5.98985909980431       3.870082652021985E-012
   6.04856360078278       2.026078863704950E-012
   6.10726810176125       1.058480626961304E-012
   6.16597260273973       5.518717400693338E-013
   6.22467710371820       2.871829495958316E-013
   6.28338160469667       1.491692900193211E-013
   6.34208610567515       7.734531236026970E-014
   6.40079060665362       4.003635031270000E-014
   6.45949510763209       2.069052983861296E-014
   6.51819960861057       1.067615399197119E-014
   6.57690410958904       5.500628602146202E-015
   6.63560861056752       2.830030329352744E-015
   6.69431311154599       1.454042121219396E-015
   6.75301761252446       7.460961186639454E-016
   6.81172211350294       3.823562468547673E-016
   6.87042661448141       1.957131181357237E-016
   6.92913111545988       1.000626001009001E-016
   6.98783561643836       5.110278641829887E-017
   7.04654011741683       2.607103665835218E-017
   7.10524461839530       1.328715724784659E-017
   7.16394911937378       6.765255987328179E-018
   7.22265362035225       3.441377699239666E-018
   7.28135812133072       1.749013722067411E-018
   7.34006262230920       8.881431781067670E-019
   7.39876712328767       4.506268732010307E-019
   7.45747162426615       2.284600799125089E-019
   7.51617612524462       1.157382401861560E-019
   7.57488062622309       5.859092094888677E-020
   7.63358512720157       2.964037490637911E-020
   7.69228962818004       1.498474833925259E-020
   7.75099412915851       7.570761440706111E-021
   7.80969863013699       3.822658230645534E-021
   7.86840313111546       1.929026347055566E-021
   7.92710763209393       9.728998698556057E-022
   7.98581213307241       4.904169921649683E-022
   8.04451663405088       2.470813194783137E-022
   8.10322113502936       1.244229834205300E-022
   8.16192563600783       6.262626015204729E-023
   8.22063013698630       3.150765023812075E-023
   8.27933463796478       1.584482231826103E-023
   8.33803913894325       7.964863918226568E-024
   8.39674363992172       4.002178554513009E-024
   8.45544814090020       2.010244337845183E-024
   8.51415264187867       1.009351414737506E-024
   8.57285714285714       5.066215916765725E-025
   8.63156164383562       2.542020562860862E-025
   8.69026614481409       1.275071508203718E-025
   8.74897064579256       6.393754287649707E-026
   8.80767514677104       3.205153414093086E-026
   8.86637964774951       1.606269854238430E-026
   8.92508414872799       8.047669097945998E-027
   8.98378864970646       4.030960323417658E-027
   9.04249315068493       2.018545013527167E-027
   9.10119765166341       1.010565234950750E-027
   9.15990215264188       5.058136899301779E-028
   9.21860665362035       2.531169608644324E-028
   9.27731115459883       1.266369137118525E-028
   9.33601565557730       6.334489001630064E-029
   9.39472015655577       3.167952723438149E-029
   9.45342465753425       1.584036269357468E-029
   9.51212915851272       7.919070652063464E-030
   9.57083365949119       3.958304361776635E-030
   9.62953816046967       1.978213194606293E-030
   9.68824266144814       9.884822827006177E-031
   9.74694716242662       4.938549287653761E-031
   9.80565166340509       2.466989538249876E-031
   9.86435616438356       1.232183043650773E-031
   9.92306066536204       6.153548649414210E-032
   9.98176516634051       3.072705380978978E-032
   10.0404696673190       1.534134225905615E-032
   10.0991741682975       7.658701465740725E-033
   10.1578786692759       3.822947777734690E-033
   10.2165831702544       1.908073249922068E-033
   10.2752876712329       9.522414927468446E-034
   10.3339921722114       4.751780690847774E-034
   10.3926966731898       2.370962446804244E-034
   10.4514011741683       1.182915329680946E-034
   10.5101056751468       5.901262994965620E-035
   10.5688101761252       2.943744851301371E-035
   10.6275146771037       1.468320088928819E-035
   10.6862191780822       7.323322008567431E-036
   10.7449236790607       3.652277003846430E-036
   10.8036281800391       1.821330634521230E-036
   10.8623326810176       9.082065800195219E-037
   10.9210371819961       4.528480208804240E-037
   10.9797416829746       2.257841454578522E-037
   11.0384461839530       1.125663700843690E-037
   11.0971506849315       5.611761400114925E-038
   11.1558551859100       2.797474084273086E-038
   11.2145596868885       1.394473496886586E-038
   11.2732641878669       6.950766741462293E-039
   11.3319686888454       3.464450189541196E-039
   11.3906731898239       1.726696262693012E-039
   11.4493776908024       8.605545867877744E-040
   11.5080821917808       4.288669099409137E-040
   11.5667866927593       2.137219135166554E-040
   11.6254911937378       1.065022291573351E-040
   11.6841956947162       5.307037656039429E-041
   11.7429001956947       2.644418197823068E-041
   11.8016046966732       1.317629299851691E-041
   11.8603091976517       6.565111458958719E-042
   11.9190136986301       3.270975620574410E-042
   11.9777181996086       1.629669056636722E-042
   12.0364227005871       8.119120411156550E-043
   12.0951272015656       4.044888133895470E-043
   12.1538317025440       2.015081037196987E-043
   12.2125362035225       1.003846854414996E-043
   12.2712407045010       5.000711634635100E-044
   12.3299452054795       2.491070407673283E-044
   12.3886497064579       1.240881916480678E-044
   12.4473542074364       6.181097208788575E-045
   12.5060587084149       3.078872774843341E-045
   12.5647632093933       1.533590236431816E-045
   12.6234677103718       7.638686800064337E-046
   12.6821722113503       3.804697994389498E-046
   12.7408767123288       1.895021401386577E-046
   12.7995812133072       9.438452726936042E-047
   12.8582857142857       4.700894959983110E-047
   12.9169902152642       2.341281496720590E-047
   12.9756947162427       1.166058496450589E-047
   13.0343992172211       5.807389110401537E-048
   13.0931037181996       2.892248805619117E-048
   13.1518082191781       1.440405443649951E-048
   13.2105127201566       7.173456504652368E-049
   13.2692172211350       3.572457077147444E-049
   13.3279217221135       1.779101058757632E-049
   13.3866262230920       8.859913263666741E-050
   13.4453307240705       4.412185594569191E-050
   13.5040352250489       2.197220856041384E-050
   13.5627397260274       1.094181762546422E-050
   13.6214442270059       5.448804460582494E-051
   13.6801487279843       2.713370703139525E-051
   13.7388532289628       1.351180462812875E-051
   13.7975577299413       6.728434851446714E-052
   13.8562622309198       3.350513419420136E-052
   13.9149667318982       1.668420153267173E-052
   13.9736712328767       8.307997981091957E-053
   14.0323757338552       4.136988902872842E-053
   14.0910802348337       2.060010677379465E-053
   14.1497847358121       1.025774378052624E-053
   14.2084892367906       5.107773094671296E-054
   14.2671937377691       2.543365802076745E-054
   14.3258982387476       1.266437160396509E-054
   14.3846027397260       6.306031698295604E-055
   14.4433072407045       3.139976774382062E-055
   14.5020117416830       1.563488156737444E-055
   14.5607162426614       7.785037661315101E-056
   14.6194207436399       3.876366985908548E-056
   14.6781252446184       1.930132757534352E-056
   14.7368297455969       9.610537584041196E-057
   14.7955342465753       4.785270146215216E-057
   14.8542387475538       2.382668313966154E-057
   14.9129432485323       1.186367215782592E-057
   14.9716477495108       5.907084292904517E-058
   15.0303522504892       2.941208051623737E-058
   15.0890567514677       1.464458034230350E-058
   15.1477612524462       7.291666217285956E-059
   15.2064657534247       3.630574468119565E-059
   15.2651702544031       1.807684735828072E-059
   15.3238747553816       9.000546003545577E-060
   15.3825792563601       4.481401894104169E-060
   15.4412837573386       2.231299404990166E-060
   15.4999882583170       1.110966003812971E-060
   15.5586927592955       5.531497186883498E-061
   15.6173972602740       2.754125142072820E-061
   15.6761017612524       1.371272387320009E-061
   15.7348062622309       6.827518990437279E-062
   15.7935107632094       3.399392122754807E-062
   15.8522152641879       1.692539474621889E-062
   15.9109197651663       8.427050144300971E-063
   15.9696242661448       4.195769395821070E-063
   16.0283287671233       2.089040862916499E-063
   16.0870332681018       1.040115528492304E-063
   16.1457377690802       5.178638245415688E-064
   16.2044422700587       2.578391996318604E-064
   16.2631467710372       1.283753723220164E-064
   16.3218512720157       6.391663672553062E-065
   16.3805557729941       3.182332564996944E-065
   16.4392602739726       1.584443234806414E-065
   16.4979647749511       7.888733791204864E-066
   16.5566692759296       3.927692079212196E-066
   16.6153737769080       1.955541787426865E-066
   16.6740782778865       9.736353274627729E-067
   16.7327827788650       4.847581502921307E-067
   16.7914872798434       2.413534476076090E-067
   16.8501917808219       1.201659715356646E-067
   16.9088962818004       5.982863871696338E-068
   16.9676007827789       2.978765948285720E-068
   17.0263052837573       1.483075615509417E-068
   17.0850097847358       7.383969210362351E-069
   17.1437142857143       3.676344003527259E-069
   17.2024187866928       1.830383548457271E-069
   17.2611232876712       9.113134357292640E-070
   17.3198277886497       4.537254742349482E-070
   17.3785322896282       2.259010685753887E-070
   17.4372367906067       1.124716717385097E-070
   17.4959412915851       5.599738792948619E-071
   17.5546457925636       2.787996036673137E-071
   17.6133502935421       1.388085790721431E-071
   17.6720547945205       6.910989738203951E-072
   17.7307592954990       3.440836049962545E-072
   17.7894637964775       1.713118921708654E-072
   17.8481682974560       8.529250176236680E-073
   17.9068727984344       4.246528186755046E-073
   17.9655772994129       2.114253184818163E-073
   18.0242818003914       1.052639850779751E-073
   18.0829863013699       5.240858813323680E-074
   18.1416908023483       2.609305670626284E-074
   18.2003953033268       1.299114133863342E-074
   18.2590998043053       6.467992613433253E-075
   18.3178043052838       3.220264812005360E-075
   18.3765088062622       1.603295328239758E-075
   18.4352133072407       7.982434111544645E-076
   18.4939178082192       3.974266974416401E-076
   18.5526223091977       1.978693914424051E-076
   18.6113268101761       9.851448424834491E-077
   18.6700313111546       4.904801684014237E-077
   18.7287358121331       2.441983443126609E-077
   18.7874403131115       1.215804875788572E-077
   18.8461448140900       6.053199021853944E-078
   18.9048493150685       3.013741069297516E-078
   18.9635538160470       1.500468332486019E-078
   19.0222583170254       7.470465244442844E-079
   19.0809628180039       3.719361458802683E-079
   19.1396673189824       1.851778544789883E-079
   19.1983718199609       9.219548156767340E-080
   19.2570763209393       4.590184657430631E-080
   19.3157808219178       2.285338891703973E-080
   19.3744853228963       1.137813285070395E-080
   19.4331898238748       5.664888014710931E-081
   19.4918943248532       2.820405800881257E-081
   19.5505988258317       1.404209197700324E-081
   19.6093033268102       6.991203982589757E-082
   19.6680078277886       3.480743994905231E-082
   19.7267123287671       1.732974378909328E-082
   19.7854168297456       8.628040082205618E-083
   19.8441213307241       4.295681966368430E-083
   19.9028258317025       2.138710707280073E-083
   19.9615303326810       1.064809519363826E-083
   20.0202348336595       5.301414558957203E-084
   20.0789393346380       2.639438635112108E-084
   20.1376438356164       1.314108836688072E-084
   20.1963483365949       6.542610506554745E-085
   20.2550528375734       3.257397539385176E-085
   20.3137573385519       1.621774355640011E-085
   20.3724618395303       8.074396326588695E-086
   20.4311663405088       4.020033449485188E-086
   20.4898708414873       2.001470725474731E-086
   20.5485753424658       9.964804678996962E-087
   20.6072798434442       4.961218020004875E-087
   20.6659843444227       2.470061743388041E-087
   20.7246888454012       1.229779593066339E-087
   20.7833933463796       6.122752887298224E-088
   20.8420978473581       3.048359333624020E-088
   20.9008023483366       1.517698712315375E-088
   20.9595068493151       7.556226223312814E-089
   21.0182113502935       3.762047876239271E-089
   21.0769158512720       1.873025395972412E-089
   21.1356203522505       9.325303942492368E-090
   21.1943248532290       4.642824938063989E-090
   21.2530293542074       2.311541020128975E-090
   21.3117338551859       1.150855732193233E-090
   21.3704383561644       5.729809069547658E-091
   21.4291428571429       2.852721671238724E-091
   21.4878473581213       1.420295261888452E-091
   21.5465518590998       7.071277192475218E-092
   21.6052563600783       3.520603145235148E-092
   21.6639608610568       1.752815767122858E-092
   21.7226653620352       8.726808741755621E-093
   21.7813698630137       4.344848458682998E-093
   21.8400743639922       2.163185675146396E-093
   21.8987788649706       1.076993178982018E-093
   21.9574833659491       5.362065283709656E-094
   22.0161878669276       2.669630972470963E-094
   22.0748923679061       1.329138867686756E-094
   22.1335968688845       6.617431818415941E-095
   22.1923013698630       3.294644682488242E-095
   22.2510058708415       1.640316618454286E-095
   22.3097103718200       8.166703303119536E-096
   22.3684148727984       4.065985856517979E-096
   22.4271193737769       2.024346924656313E-096
   22.4858238747554       1.007868829853309E-096
   22.5445283757339       5.017912446825637E-097
   22.6032328767123       2.498285909542098E-097
   22.6619373776908       1.243830470568807E-097
   22.7206418786693       6.192702817626628E-098
   22.7793463796478       3.083182846083761E-098
   22.8380508806262       1.535035125567811E-098
   22.8967553816047       7.642533469475092E-099
   22.9554598825832       3.805015025985671E-099
   23.0141643835616       1.894416197369919E-099
   23.0728688845401       9.431796373064672E-100
   23.1315733855186       4.695841498522017E-100
   23.1902778864971       2.337935033773693E-100
   23.2489823874755       1.163995883298742E-100
   23.3076868884540       5.795226920606150E-101
   23.3663913894325       2.885289824917541E-101
   23.4250958904110       1.436509289757700E-101
   23.4838003913894       7.151998756035647E-102
   23.5425048923679       3.560790466027809E-102
   23.6012093933464       1.772823106773361E-102
   23.6599138943249       8.826415867015600E-103
   23.7186183953033       4.394438241433436E-103
   23.7773228962818       2.187874175633457E-103
   23.8360273972603       1.089284481236273E-103
   23.8947318982387       5.423258282225779E-104
   23.9534363992172       2.700096324037566E-104
   24.0121409001957       1.344306271574835E-104
   24.0708454011742       6.692943976472700E-105
   24.1295499021526       3.332239074184064E-105
   24.1882544031311       1.659033339541361E-105
   24.2469589041096       8.259886365735307E-106
   24.3056634050881       4.112378025296618E-106
   24.3643679060665       2.047443778990570E-106
   24.4230724070450       1.019367866018989E-106
   24.4817769080235       5.075161785057146E-107
   24.5404814090020       2.526788209788071E-107
   24.5991859099804       1.258020710623472E-107
   24.6578904109589       6.263350830341301E-108
   24.7165949119374       3.118355935622668E-108
   24.7752994129159       1.552546548236394E-108
   24.8340039138943       7.729716643212441E-109
   24.8927084148728       3.848420473279854E-109
   24.9514129158513       1.916026263782736E-109
   25.0101174168297       9.539385469150357E-110
   25.0688219178082       4.749406447499915E-110
   25.1275264187867       2.364603215160550E-110
   25.1862309197652       1.177273079166328E-110
   25.2449354207436       5.861329677117773E-111
   25.3036399217221       2.918200213810059E-111
   25.3623444227006       1.452894298775597E-111
   25.4210489236791       7.233574411530468E-112
   25.4797534246575       3.601404363459536E-112
   25.5384579256360       1.793043470458334E-112
   25.5971624266145       8.927086650509097E-113
   25.6558669275930       4.444559055694268E-113
   25.7145714285714       2.212827761481600E-113
   25.7732759295499       1.101708096002103E-113
   25.8319804305284       5.485111621527096E-114
   25.8906849315069       2.730891201519505E-114
   25.9493894324853       1.359638100281176E-114
   26.0080939334638       6.769276492681954E-115
   26.0667984344423       3.370242726400360E-115
   26.1255029354207       1.677954214787271E-115
   26.1842074363992       8.354087739148158E-116
   26.2429119373777       4.159278081935334E-116
   26.3016164383562       2.070793925768044E-116
   26.3603209393346       1.030993214305816E-116
   26.4190254403131       5.133040973998208E-117
   26.4777299412916       2.555604561885370E-117
   26.5364344422701       1.272367531117730E-117
   26.5951389432485       6.334779476748647E-118
   26.6538434442270       3.153918188452420E-118
   26.7125479452055       1.570251966711613E-118
   26.7712524461840       7.817866824290385E-119
   26.8299569471624       3.892307918488831E-119
   26.8886614481409       1.937876566959389E-119
   26.9473659491194       9.648171894550566E-120
   27.0060704500978       4.803568113565939E-120
   27.0647749510763       2.391568771839137E-120
   27.1234794520548       1.190698466649644E-120
   27.1821839530333       5.928170891106017E-121
   27.2408884540117       2.951478571662654E-121
   27.2995929549902       1.469462658002219E-121
   27.3582974559687       7.316063626500170E-122
   27.4170019569472       3.642473435546832E-122
   27.4757064579256       1.813490614667282E-122
   27.5344109589041       9.028887283121635E-123
   27.5931154598826       4.495242758898843E-123
   27.6518199608611       2.238061769977009E-123
   27.7105244618395       1.114271409369381E-123
   27.7692289628180       5.547660882116946E-124
   27.8279334637965       2.762032750183340E-124
   27.8866379647750       1.375142618259055E-124
   27.9453424657534       6.846469216729960E-125
   28.0040469667319       3.408674860300348E-125
   28.0627514677104       1.697088518499351E-125
   28.1214559686888       8.449352187822700E-126
   28.1801604696673       4.206707640596001E-126
   28.2388649706458       2.094407804963551E-126
   28.2975694716243       1.042749919228543E-126
   28.3562739726027       5.191574397433530E-127
   28.4149784735812       2.584746756743004E-127
   28.4736829745597       1.286876635803752E-127
   28.5323874755382       6.407016359049930E-128
   28.5910919765166       3.189882967421438E-128
   28.6497964774951       1.588157852850864E-128
   28.7085009784736       7.907015369798222E-129
   28.7672054794521       3.936692560843248E-129
   28.8259099804305       1.959974477256633E-129
   28.8846144814090       9.758191404401118E-130
   28.9433189823875       4.858343849660325E-130
   29.0020234833659       2.418840129279298E-130
   29.0607279843444       1.204276138383697E-130
   29.1194324853229       5.995770451028918E-131
   29.1781369863014       2.985134567653692E-131
   29.2368414872798       1.486219070377391E-131
   29.2955459882583       7.399489285448336E-132
   29.3542504892368       3.684008822836600E-132
   29.4129549902153       1.834169965214090E-132
   29.4716594911937       9.131844202152977E-133
   29.5303639921722       4.546502238384531E-133
   29.5890684931507       2.263582486089947E-133
   29.6477729941292       1.126977487795903E-133
   29.7064774951076       5.610921032009929E-134
   29.7651819960861       2.793528279471304E-134
   29.8238864970646       1.390823396563013E-134
   29.8825909980431       6.924539602822301E-135
   29.9412954990215       3.447544010695831E-135
   30.0000000000000       1.716440425874822E-135
