  2.000000000000000E-003 -1.650149896648290E-002 -2.089595309171225E-002
  6.070450097847359E-002 -2.367589278590662E-002  3.881819537130755E-003
  0.119409001956947      -2.726964013503863E-003  2.092603774355069E-002
  0.178113502935421       8.305786302019336E-003  6.249484818062689E-003
  0.236818003913894      -1.285361640976711E-002 -1.192290847090761E-002
  0.295522504892368      -3.543675352578016E-004 -6.410378238181145E-003
  0.354227005870842      -3.460215252176341E-004  3.074230191964305E-003
  0.412931506849315       2.097141875137596E-003  8.368284063478058E-003
  0.471636007827789       2.393329466640398E-004 -1.958380599579324E-003
  0.530340508806262       2.049494782060194E-002 -3.797977923114653E-002
  0.589045009784736       3.794184593119996E-002  8.442273641730471E-003
  0.647749510763209       3.654869926531387E-002  2.786583634687973E-002
  0.706454011741683       3.178113891862776E-002  5.479090060518450E-002
  0.765158512720157       2.189573479515182E-002  6.005538582524967E-002
  0.823863013698630       9.016336319536418E-003  6.418028821735154E-002
  0.882567514677104       6.572474798933877E-003  3.646755156874432E-002
  0.941272015655577      -1.283112095964023E-002  1.101227337191201E-002
  0.999976516634051      -1.186548587421693E-002 -1.854326570790157E-002
   1.05868101761252       2.948933968228111E-002 -2.817993080066631E-002
   1.11738551859100       2.894767186547368E-002 -4.248675019892592E-002
   1.17609001956947       4.316299335184343E-002 -6.313313325874155E-002
   1.23479452054795       7.670072125768326E-002 -9.708247063149776E-002
   1.29349902152642       0.178779941431570      -0.182544785295184     
   1.35220352250489       0.312135934616660      -0.288947899114320     
   1.41090802348337       0.416150366424786      -0.334677667770804     
   1.46961252446184       0.490590461167274      -0.342917455280710     
   1.52831702544031       0.591148528641732      -0.257027524689383     
   1.58702152641879       0.689091019387245      -0.162609461630772     
   1.64572602739726       0.723243384902870      -0.133371062807398     
   1.70443052837573       0.631865394480149      -4.580432187590153E-002
   1.76313502935421       0.455421436095063       6.203746026464817E-002
   1.82183953033268       0.258681701875022       0.172522157083791     
   1.88054403131115      -1.132748337198005E-002  0.291293387280392     
   1.93924853228963      -0.266464280084091       0.339712497084933     
   1.99795303326810      -0.540396747897786       0.328255163985454     
   2.05665753424658      -0.760477086462586       0.225311085843361     
   2.11536203522505      -0.835450399836020       7.066811124681827E-002
   2.17406653620352      -0.722823349642841      -0.172057861501856     
   2.23277103718200      -0.490941276474189      -0.403211381205987     
   2.29147553816047      -0.269986017052096      -0.544206825442686     
   2.35018003913894      -3.300155037213788E-002 -0.584728492844307     
   2.40888454011742       0.164624545337040      -0.541564200307240     
   2.46758904109589       0.348964114663774      -0.460544365226926     
   2.52629354207436       0.512938328745821      -0.371922929337768     
   2.58499804305284       0.581003316982652      -0.284345921890464     
   2.64370254403131       0.613897360041879      -0.151100814798827     
   2.70240704500978       0.584165924794468      -2.652082268121044E-002
   2.76111154598826       0.503644400705267       5.309709677315091E-002
   2.81981604696673       0.417377074564982       0.152442455102896     
   2.87852054794521       0.271020190360692       0.167752167542874     
   2.93722504892368       0.148545221116206       0.144699012354358     
   2.99592954990215       0.128486250740879       0.111721315094135     
   3.05463405088063       0.166664551459250       0.144094725664064     
   3.11333855185910       0.145508480066322       0.230673718835798     
   3.17204305283757       0.114080208234692       0.178038981736638     
   3.23074755381605       0.170478047533775       0.129308554795995     
   3.28945205479452       0.177520960402160       0.101758625178709     
   3.34815655577299       0.132154096030035       6.007413339443753E-002
   3.40686105675147       0.102030216060877       1.868429953213855E-002
   3.46556555772994       6.112381523180274E-002 -3.375661469218902E-002
   3.52427005870842       3.194078874606097E-002 -0.100570753532043     
   3.58297455968689       3.845395177126387E-002 -9.419898100714477E-002
   3.64167906066536       8.530637719050053E-003 -4.439301300114949E-002
   3.70038356164384      -3.523033769764930E-003 -8.385268331146847E-003
   3.75908806262231      -1.280153382573328E-002  2.708572212499057E-002
   3.81779256360078      -4.245339110603125E-002  3.840512278610207E-002
   3.87649706457926      -0.106607683017618       5.915298094135654E-002
   3.93520156555773      -0.150980026159718      -3.105924377674561E-002
   3.99390606653620      -8.460874632940617E-002 -0.133808381204426     
   4.05261056751468       7.486468546365441E-002 -0.146850866897020     
   4.11131506849315       7.607902031345246E-002 -0.131611479716225     
   4.17001956947162       6.031690548086224E-002 -9.558351846816963E-002
   4.22872407045010      -2.453031011663283E-002 -7.235964644873087E-002
   4.28742857142857      -5.879390845300346E-002 -7.463492145159273E-002
   4.34613307240704      -6.885988936335735E-002 -6.148768750395270E-002
   4.40483757338552       1.177803259846981E-002 -8.859961181323799E-002
   4.46354207436399       6.329159929651473E-002 -2.585521875779423E-002
   4.52224657534247       8.128980351443935E-002  5.162283236781771E-002
   4.58095107632094       8.145786157825605E-002  6.705150406266348E-002
   4.63965557729941       3.950898784492779E-002  6.127333499294560E-002
   4.69836007827789      -6.631907236369925E-003  1.839355781142337E-002
   4.75706457925636       1.950843898323806E-002 -3.718849164992515E-002
   4.81576908023483       6.081778285326048E-002 -3.704120529637440E-002
   4.87447358121331       5.661733168032905E-002 -4.169232539872384E-002
   4.93317808219178       6.555926047886258E-002  2.877692111673486E-002
   4.99188258317025      -4.677555744170274E-002  0.100725576123984     
   5.05058708414873      -0.144758490508848       9.427331528863220E-002
   5.10929158512720      -0.144281869310322       4.019853861167881E-002
   5.16799608610568      -6.040546861268932E-002  2.047785938302665E-002
   5.22670058708415      -7.406765449569923E-002  1.458489484564284E-002
   5.28540508806262      -0.102429327633090      -1.176107668504459E-002
   5.34410958904110      -8.278100291001547E-002 -3.511346889421054E-003
   5.40281409001957      -3.966461612878272E-002  4.040463869661083E-002
   5.46151859099804      -5.127592291666225E-002  4.004367332665277E-002
   5.52022309197652      -8.979639771265969E-003 -3.372134005060350E-002
   5.57892759295499      -2.043087967758324E-003 -3.903905894360343E-002
   5.63763209393346      -9.198972275058646E-002  1.386649010392121E-002
   5.69633659491194      -7.535502965991518E-002 -8.912107180611417E-003
   5.75504109589041      -1.469596091900446E-003  4.216606638722303E-002
   5.81374559686888       3.399305066884530E-002  2.287217232177894E-002
   5.87245009784736       8.694178396578045E-002  1.414335127771742E-002
   5.93115459882583       3.666895689030438E-002 -8.549116917345632E-003
   5.98985909980431       1.833988829870013E-002 -2.870375273942984E-002
   6.04856360078278       6.577885656381592E-002  2.002639228842729E-002
   6.10726810176125       7.620571895042058E-002  0.102376417772946     
   6.16597260273973       7.587418274623567E-002  0.174472674471694     
   6.22467710371820       3.209997581804308E-002  0.148198834938537     
   6.28338160469667       2.406355896618824E-002  0.128530758000138     
   6.34208610567515      -5.143952915651352E-002  7.321603920738488E-002
   6.40079060665362      -8.145821121323860E-002 -6.663844029635257E-002
   6.45949510763209      -1.577040489250934E-002 -9.874835940464996E-002
   6.51819960861057      -3.113786347409635E-002 -3.083624163086507E-002
   6.57690410958904      -3.611167310293481E-002 -2.623550817670233E-002
   6.63560861056752      -5.558669497770785E-004  6.890775142717939E-003
   6.69431311154599      -1.171052653924946E-002 -2.473537089263577E-002
   6.75301761252446       1.842278284975160E-002 -4.772519626990528E-002
   6.81172211350294      -4.742870609960037E-004 -4.009086461319752E-002
   6.87042661448141       2.631881426200212E-002 -3.755816089239718E-002
   6.92913111545988       1.564438134220626E-002  5.841217319731537E-003
   6.98783561643836       5.113061060534137E-002  4.126717726863665E-003
   7.04654011741683       6.654235746181525E-002  3.374653707487278E-002
   7.10524461839530       1.405318211685033E-002  2.811309785141974E-002
   7.16394911937378       3.500474965070385E-002  3.867680900316504E-002
   7.22265362035225      -2.589941058947797E-002  6.577600829180205E-002
   7.28135812133072      -2.973189201809424E-002  4.208687186428152E-002
   7.34006262230920       8.259480364908593E-003  2.599848955799201E-002
   7.39876712328767       1.098254764441258E-002  4.845537598860559E-002
   7.45747162426615      -1.607322554495304E-002  1.223456932832203E-002
   7.51617612524462      -5.040605543593195E-002  9.184146264585302E-003
   7.57488062622309      -6.894911948352173E-002 -1.389980548741604E-002
   7.63358512720157      -2.923480185559161E-002 -3.367459437557473E-003
   7.69228962818004      -7.493029188092838E-003  8.817411728286756E-002
   7.75099412915851       4.229979638268926E-003  9.944515704055897E-002
   7.80969863013699       3.024764877973760E-002  0.125751878307084     
   7.86840313111546       4.837642935240167E-002  8.652286480153934E-002
   7.92710763209393       7.934900882053716E-002  2.885771069821276E-003
   7.98581213307241       4.638142483485349E-002 -5.945483555362913E-002
   8.04451663405088       3.280144245447109E-002 -6.770560322009397E-002
   8.10322113502936      -1.990029532314155E-002 -2.864358469110987E-002
   8.16192563600783      -3.936611103755903E-002 -3.200833818517146E-002
   8.22063013698630       2.696246071751075E-002  5.525380962759285E-003
   8.27933463796478       4.993950394142400E-002  2.257781603826767E-002
   8.33803913894325       0.112956617413479       3.350253609239801E-002
   8.39674363992172       0.122276409691644       1.843622853186136E-002
   8.45544814090020       7.461358614683007E-002  7.322728865428951E-003
   8.51415264187867       5.859602712215591E-002  1.309192243303811E-002
   8.57285714285714       1.510533017748361E-002  1.730149377235018E-002
   8.63156164383562      -6.952357199661467E-003  5.522859981669119E-003
   8.69026614481409       3.170426655204768E-002  3.046488462013155E-002
   8.74897064579256       3.268663682749853E-002  6.269398705308783E-002
   8.80767514677104       4.937864783169971E-002  3.932626277415624E-002
   8.86637964774951       7.383091845309589E-002  4.694270426407973E-002
   8.92508414872799       3.959550479569237E-002  8.103815857634609E-003
   8.98378864970646       1.029299386183059E-002  1.705912822342473E-002
   9.04249315068493      -5.227090350270529E-002 -2.635171437829081E-003
   9.10119765166341      -5.995030096944250E-002 -1.520071619139274E-002
   9.15990215264188      -6.143343813579762E-002  7.976543236570578E-003
   9.21860665362035      -2.850478109115009E-002  1.373735772025319E-002
   9.27731115459883       2.280997850236999E-002  7.649409080727532E-002
   9.33601565557730      -8.676783765050610E-003  0.105043992206786     
   9.39472015655577      -5.866678796202818E-002  2.787416511605129E-002
   9.45342465753425      -3.719750404043284E-002  8.150206372239475E-003
   9.51212915851272      -7.858458035152548E-002 -1.624445833346391E-002
   9.57083365949119      -6.771850566764641E-002 -4.342668577228067E-002
   9.62953816046967      -8.470987616117258E-002 -4.150016882159699E-002
   9.68824266144814      -7.321676395598924E-002 -3.243800662091104E-002
   9.74694716242662      -7.580845184989796E-002 -3.548362107126658E-002
   9.80565166340509      -2.328079838034255E-002 -2.618164123580859E-002
   9.86435616438356       3.671862511872021E-002  2.674508058717816E-002
   9.92306066536204       7.625823244669420E-002  2.137367042950213E-002
   9.98176516634051       9.337443656878276E-002  2.812042997988426E-003
   10.0404696673190       8.377282917990143E-002 -3.269689663659746E-002
   10.0991741682975       5.169945857447449E-002 -5.985924140692218E-002
   10.1578786692759      -9.443406680331402E-004 -6.889755461257526E-003
   10.2165831702544      -4.777929326510331E-002  2.515191017253928E-002
   10.2752876712329      -9.004235720232878E-002  2.452888369098888E-002
   10.3339921722114      -3.865069655709584E-002 -7.691558720454860E-003
   10.3926966731898       5.895522274323031E-002 -6.955141458098887E-003
   10.4514011741683       0.101619338357114       1.213531411934222E-002
   10.5101056751468       0.143414717907439       8.032950811914737E-003
   10.5688101761252       0.113098638561843       2.211990787612318E-002
   10.6275146771037       5.884486691962659E-002 -2.015737729823139E-002
   10.6862191780822       2.154578950419579E-002 -4.279469902156764E-002
   10.7449236790607      -6.382023723550199E-003 -2.916245892401222E-002
   10.8036281800391      -2.619371839170290E-002 -2.943358222124505E-002
   10.8623326810176      -5.204486409949934E-002 -2.396709375085300E-003
   10.9210371819961      -7.382221323037992E-002 -8.551666614987097E-003
   10.9797416829746      -3.834419908593479E-002  1.445728363336170E-002
   11.0384461839530      -4.813260736658925E-002  3.446730880430111E-002
   11.0971506849315      -6.654187431279714E-002 -1.131624671926429E-002
   11.1558551859100      -3.513571610672425E-002 -3.536883507108275E-002
   11.2145596868885       3.292533375810411E-004 -5.331535125974120E-002
   11.2732641878669       7.521346368290673E-002 -3.685987680179194E-002
   11.3319686888454       0.100833454035949       2.747268017850019E-002
   11.3906731898239       6.667604415745701E-002  0.101767357159081     
   11.4493776908024       3.506014837985345E-002  0.108071553838157     
   11.5080821917808       1.467292668298835E-002  8.280175823327733E-002
   11.5667866927593       1.068465162272716E-003  5.139626441157380E-002
   11.6254911937378       5.320001149561201E-003  2.023285088760908E-003
   11.6841956947162       7.478663342730025E-003  2.356883431533133E-003
   11.7429001956947      -2.206729050051169E-002  1.499604564110763E-002
   11.8016046966732      -7.609233890271280E-002  5.141448143588884E-002
   11.8603091976517      -9.507856491713512E-002  9.906560386796009E-002
   11.9190136986301      -8.131711953541700E-002  9.337332971409511E-002
   11.9777181996086       2.816405812001068E-003  8.274118139639937E-002
   12.0364227005871       5.254557789634086E-002  0.108331876947741     
   12.0951272015656       5.595237763562444E-002  0.117915594471538     
   12.1538317025440       6.565024561109445E-003  0.122468932851239     
   12.2125362035225      -9.436655789567705E-003  3.054876255731916E-002
   12.2712407045010       1.673218942383651E-002  2.444257190977997E-002
   12.3299452054795       4.235793748558571E-002  4.009313301006032E-002
   12.3886497064579       1.646042509580354E-002  5.460011510666002E-002
   12.4473542074364      -4.163265857005041E-002  2.612764227628096E-002
   12.5060587084149      -5.804901670609550E-002 -2.879591163176165E-002
   12.5647632093933      -4.232101809598265E-002 -5.313488260037455E-002
   12.6234677103718      -6.910070607126244E-002 -1.921648301450397E-002
   12.6821722113503      -9.021130527433144E-002 -1.613072723809217E-002
   12.7408767123288      -8.838768929766562E-002 -2.280104354717540E-002
   12.7995812133072      -3.459763304739946E-002  2.397643871779256E-002
   12.8582857142857       1.337335221493813E-002  3.515190970523576E-002
   12.9169902152642       2.575660851634357E-002  5.211759812792824E-002
   12.9756947162427       2.455094996705216E-002  1.149517970868392E-002
   13.0343992172211       4.366646497115170E-002 -9.948810800169873E-002
   13.0931037181996       8.526777422331983E-002 -0.114643554125242     
   13.1518082191781       2.454207740769000E-002 -9.459608537631677E-002
   13.2105127201566      -3.415448824438744E-003 -2.725531305286010E-002
   13.2692172211350      -2.897042469601439E-002  2.667433703302982E-002
   13.3279217221135       1.752846650066299E-002  5.681195793106217E-002
   13.3866262230920       2.942618049400229E-002  5.390721391731733E-002
   13.4453307240705      -7.407449524663426E-003  9.287914588945995E-002
   13.5040352250489      -3.543781893180351E-002  5.234517647279570E-002
   13.5627397260274      -6.061787571281974E-002  1.735989138806241E-002
   13.6214442270059      -2.007584396978133E-002  2.141035592574141E-002
   13.6801487279843       1.725538838206628E-003  5.439821680153429E-002
   13.7388532289628      -2.734327971107487E-002  5.961997358374226E-002
   13.7975577299413      -3.478264772630169E-002  4.397844537671891E-003
   13.8562622309198      -1.387879708828534E-002 -4.516776745424728E-002
   13.9149667318982       4.141545541942381E-003 -4.801018912604973E-002
   13.9736712328767       1.123598603456575E-002 -4.482270027545911E-002
   14.0323757338552      -6.280791835154055E-002 -4.274028662860542E-002
   14.0910802348337      -6.402200604554564E-002 -4.410350802647926E-002
   14.1497847358121      -4.389179752930020E-002 -5.709205203557226E-002
   14.2084892367906       6.887633654326653E-003 -2.085445609828335E-002
   14.2671937377691      -1.067276771718104E-002  3.600739601674448E-002
   14.3258982387476      -5.501819928300254E-002  4.137093478759142E-002
   14.3846027397260      -9.552418492392953E-002 -1.817615729637952E-002
   14.4433072407045      -9.196074937645543E-002 -3.474824680071133E-002
   14.5020117416830      -7.025628263225088E-002  3.348436726054805E-004
   14.5607162426614      -6.018327101967032E-002  6.217005732636198E-002
   14.6194207436399      -3.171287141764294E-002  6.755619378270766E-002
   14.6781252446184      -5.742136218596861E-002  3.030572194761513E-002
   14.7368297455969      -9.386093608319593E-002  6.576708908237541E-003
   14.7955342465753      -5.482660229894269E-002  4.181075408848656E-002
   14.8542387475538      -4.816313883119300E-002  3.752669253297246E-002
   14.9129432485323      -1.280583873081616E-002  4.614867550771734E-002
   14.9716477495108      -7.458174792499724E-003  1.324593308044049E-002
   15.0303522504892      -4.062760914672595E-002 -6.814957040711386E-003
   15.0890567514677      -3.687922240110972E-002 -3.389239225088077E-002
   15.1477612524462       2.568962150590217E-002 -7.977878619663127E-003
   15.2064657534247       2.504084025455593E-002  1.333062889471599E-002
   15.2651702544031      -1.704910692066405E-002  3.282019241111284E-002
   15.3238747553816      -5.416566074075028E-002  2.382531812631061E-002
   15.3825792563601      -9.053768996795145E-002  4.256569831060780E-002
   15.4412837573386      -8.906680245526433E-002  1.783034499292293E-002
   15.4999882583170      -6.361880210850772E-002 -3.109223946893766E-003
   15.5586927592955      -7.525891064899393E-002 -3.331860649063668E-002
   15.6173972602740      -2.100922812092516E-002 -4.535402682286534E-002
   15.6761017612524      -3.240886933387664E-002 -9.878535348865305E-002
   15.7348062622309      -1.346870308485947E-002 -6.589668807444891E-002
   15.7935107632094      -1.565849392590597E-002 -6.211263856196525E-002
   15.8522152641879       1.514722114292930E-002 -8.137540359169780E-002
   15.9109197651663       2.529171109113324E-002 -6.970140469167031E-003
   15.9696242661448       6.683782532341927E-002  2.712612001759173E-002
   16.0283287671233       9.639976617798159E-002 -3.970409566768777E-003
   16.0870332681018       0.117983586349624       1.422874084986322E-002
   16.1457377690802       9.284502691153078E-002 -1.112227466652973E-002
   16.2044422700587       4.219459394906339E-002  4.629993446837340E-002
   16.2631467710372       5.095706883344614E-002  5.981180029637430E-002
   16.3218512720157       1.792022670626461E-002  8.086143680021224E-002
   16.3805557729941      -4.416445746946880E-002  0.102966491138720     
   16.4392602739726      -8.678809382926313E-002  8.965253112846955E-002
   16.4979647749511      -0.123120632709160       6.351546733264531E-002
   16.5566692759296      -0.127116565490499       1.398127328471944E-003
   16.6153737769080      -0.141548740453708      -3.090877571035601E-002
   16.6740782778865      -0.125381141790070      -5.591738517258064E-002
   16.7327827788650      -9.925546403389929E-002 -0.115641171436846     
   16.7914872798434      -5.177454186090263E-002 -9.133205707236867E-002
   16.8501917808219      -5.054450784680237E-002 -7.393899925383413E-002
   16.9088962818004      -6.819251208069331E-002 -3.048698409069617E-002
   16.9676007827789      -4.282769555971427E-003  3.232808497948728E-002
   17.0263052837573       1.638777456028422E-002  1.268151317523007E-002
   17.0850097847358      -7.098781982761444E-005  1.971089713941137E-002
   17.1437142857143       7.884046170645406E-002  7.105086453469222E-003
   17.2024187866928       8.831954965923373E-002 -5.848339435309240E-002
   17.2611232876712       0.115573884668405      -3.899109444362929E-002
   17.3198277886497       0.116435951152633      -1.753870796502153E-002
   17.3785322896282       0.117911029078860      -1.435100838722091E-002
   17.4372367906067       3.067199756330821E-002 -1.331392815057117E-002
   17.4959412915851       4.914326581649758E-002 -8.753820669667737E-003
   17.5546457925636       5.485933931160025E-002 -3.931799163878084E-002
   17.6133502935421       1.035104873816197E-002 -2.644133752979309E-003
   17.6720547945205      -3.360640603278363E-003  1.873159070182340E-002
   17.7307592954990      -3.967544168840309E-002  4.132474718374240E-002
   17.7894637964775      -1.535198014898896E-002  9.079302428995066E-002
   17.8481682974560      -2.123798474945666E-002  7.307071678258875E-002
   17.9068727984344      -1.882744526566665E-002  6.585374758803490E-002
   17.9655772994129      -4.861114173933272E-002  6.770638818284887E-002
   18.0242818003914      -7.645834491223137E-002  6.794318602637983E-002
   18.0829863013699      -3.031042146582016E-002  4.063695238584158E-002
   18.1416908023483       4.222780734191586E-002 -1.910408662649878E-002
   18.2003953033268       2.782813161475372E-002 -4.777064928920866E-002
   18.2590998043053       1.458694064204800E-002 -5.889046276315080E-002
   18.3178043052838       5.555821524103654E-002 -3.840884370527457E-002
   18.3765088062622       7.570010856350091E-002 -5.026656773102890E-002
   18.4352133072407       9.758466425208938E-002 -3.915512568783484E-002
   18.4939178082192       0.103306303291011      -5.593886341164959E-002
   18.5526223091977       6.229619245013239E-002 -1.115688439062971E-002
   18.6113268101761       5.915732440810841E-002  4.023362727310527E-002
   18.6700313111546       7.605531037918016E-002  3.114693203217180E-002
   18.7287358121331      -1.197662174847396E-002  6.478866581949833E-002
   18.7874403131115      -5.149424334876555E-002  0.129408246209156     
   18.8461448140900      -0.111305695639326       8.737870903092265E-002
   18.9048493150685      -7.105649139845804E-002  2.248370903913728E-002
   18.9635538160470      -1.123894830204914E-002 -2.869710310141011E-002
   19.0222583170254       3.732600083856258E-003 -7.467132328942364E-002
   19.0809628180039       1.891440730000905E-002 -6.322516231829818E-002
   19.1396673189824       6.584032741965487E-002 -5.461238103030575E-002
   19.1983718199609       6.549760173130570E-002  2.231643398738478E-003
   19.2570763209393       3.449313810383783E-002 -2.154903771031222E-002
   19.3157808219178       1.612589888938056E-002 -1.415902480257393E-002
   19.3744853228963       2.506241277548210E-002  2.101484767092856E-002
   19.4331898238748       2.304102528729486E-004  5.263293580254683E-002
   19.4918943248532      -5.556355324982047E-002  6.464205269073026E-002
   19.5505988258317      -5.377277568059950E-002  6.732396957317416E-002
   19.6093033268102      -1.953808829928198E-002  3.235674868455050E-003
   19.6680078277886      -1.390239046586778E-002 -3.086151649845286E-002
   19.7267123287671       3.100139246684232E-002 -8.188933986632800E-002
   19.7854168297456       3.809750344931451E-002 -6.839558743296245E-002
   19.8441213307241       7.627601005068782E-002 -3.889721069234867E-002
   19.9028258317025       0.108898780002313      -7.902253716622420E-002
   19.9615303326810       8.994418013623530E-002 -0.133750606372542     
   20.0202348336595       1.885983878473779E-002 -8.733231061467633E-002
   20.0789393346380       4.964070138957569E-004  2.001536783315515E-002
   20.1376438356164       3.739277365400076E-002  0.111636889710611     
   20.1963483365949       7.546683252540987E-002  0.140409135043125     
   20.2550528375734       5.302801546481406E-002  0.127001548256519     
   20.3137573385519       3.228862655534279E-002  0.113061864729554     
   20.3724618395303       1.924808265144516E-002  8.144448083436792E-002
   20.4311663405088      -1.272738123934972E-003  8.650716987467158E-002
   20.4898708414873       1.243613144160156E-003  4.336726870098025E-002
   20.5485753424658      -5.538206412234855E-002 -1.518999817597058E-002
   20.6072798434442      -7.531807744975980E-002 -4.838627314869537E-003
   20.6659843444227      -5.910648407312816E-003 -3.588719877660646E-002
   20.7246888454012       5.747733280665288E-002 -1.848694344050913E-002
   20.7833933463796       0.126266410157341      -1.579735705465706E-002
   20.8420978473581       9.911210557180893E-002 -5.230438399469716E-003
   20.9008023483366       4.410835739676976E-002  7.772679092944154E-002
   20.9595068493151       1.910547026302820E-002  8.106673535488979E-002
   21.0182113502935      -7.401059806240434E-003  6.030648591544279E-002
   21.0769158512720      -4.459996775387996E-003  2.267596102299390E-002
   21.1356203522505      -2.465876221526400E-002 -5.522610819108659E-002
   21.1943248532290      -6.581534305011071E-002 -7.772258519168199E-002
   21.2530293542074      -7.537382770269256E-002 -2.118758139576953E-002
   21.3117338551859      -7.369537674936533E-002 -1.565926286675475E-003
   21.3704383561644      -7.804840018327806E-002 -4.799677649249505E-003
   21.4291428571429      -7.056747534028091E-002  1.931271164515251E-002
   21.4878473581213      -6.197248186506266E-002  9.198745888822276E-003
   21.5465518590998      -5.318983486333416E-002 -3.145781241208694E-002
   21.6052563600783      -6.540034299169566E-002  1.855918121102548E-002
   21.6639608610568      -1.432904183284178E-004  9.233990074955802E-002
   21.7226653620352       8.751465965096475E-002  4.847433547019524E-002
   21.7813698630137       5.536572862286229E-002 -7.848762388303829E-004
   21.8400743639922       3.329594778134979E-002 -1.361743073088997E-002
   21.8987788649706       3.482286019849544E-002 -6.468740140900478E-002
   21.9574833659491      -7.580290565096978E-003 -5.757737045274575E-002
   22.0161878669276      -6.197913601002904E-002  1.537484983983440E-002
   22.0748923679061      -1.669161682318932E-002  9.667657996865155E-002
   22.1335968688845       5.141879983503263E-002  5.527656487660045E-002
   22.1923013698630       1.072342720884140E-002  7.658615117700088E-002
   22.2510058708415      -4.780900609022311E-002  9.126246451773773E-002
   22.3097103718200      -4.314863173595200E-002  8.084585276534503E-002
   22.3684148727984      -9.220503847779173E-002  5.463536081422374E-002
   22.4271193737769      -9.571779475100155E-002  4.551681253526053E-002
   22.4858238747554      -3.460660936588257E-002  5.449981223138669E-002
   22.5445283757339       4.216196938851849E-002  3.315139978129181E-002
   22.6032328767123       2.669726835561345E-002  3.541422310984400E-002
   22.6619373776908       1.939130392681875E-002  4.609042517115155E-002
   22.7206418786693       5.259967239811589E-002  3.184527118569708E-002
   22.7793463796478       1.572689403247927E-002 -1.192198084559021E-002
   22.8380508806262      -3.047745524575868E-002  1.727376414441519E-003
   22.8967553816047       5.341495797328229E-002  1.208672377464274E-002
   22.9554598825832       8.883182538823749E-002  3.766610041837304E-002
   23.0141643835616       9.364526590502997E-002  4.354082291553533E-002
   23.0728688845401       2.318418776675673E-002  4.808800217475302E-002
   23.1315733855186      -4.266389230890080E-002  7.982456453233192E-002
   23.1902778864971      -7.465478628905886E-002  1.777840629553612E-002
   23.2489823874755      -6.573361250308216E-002  2.734100321475581E-002
   23.3076868884540       8.067883587389467E-003  1.597773463466372E-002
   23.3663913894325      -1.092523708536467E-002  6.124191537621858E-003
   23.4250958904110      -2.235020180776419E-002  3.425100463843242E-003
   23.4838003913894      -4.715765931185917E-002  2.825993856171136E-002
   23.5425048923679       2.440648352663194E-002  3.474676407138259E-002
   23.6012093933464       6.880514851891417E-002 -2.525012182967108E-002
   23.6599138943249       8.094995694312580E-003 -5.962063786727244E-002
   23.7186183953033      -7.679704879158941E-002 -2.990906482386110E-002
   23.7773228962818      -0.108447329304576      -5.006292693164728E-002
   23.8360273972603      -8.758219146180637E-002 -5.063856421309094E-002
   23.8947318982387      -5.371812867346627E-002 -5.986063439288417E-002
   23.9534363992172       3.972349257612324E-003 -6.174593938521284E-002
   24.0121409001957       1.632301136719463E-002 -3.875615280481585E-002
   24.0708454011742      -3.803436412652132E-002  1.531543205630904E-003
   24.1295499021526      -1.047204852729025E-002  8.899183246767796E-002
   24.1882544031311       3.944321632389792E-002  0.103521607207213     
   24.2469589041096       3.625705931467804E-002  4.203365603308217E-002
   24.3056634050881      -9.048350055337044E-003 -1.188972054674867E-002
   24.3643679060665      -9.041456014773769E-005 -2.692951391347094E-002
   24.4230724070450       4.171629335028935E-002 -1.994374718524450E-002
   24.4817769080235       9.410165957211242E-003  1.049868047104329E-003
   24.5404814090020       5.705289185444140E-003  0.111595098767511     
   24.5991859099804      -1.904389882882121E-002  0.110113754941769     
   24.6578904109589      -6.311289055256154E-002  6.793922169125302E-002
   24.7165949119374      -0.143095548581700       7.936276203809023E-002
   24.7752994129159      -9.211167842661468E-002  0.119486668915456     
   24.8340039138943      -6.524952505432768E-002  8.017621937424706E-002
   24.8927084148728      -6.692396473846490E-002  8.231341593846934E-002
   24.9514129158513      -5.441529150956171E-002  9.237825190045409E-002
   25.0101174168297      -3.026687705035131E-002  4.918431468031471E-002
   25.0688219178082      -6.450771548688268E-002 -4.998364056217662E-002
   25.1275264187867      -0.104444243697690      -5.180913084235429E-002
   25.1862309197652      -0.125575122879362      -1.560762802507461E-003
   25.2449354207436      -0.118235428540281       2.649334151236407E-002
   25.3036399217221      -5.029777804021997E-002  4.955046561823255E-002
   25.3623444227006       1.464343749814856E-002 -1.643998797421278E-002
   25.4210489236791       1.753059915496623E-002  2.474770005502742E-002
   25.4797534246575      -2.946893709506044E-003  7.717841397937963E-002
   25.5384579256360       4.342841832090794E-002  0.110583844458569     
   25.5971624266145       3.465916498570339E-002  4.029860311268977E-002
   25.6558669275930       1.993867257036631E-005  2.963005943433916E-003
   25.7145714285714       7.820753661174171E-003 -5.531635171497037E-002
   25.7732759295499      -3.412804853432605E-003 -2.308152470055666E-002
   25.8319804305284      -2.376130106592210E-002 -1.068226220171609E-002
   25.8906849315069      -4.724559183087716E-002  1.375972762758566E-002
   25.9493894324853      -3.473244141558819E-002  8.010655220002907E-002
   26.0080939334638      -2.365829364225394E-002  8.334926900311730E-002
   26.0667984344423      -5.049148374732038E-002  3.667657610470372E-002
   26.1255029354207      -0.101235102437748       4.778674731664498E-002
   26.1842074363992      -0.127012186078921       0.108025045225117     
   26.2429119373777      -0.104319430332267       0.188522482917785     
   26.3016164383562      -7.639655418773705E-002  0.245945773381191     
   26.3603209393346      -5.866089132704046E-002  0.226293644447141     
   26.4190254403131      -4.059024749535801E-002  0.134161068301699     
   26.4777299412916       3.913843207904418E-002  2.051296562531826E-002
   26.5364344422701       5.107549133133994E-002 -4.064072028172528E-002
   26.5951389432485       2.760057282629536E-002 -3.963027842838022E-002
   26.6538434442270       3.536870549014272E-002  1.647236282324765E-002
   26.7125479452055       3.592321620175180E-002  6.539246439516601E-002
   26.7712524461840       6.131288575315286E-002 -3.474595665567522E-003
   26.8299569471624       5.213033478648819E-002 -0.115024041246603     
   26.8886614481409       5.215045593672962E-002 -0.168794050866291     
   26.9473659491194       2.795796414095969E-002 -0.158688247578515     
   27.0060704500978      -8.699794399481688E-003 -0.113331331400268     
   27.0647749510763      -4.295357100996229E-002 -0.122281124089629     
   27.1234794520548      -7.188447507206921E-002 -8.731828516639349E-002
   27.1821839530333      -6.971607738111568E-002 -9.680839255589106E-003
   27.2408884540117      -3.423398124455653E-002  7.803001998914444E-002
   27.2995929549902       1.248917047861392E-002  7.566310277590098E-002
   27.3582974559687      -5.593309129659253E-002  8.664385618073794E-002
   27.4170019569472      -0.102062248969972       0.135246039229302     
   27.4757064579256      -0.104907339010031       0.158307730601042     
   27.5344109589041      -6.150398130124285E-002  0.124721524336047     
   27.5931154598826       1.059521205841740E-004 -6.101318025834163E-003
   27.6518199608611       3.857528072877182E-002 -2.712791421387182E-002
   27.7105244618395       8.866792078602119E-002 -6.864191074684356E-002
   27.7692289628180       8.793802604587045E-002 -5.175605680432238E-004
   27.8279334637965       6.747652978132831E-002 -1.253476195925362E-002
   27.8866379647750       2.664889191906286E-002 -5.641547719589024E-002
   27.9453424657534      -2.241004676843859E-002 -8.303008581472598E-002
   28.0040469667319      -1.612955414237005E-002 -2.282427046321741E-002
   28.0627514677104      -1.118225536159902E-002 -2.554693694262430E-002
   28.1214559686888       8.218450430830207E-003 -0.102836229191846     
   28.1801604696673      -4.679595854029849E-002 -9.270914542519923E-002
   28.2388649706458      -8.567574582158811E-002 -9.971366295701252E-002
   28.2975694716243      -0.102595410620836      -7.683110084826933E-002
   28.3562739726027      -8.174251581027772E-002 -8.132514520531257E-002
   28.4149784735812      -3.208468382427711E-002 -6.386443393365800E-002
   28.4736829745597       5.639742858216161E-003 -2.628607311195406E-002
   28.5323874755382      -2.319252160147676E-002  3.380329857995011E-002
   28.5910919765166      -1.826636094516004E-002  0.109607336792734     
   28.6497964774951      -2.668322126111254E-003  6.779635337502049E-002
   28.7085009784736       3.817129843142031E-002  2.978974949052680E-002
   28.7672054794521       7.734611052245474E-002 -4.928604005125017E-002
   28.8259099804305       5.866637238197031E-002 -5.480493057291247E-002
   28.8846144814090       4.155921812863321E-002 -5.563333290246769E-002
   28.9433189823875       1.844631398686449E-002 -8.002553107758562E-002
   29.0020234833659       4.615584387784218E-002 -0.102982483123941     
   29.0607279843444       1.852264625425621E-002 -7.786237010156329E-002
   29.1194324853229       4.500306080682952E-002  1.649522003994629E-002
   29.1781369863014       3.443734376446712E-002  6.143048150428547E-002
   29.2368414872798      -5.412034695802081E-003  8.610768358918207E-002
   29.2955459882583      -9.559928428859036E-003  6.797432238577603E-002
   29.3542504892368      -4.249414672828165E-002  7.520473230555766E-002
   29.4129549902153      -2.057409066111330E-002  6.592830450104173E-002
   29.4716594911937      -3.389000480743018E-003  6.070355110582851E-002
   29.5303639921722       2.338883005602972E-002  6.721525128996081E-002
   29.5890684931507      -7.081120017180295E-002  6.357095810858523E-002
   29.6477729941292      -0.120324486180087       1.269640711810836E-002
   29.7064774951076      -0.100399670998152      -3.185329241915917E-002
   29.7651819960861      -0.133424943017625      -5.617952014554815E-002
   29.8238864970646      -0.123081696121443       3.356559300564761E-002
   29.8825909980431      -0.135284222493613       6.046504013996913E-002
   29.9412954990215      -0.125767964859560       4.743136716717813E-002
   30.0000000000000      -6.200133882866821E-002 -6.773687420068240E-004
  2.000000000000000E-003 -3.355797906945539E-002 -8.363953415978301E-003
  6.070450097847359E-002 -1.301289220480373E-002  1.940883100560551E-002
  0.119409001956947       1.089371730348065E-002  1.564059629673514E-002
  0.178113502935421       7.018380771794321E-003 -1.885300930604138E-003
  0.236818003913894      -1.502247160340131E-002  9.979549402485632E-005
  0.295522504892368      -5.480476526939242E-003 -7.717006231999696E-003
  0.354227005870842       2.536328654434448E-003  2.913591886470051E-003
  0.412931506849315       4.077450755502449E-003  7.453218741594385E-003
  0.471636007827789       6.385821283650927E-003 -2.842580224453387E-003
  0.530340508806262       1.833958933931049E-004 -3.496148344381777E-002
  0.589045009784736       4.377070597226967E-002 -4.706885371967603E-003
  0.647749510763209       3.721815635833889E-002  2.574650084924787E-002
  0.706454011741683       4.061982285411259E-002  4.831968143333976E-002
  0.765158512720157       2.476118756782586E-002  5.947914733589307E-002
  0.823863013698630       1.825339538321337E-002  6.304810107861236E-002
  0.882567514677104       5.674087735874878E-003  3.466540118074055E-002
  0.941272015655577      -1.151372104383546E-002  1.197346435292547E-002
  0.999976516634051      -1.369812675561972E-002 -1.088318925398116E-002
   1.05868101761252       2.806020728784873E-002 -3.619965684982749E-002
   1.11738551859100       3.176878855336459E-002 -3.870430543236564E-002
   1.17609001956947       4.460166285303972E-002 -6.131781304064898E-002
   1.23479452054795       8.737975764846415E-002 -8.551208435441579E-002
   1.29349902152642       0.188816563504095      -0.172730972854382     
   1.35220352250489       0.316866741428353      -0.276225652122847     
   1.41090802348337       0.430957588938564      -0.318149310479595     
   1.46961252446184       0.497195951531947      -0.307740599501408     
   1.52831702544031       0.605103277626405      -0.219680466940628     
   1.58702152641879       0.710010148494233      -0.125707899314954     
   1.64572602739726       0.721422589499907      -9.733202245202444E-002
   1.70443052837573       0.631806273023029      -1.247550326013068E-002
   1.76313502935421       0.452586072668309       9.478130313778672E-002
   1.82183953033268       0.240111669086358       0.181601062720403     
   1.88054403131115      -2.146240458842878E-002  0.292633758936121     
   1.93924853228963      -0.287695815313287       0.316646816279392     
   1.99795303326810      -0.551546840081027       0.292041652563475     
   2.05665753424658      -0.772656642512818       0.186730147040695     
   2.11536203522505      -0.826454541108262       2.881646227970587E-002
   2.17406653620352      -0.710735082890209      -0.210778584832525     
   2.23277103718200      -0.472444661503403      -0.443150350728249     
   2.29147553816047      -0.238714708307778      -0.559092777488220     
   2.35018003913894      -1.827352487545041E-003 -0.592650094574603     
   2.40888454011742       0.199303718858191      -0.529252368613428     
   2.46758904109589       0.380680173531945      -0.434685138515799     
   2.52629354207436       0.536326414803056      -0.347735897697955     
   2.58499804305284       0.592789444405816      -0.242146341685567     
   2.64370254403131       0.622207289427662      -0.113636758787916     
   2.70240704500978       0.589688776856522       7.728029930707538E-003
   2.76111154598826       0.492917724277161       9.315535870336643E-002
   2.81981604696673       0.417323160281886       0.169944831568420     
   2.87852054794521       0.263561681858677       0.190296135404110     
   2.93722504892368       0.142177087264915       0.167642108596869     
   2.99592954990215       0.115957546501322       0.127188748589644     
   3.05463405088063       0.150155733465403       0.147253277857321     
   3.11333855185910       0.154889502208245       0.232981081252433     
   3.17204305283757       0.105049309937629       0.200912552664113     
   3.23074755381605       0.159302059079167       0.130261830872529     
   3.28945205479452       0.172918589815447       0.104642770839348     
   3.34815655577299       0.127758847406148       7.078325836531543E-002
   3.40686105675147       0.100230142060586       2.215340939518898E-002
   3.46556555772994       6.424922421047137E-002 -3.115146383498540E-002
   3.52427005870842       2.693220494674898E-002 -9.238783512197085E-002
   3.58297455968689       3.315074921996143E-002 -0.100499614638484     
   3.64167906066536       1.195931414889672E-002 -4.299254440734557E-002
   3.70038356164384      -9.738881031455895E-003 -8.064329350531151E-003
   3.75908806262231      -1.434544856708913E-002  2.133466931014668E-002
   3.81779256360078      -5.435963739545148E-002  3.164094495716073E-002
   3.87649706457926      -9.691639408313955E-002  4.993424399156266E-002
   3.93520156555773      -0.154449710376031      -2.943730671626486E-002
   3.99390606653620      -8.950192237096601E-002 -0.124867928250230     
   4.05261056751468       7.100670617898086E-002 -0.173043867494027     
   4.11131506849315       8.154457573101501E-002 -0.124922740213461     
   4.17001956947162       5.873920372243374E-002 -0.104629866081352     
   4.22872407045010      -1.535313863147487E-002 -6.370534586435876E-002
   4.28742857142857      -6.839530152191597E-002 -7.305148168503593E-002
   4.34613307240704      -5.732912032386301E-002 -5.494476052311298E-002
   4.40483757338552      -1.353520071920654E-003 -9.345401652690949E-002
   4.46354207436399       6.621237814805611E-002 -2.863840327150474E-002
   4.52224657534247       9.015939249499216E-002  5.262194337887999E-002
   4.58095107632094       8.401076987166518E-002  6.372513819687406E-002
   4.63965557729941       4.574092069277480E-002  6.221505360050832E-002
   4.69836007827789      -1.511209642206950E-003  2.754464791484331E-002
   4.75706457925636       1.418680758414874E-002 -3.180559119512484E-002
   4.81576908023483       6.535643244120934E-002 -4.305822771211847E-002
   4.87447358121331       5.141197609781439E-002 -2.909366574645136E-002
   4.93317808219178       6.401213888418292E-002  1.323294873126117E-002
   4.99188258317025      -3.437017390643251E-002  0.102392819973011     
   5.05058708414873      -0.137862977802372       9.999220545737059E-002
   5.10929158512720      -0.145955481203051       4.911554647159969E-002
   5.16799608610568      -6.578493731069125E-002  3.192890036834436E-003
   5.22670058708415      -7.022110906984429E-002  1.531149947571297E-002
   5.28540508806262      -0.111042459427232      -5.277384793857809E-003
   5.34410958904110      -8.825018279805502E-002  3.697928513929430E-004
   5.40281409001957      -3.920023499313150E-002  3.152974070199190E-002
   5.46151859099804      -4.149890347073537E-002  4.641263732318973E-002
   5.52022309197652      -1.898697892332655E-002 -3.996022247755349E-002
   5.57892759295499      -1.397476903814725E-002 -5.389969903592939E-002
   5.63763209393346      -7.426817897686783E-002  2.067001832068914E-002
   5.69633659491194      -8.873367528490964E-002  1.858789765055166E-003
   5.75504109589041       8.099826053244847E-003  3.012435561851989E-002
   5.81374559686888       3.203403433812560E-002  3.187203497893021E-002
   5.87245009784736       8.169839501792846E-002 -3.285015810652662E-003
   5.93115459882583       3.280077403432722E-002 -5.042289792435248E-003
   5.98985909980431       9.071845095708778E-003 -2.034043371863946E-002
   6.04856360078278       6.360002649684911E-002  1.286659115432271E-002
   6.10726810176125       8.499612040935330E-002  0.109515350231421     
   6.16597260273973       9.484929708299457E-002  0.167495186203368     
   6.22467710371820       3.910817810705485E-002  0.158541359669294     
   6.28338160469667       2.893262946689191E-002  0.118668458728495     
   6.34208610567515      -3.802960818215562E-002  7.645881191824347E-002
   6.40079060665362      -9.339739813384057E-002 -4.715526477185308E-002
   6.45949510763209      -3.433093806059118E-002 -0.103786605595955     
   6.51819960861057      -2.168804434226163E-002 -2.675558496527154E-002
   6.57690410958904      -4.471967419393671E-002 -1.424341441991415E-002
   6.63560861056752       6.920039060567611E-003 -7.837174626019379E-003
   6.69431311154599      -7.960253550232006E-003 -1.890697802216819E-002
   6.75301761252446       1.259258179559949E-002 -5.625322559042908E-002
   6.81172211350294       6.340579872535456E-003 -2.814645613502584E-002
   6.87042661448141       1.295781162480901E-002 -3.490470109372312E-002
   6.92913111545988       2.731859176979077E-002  2.022138578311931E-002
   6.98783561643836       4.160391954168771E-002  1.489231997037523E-002
   7.04654011741683       6.503152452112404E-002  2.423976878596397E-002
   7.10524461839530       1.392314328038083E-002  4.379010933187889E-002
   7.16394911937378       2.497636716111927E-002  2.308610173976116E-002
   7.22265362035225      -1.517471351294567E-002  6.969340611870606E-002
   7.28135812133072      -2.426052274180451E-002  3.873361176501420E-002
   7.34006262230920       1.080373226329057E-002  1.912441915094356E-002
   7.39876712328767       2.538103518353630E-002  3.975375026820276E-002
   7.45747162426615      -1.897655565933461E-002  1.124037751939654E-002
   7.51617612524462      -4.262094985958510E-002  1.053816187629371E-002
   7.57488062622309      -6.671658602017029E-002 -6.726645362274512E-004
   7.63358512720157      -3.638625482473513E-002  4.211445885099523E-003
   7.69228962818004       1.367943482390263E-002  9.209256629212867E-002
   7.75099412915851       4.054660195738705E-003  0.113850436307739     
   7.80969863013699       3.963730485483370E-002  0.123109824714632     
   7.86840313111546       5.594549076275119E-002  9.250872586291442E-002
   7.92710763209393       7.423609300941054E-002 -4.258416522566677E-003
   7.98581213307241       4.465470170998627E-002 -4.748214837192642E-002
   8.04451663405088       2.418968659227910E-002 -6.370154977846083E-002
   8.10322113502936      -7.947555835140702E-003 -2.045546299309741E-002
   8.16192563600783      -3.877158667092491E-002 -1.116773804843539E-002
   8.22063013698630       3.167461659909958E-002 -7.583748361355339E-003
   8.27933463796478       5.271763511085768E-002  2.502957124113278E-002
   8.33803913894325       0.110963881858084       1.777380433529645E-002
   8.39674363992172       0.113487081607947       2.733341794312429E-003
   8.45544814090020       7.000853871042208E-002  8.015921143827841E-003
   8.51415264187867       5.758088251114342E-002  1.541161041331328E-003
   8.57285714285714       2.595244615406327E-002  1.461601282123497E-002
   8.63156164383562      -1.477530590019076E-003  1.163766376006642E-002
   8.69026614481409       3.517694708830490E-002  2.099271399564613E-002
   8.74897064579256       4.367850957729870E-002  5.991052824720727E-002
   8.80767514677104       4.254716975601786E-002  4.314884289240913E-002
   8.86637964774951       7.689956358748090E-002  3.285629126678168E-002
   8.92508414872799       2.739078053218014E-002  1.111970276145985E-002
   8.98378864970646       8.117592445705223E-003  6.618281111684179E-004
   9.04249315068493      -5.247651593304351E-002  1.423999872407281E-004
   9.10119765166341      -6.502468908298117E-002 -2.219087700730017E-002
   9.15990215264188      -4.566144292663588E-002  6.399614954091727E-003
   9.21860665362035      -2.637733881650137E-002  1.712497474112734E-002
   9.27731115459883       3.095452646104049E-002  6.087379987315933E-002
   9.33601565557730       7.253970724883634E-003  9.238361509127785E-002
   9.39472015655577      -6.808858333625009E-002  3.692603959522089E-002
   9.45342465753425      -4.251127131901632E-002 -1.029292843154907E-002
   9.51212915851272      -7.050214624059731E-002 -4.805575687275531E-003
   9.57083365949119      -7.112208212027847E-002 -4.568480378464764E-002
   9.62953816046967      -7.789803448324531E-002 -3.562528086352810E-002
   9.68824266144814      -6.912576365421691E-002 -4.130748805529129E-002
   9.74694716242662      -7.265094434156175E-002 -3.048291294750242E-002
   9.80565166340509      -3.123050364124658E-002 -2.627106959262775E-002
   9.86435616438356       4.331552681590378E-002  2.147096511343140E-002
   9.92306066536204       7.481555411315875E-002  2.265751873894061E-002
   9.98176516634051       9.444118851224592E-002  3.051409377718899E-003
   10.0404696673190       8.328232890504444E-002 -3.673714012712349E-002
   10.0991741682975       3.896837140235284E-002 -5.753335258024787E-002
   10.1578786692759      -5.610240406046622E-004 -5.564207780368723E-003
   10.2165831702544      -5.531004793443192E-002  2.031623748803712E-002
   10.2752876712329      -8.746232092842945E-002  3.236268925325808E-002
   10.3339921722114      -4.083819136650317E-002 -3.132766489697901E-003
   10.3926966731898       6.046801139112872E-002 -8.739006943971749E-003
   10.4514011741683       0.109664124097121       2.385967369317860E-002
   10.5101056751468       0.130001127120975       5.194095355822381E-003
   10.5688101761252       0.110740829904176       1.442568326887354E-002
   10.6275146771037       3.783736105798431E-002 -2.681859659064879E-002
   10.6862191780822      -2.558997199207241E-003 -5.454195110042294E-002
   10.7449236790607      -2.072058818743475E-002 -3.923585482940812E-002
   10.8036281800391      -4.458268395000628E-002 -3.209605130152911E-002
   10.8623326810176      -5.527471694070511E-002 -1.909621049859828E-003
   10.9210371819961      -7.895062467179036E-002  7.151606899586038E-003
   10.9797416829746      -4.366660094007685E-002  1.686097901289990E-002
   11.0384461839530      -4.097038674492207E-002  4.114988096691602E-002
   11.0971506849315      -7.142890783021087E-002  1.254246312160380E-003
   11.1558551859100      -3.496197708388576E-002 -3.695957155833407E-002
   11.2145596868885       5.918058948875513E-003 -4.244500219966758E-002
   11.2732641878669       7.444938346590603E-002 -3.601445568389847E-002
   11.3319686888454       9.779727637104295E-002  2.848091968161658E-002
   11.3906731898239       6.904929238736859E-002  0.103926953331223     
   11.4493776908024       2.214358496362367E-002  0.111570075433696     
   11.5080821917808       8.517254429211800E-004  7.913835749650344E-002
   11.5667866927593      -8.234897072210694E-003  5.025940214360029E-002
   11.6254911937378      -1.383249913239622E-002  4.634455577437580E-003
   11.6841956947162      -1.002543888983325E-003 -1.491439287584908E-003
   11.7429001956947      -3.056259411448562E-002  1.286539984860129E-002
   11.8016046966732      -7.638488357826094E-002  5.297227826732223E-002
   11.8603091976517      -8.726591414560116E-002  9.201659821746179E-002
   11.9190136986301      -7.128217634146192E-002  9.476606795081970E-002
   11.9777181996086       8.675968451047334E-003  7.967686396096285E-002
   12.0364227005871       6.426092317926838E-002  0.104983373869946     
   12.0951272015656       5.235386823642718E-002  0.117780283916765     
   12.1538317025440       2.522037416059636E-002  0.118857117521340     
   12.2125362035225      -1.614983975480469E-002  3.688894216860640E-002
   12.2712407045010       3.137377966986277E-002  2.382972244423716E-002
   12.3299452054795       4.992265828458523E-002  4.580833700611019E-002
   12.3886497064579       2.105165756719204E-002  6.094913871972883E-002
   12.4473542074364      -4.030534916440869E-002  4.533630154946872E-002
   12.5060587084149      -6.139134837162977E-002 -7.708641294529343E-003
   12.5647632093933      -5.895815433009748E-002 -4.175517695429645E-002
   12.6234677103718      -7.060148490012397E-002 -5.130144160388098E-003
   12.6821722113503      -0.101087544937041      -1.408186691032145E-002
   12.7408767123288      -0.101957085273729      -1.998171444851286E-002
   12.7995812133072      -2.951458278362215E-002  1.252655327864467E-002
   12.8582857142857       1.021395650691804E-002  2.589710338546585E-002
   12.9169902152642       3.390609784171460E-002  4.155354682315189E-002
   12.9756947162427       3.952822198881747E-002 -6.460219396369678E-003
   13.0343992172211       3.992628765586140E-002 -0.101967725966660     
   13.0931037181996       7.846522296119707E-002 -0.137503798263034     
   13.1518082191781       1.518836966609627E-002 -7.763020145419341E-002
   13.2105127201566      -1.840380766668110E-002 -2.219371588365102E-002
   13.2692172211350      -3.151467519748716E-002  5.034868180468467E-002
   13.3279217221135       1.713826586612657E-002  6.153439281090842E-002
   13.3866262230920       1.942256735448716E-002  6.588424420309724E-002
   13.4453307240705       4.269674168029578E-003  9.306258556622060E-002
   13.5040352250489      -3.807652431040624E-002  4.730228657873524E-002
   13.5627397260274      -5.338055679829418E-002  1.469835697748114E-002
   13.6214442270059      -1.949248808115287E-002  4.330071122022598E-003
   13.6801487279843      -2.571127127419748E-003  3.338410982419562E-002
   13.7388532289628      -3.213945677851618E-002  5.006400514722757E-002
   13.7975577299413      -4.208668477977169E-002 -6.420825045015750E-003
   13.8562622309198      -2.624106915147700E-002 -5.196703748609027E-002
   13.9149667318982       9.814317166323489E-003 -4.675463773908156E-002
   13.9736712328767       7.766617870437243E-003 -5.194681707485366E-002
   14.0323757338552      -5.773646347910615E-002 -2.882777146160153E-002
   14.0910802348337      -5.314854933648847E-002 -4.370349828758811E-002
   14.1497847358121      -3.272541436341122E-002 -4.114447439746657E-002
   14.2084892367906       1.945087484678684E-002 -1.349063619596914E-002
   14.2671937377691       1.310278426806135E-002  4.665000798696649E-002
   14.3258982387476      -2.956845277085811E-002  3.752110549600327E-002
   14.3846027397260      -8.424500445831970E-002 -2.024673827189637E-002
   14.4433072407045      -8.438292253996132E-002 -4.006912588814920E-002
   14.5020117416830      -7.312342270082380E-002 -3.457135697480946E-003
   14.5607162426614      -6.343706510718657E-002  6.282176860219031E-002
   14.6194207436399      -5.795550842654452E-002  5.091829141750333E-002
   14.6781252446184      -9.489312018414030E-002  2.443463035238733E-002
   14.7368297455969      -0.126025933520849       2.826642598579557E-002
   14.7955342465753      -6.525976915794696E-002  4.149488585666583E-002
   14.8542387475538      -5.955416262571116E-002  5.805985061250386E-002
   14.9129432485323      -1.109272574118123E-002  4.174702407972639E-002
   14.9716477495108      -1.964329874331996E-002  1.148312937805387E-002
   15.0303522504892      -3.886749620544502E-002 -8.614808730359974E-003
   15.0890567514677      -3.097669297436634E-002 -3.366700209804609E-002
   15.1477612524462       3.806513757267573E-002 -3.695746309795045E-002
   15.2064657534247       2.994842558693066E-002 -7.133286838321293E-003
   15.2651702544031      -1.934260797003569E-002  7.705417567065921E-003
   15.3238747553816      -7.304149575982495E-002  1.036857993884227E-002
   15.3825792563601      -9.898928805319093E-002  4.015680181324012E-002
   15.4412837573386      -0.100571305596338       3.410909415735845E-002
   15.4999882583170      -7.675531240874106E-002  8.855948141645000E-003
   15.5586927592955      -7.171539855381140E-002  7.871604620096449E-003
   15.6173972602740      -1.693427249537715E-002 -3.780427096714205E-002
   15.6761017612524      -3.952601237167742E-002 -6.773414203240698E-002
   15.7348062622309      -1.076975951488665E-002 -6.921973128597037E-002
   15.7935107632094      -1.143653536436920E-002 -5.732755424442068E-002
   15.8522152641879      -1.713702607313568E-003 -9.433086625847145E-002
   15.9109197651663       2.919331942486699E-002 -1.353946151643976E-002
   15.9696242661448       7.235527389986460E-002  5.905890962822887E-003
   16.0283287671233       8.063828166057613E-002 -8.924215093877377E-003
   16.0870332681018       0.119616859885819       2.596970553544395E-003
   16.1457377690802       7.138890592760785E-002  7.927180900608281E-004
   16.2044422700587       4.279871059264854E-002  6.405361615682507E-002
   16.2631467710372       4.258746359022304E-002  6.323400632918286E-002
   16.3218512720157       1.274620400840859E-002  8.294382922820194E-002
   16.3805557729941      -3.956369012679169E-002  0.101589425134442     
   16.4392602739726      -8.228087988793779E-002  7.569034185898811E-002
   16.4979647749511      -0.110327612380947       5.288516964779177E-002
   16.5566692759296      -0.129484139022259      -1.247063372992313E-002
   16.6153737769080      -0.146058607569376      -4.199904719599272E-002
   16.6740782778865      -0.128102826408378      -6.606669789978591E-002
   16.7327827788650      -0.119961891621173      -0.111275468261177     
   16.7914872798434      -6.056821864643375E-002 -9.049816633386931E-002
   16.8501917808219      -6.095568960332578E-002 -5.475439974358072E-002
   16.9088962818004      -7.486241443938745E-002  2.824186465646099E-003
   16.9676007827789       9.187398729653330E-003  4.309735208347677E-002
   17.0263052837573       2.038121319327117E-002  1.910599317621405E-002
   17.0850097847358       1.783577073660838E-002  3.620701430271973E-002
   17.1437142857143       8.581953169465897E-002 -7.331788045477072E-003
   17.2024187866928       8.321212023153447E-002 -5.196157699564012E-002
   17.2611232876712       9.911732898573092E-002 -5.116372702698158E-002
   17.3198277886497       9.883143651511436E-002 -1.957678821380782E-002
   17.3785322896282       8.568912828911827E-002 -5.061645236638113E-002
   17.4372367906067       1.550662498063062E-002 -1.636595063400399E-002
   17.4959412915851       4.854306979950232E-002 -3.324731336075314E-002
   17.5546457925636       4.417439942350869E-002 -5.662521914297768E-002
   17.6133502935421       1.764359657023840E-002 -1.719349211432458E-003
   17.6720547945205      -2.641239691797075E-003  2.403329248626565E-002
   17.7307592954990      -3.527408956316679E-002  6.536637803339775E-002
   17.7894637964775      -3.737574080353599E-003  0.100098299719436     
   17.8481682974560      -2.191733102597112E-002  9.614411063056924E-002
   17.9068727984344      -3.516808681819832E-002  8.138273143363690E-002
   17.9655772994129      -6.102292358833251E-002  9.366620652499548E-002
   18.0242818003914      -7.448668808532743E-002  9.033402669239608E-002
   18.0829863013699      -2.224173695734003E-002  4.456498335241577E-002
   18.1416908023483       3.261762485066539E-002 -3.288494228584200E-002
   18.2003953033268       2.355602709196282E-002 -5.116340351309029E-002
   18.2590998043053       1.001105146662064E-002 -5.035443444352185E-002
   18.3178043052838       6.956438599125693E-002 -5.176799714029055E-002
   18.3765088062622       8.224272092480543E-002 -6.282953211747248E-002
   18.4352133072407       0.106774821296930      -6.315333803531531E-002
   18.4939178082192       9.994016064224034E-002 -7.052304949014637E-002
   18.5526223091977       7.262117669541589E-002 -1.104240126345073E-002
   18.6113268101761       8.580185292419601E-002  4.383023813390548E-002
   18.6700313111546       7.964881384726381E-002  2.250425264289896E-002
   18.7287358121331      -1.210249104056845E-002  9.427423815070914E-002
   18.7874403131115      -4.090724311662081E-002  0.140531455565807     
   18.8461448140900      -9.070822577488002E-002  0.110219820538506     
   18.9048493150685      -6.638542461195414E-002  2.883590490431037E-002
   18.9635538160470      -9.010066540055602E-003 -2.274895197179825E-002
   19.0222583170254      -1.002272925756860E-002 -5.156507393004552E-002
   19.0809628180039       2.033836403361673E-002 -3.646019281652373E-002
   19.1396673189824       5.294697554769941E-002 -2.352516181874878E-002
   19.1983718199609       7.179501725655851E-002  2.238255110772819E-002
   19.2570763209393       1.163463327563062E-002  1.109263536287495E-002
   19.3157808219178       6.140870791661875E-003  4.075845841664590E-003
   19.3744853228963       1.470551523504174E-002  1.719695331137622E-002
   19.4331898238748      -4.631252373853322E-003  3.286284476339365E-002
   19.4918943248532      -5.932512890147883E-002  5.271966276902654E-002
   19.5505988258317      -3.402413212442959E-002  4.754041350330329E-002
   19.6093033268102      -2.828436664019190E-002 -2.304137444824806E-002
   19.6680078277886      -1.481414198691106E-002 -3.269678580298155E-002
   19.7267123287671       1.610238605728367E-002 -8.179495303107667E-002
   19.7854168297456       3.543870664140177E-002 -5.413636644937143E-002
   19.8441213307241       8.112305462679255E-002 -2.415485416747584E-002
   19.9028258317025       0.109992291065806      -7.194939866763564E-002
   19.9615303326810       5.570145833656599E-002 -0.125667293525557     
   20.0202348336595      -1.522268716735165E-004 -5.322790345157187E-002
   20.0789393346380       1.366290479177799E-002  3.858480714774797E-002
   20.1376438356164       6.904253774213680E-002  9.761907190512355E-002
   20.1963483365949       0.105375106532689       0.112403308997221     
   20.2550528375734       6.968929322640699E-002  0.115460541113850     
   20.3137573385519       4.226646859298677E-002  0.104870958387602     
   20.3724618395303       1.273208835147645E-002  7.944332064903450E-002
   20.4311663405088       8.585838291948264E-003  8.445565585862053E-002
   20.4898708414873       4.972900726440155E-003  2.707046045855905E-002
   20.5485753424658      -6.586551689097347E-002 -7.735028651681486E-003
   20.6072798434442      -5.725473839057943E-002  2.387300424441133E-002
   20.6659843444227      -2.761816659720358E-003 -2.525927625298560E-002
   20.7246888454012       6.185661322818021E-002 -2.063675012992030E-002
   20.7833933463796       0.120570985295744      -2.253145459753718E-002
   20.8420978473581       8.832899617111462E-002 -2.781167526021084E-003
   20.9008023483366       6.197132880758821E-002  8.173262198816061E-002
   20.9595068493151       2.911722793773127E-002  9.047787934052293E-002
   21.0182113502935       7.711960175561049E-003  6.677825472737113E-002
   21.0769158512720       2.367968607800194E-004  2.081658786726397E-002
   21.1356203522505      -4.245228405285166E-002 -5.248177513417977E-002
   21.1943248532290      -8.735995741473669E-002 -6.025406965734813E-002
   21.2530293542074      -6.876982768624906E-002 -1.919272946671095E-002
   21.3117338551859      -6.590808245777846E-002 -4.841113699065810E-003
   21.3704383561644      -7.277609610985239E-002  3.296360805574505E-003
   21.4291428571429      -5.630995165088305E-002  1.867536257152631E-002
   21.4878473581213      -5.720047274872289E-002  1.515005734105595E-002
   21.5465518590998      -7.152059526245345E-002 -9.758800485914121E-003
   21.6052563600783      -5.465099979540479E-002  4.471521182027578E-002
   21.6639608610568       4.001375957109860E-002  0.101375408508929     
   21.7226653620352       0.109870735642343       2.928195401607428E-002
   21.7813698630137       6.862439196997033E-002 -1.035981741538086E-002
   21.8400743639922       4.854113844539405E-002 -2.334166656907923E-002
   21.8987788649706       1.367742374838617E-002 -7.770100690605561E-002
   21.9574833659491      -2.640601374515185E-002 -6.701871967002151E-002
   22.0161878669276      -7.216812251952362E-002  7.795663432440049E-003
   22.0748923679061      -7.033701492970071E-003  5.644603508155641E-002
   22.1335968688845       2.678061683292144E-002  6.718851342247648E-003
   22.1923013698630       7.633185222254479E-003  3.400716989537410E-002
   22.2510058708415      -5.261742241172260E-002  7.611262346604131E-002
   22.3097103718200      -4.763803481572316E-002  7.019730377109681E-002
   22.3684148727984      -8.493876357208376E-002  6.787647530509035E-002
   22.4271193737769      -9.124623802343956E-002  6.029510885192564E-002
   22.4858238747554      -1.793213302308963E-002  5.689600203964054E-002
   22.5445283757339       4.059586719939177E-002  2.598514115998127E-002
   22.6032328767123       3.591269382846528E-002  3.440928811202358E-002
   22.6619373776908       2.375981689887999E-002  3.677263835296636E-002
   22.7206418786693       5.751957212765996E-002  1.187044857742271E-002
   22.7793463796478       1.288177682008376E-002 -3.252655711436852E-003
   22.8380508806262      -8.042531022366257E-003  3.381652614600304E-002
   22.8967553816047       5.600561727413310E-002  2.197293509225542E-002
   22.9554598825832       9.547450910828763E-002  5.951703887080077E-002
   23.0141643835616       8.725005030594116E-002  5.499462656918012E-002
   23.0728688845401       1.030315425064940E-002  7.894647009140193E-002
   23.1315733855186      -3.438551601343817E-002  0.110536511549980     
   23.1902778864971      -8.269861950926856E-002  6.456953441121488E-002
   23.2489823874755      -3.935799833944999E-002  4.544992686113861E-002
   23.3076868884540       2.212535060559136E-002 -2.497958964320486E-003
   23.3663913894325       8.566298803404000E-003  4.719059704078946E-003
   23.4250958904110      -7.747607226515229E-003  6.640817531735066E-004
   23.4838003913894      -1.339429670278045E-002  2.906303695645148E-002
   23.5425048923679       4.338769177454443E-002  7.972118496054977E-003
   23.6012093933464       5.189613602377092E-002 -6.286296911100285E-002
   23.6599138943249      -9.021989402752752E-003 -8.004513923841397E-002
   23.7186183953033      -7.335200251793331E-002 -2.939954462346987E-002
   23.7773228962818      -0.111755521923093      -3.584518046957062E-002
   23.8360273972603      -7.900595016195101E-002 -5.027082675955019E-002
   23.8947318982387      -3.948497873979073E-002 -7.375836952163953E-002
   23.9534363992172       3.095401098248832E-003 -7.723955062950114E-002
   24.0121409001957       3.189234104056657E-002 -3.807069863704284E-002
   24.0708454011742      -1.279666649273219E-002  3.379182922682313E-002
   24.1295499021526       3.011366390054856E-002  9.751013331770769E-002
   24.1882544031311       8.404181983836076E-002  8.055907009968800E-002
   24.2469589041096       7.595082117905046E-002  1.928879673305643E-002
   24.3056634050881       1.862226515925264E-002 -2.884178920502629E-002
   24.3643679060665       1.819408328453048E-002 -2.691220122699121E-002
   24.4230724070450       5.954558223585079E-002 -3.836180217739130E-002
   24.4817769080235       9.350595691411369E-004  1.253366530554885E-002
   24.5404814090020       6.591320376224274E-003  0.107354734356217     
   24.5991859099804      -4.163429760616189E-002  0.125108816083950     
   24.6578904109589      -0.103681565357053       7.216702876047863E-002
   24.7165949119374      -0.170823938005918       0.109719847206346     
   24.7752994129159      -9.852976862616605E-002  0.108635529986691     
   24.8340039138943      -5.954174824100266E-002  6.015715696594584E-002
   24.8927084148728      -5.515279347572860E-002  5.210835305431665E-002
   24.9514129158513      -3.823343172992796E-002  7.963415722571066E-002
   25.0101174168297      -2.332043241345062E-002  2.219425532975872E-002
   25.0688219178082      -8.972757201452641E-002 -6.525456331188627E-002
   25.1275264187867      -0.131803285825125      -4.826909684767788E-002
   25.1862309197652      -0.107996058503187       6.352364515795718E-003
   25.2449354207436      -7.988141421334419E-002  2.005316492565484E-002
   25.3036399217221      -2.187623602128458E-003  1.157515509712056E-002
   25.3623444227006       1.531192366049244E-002 -3.674994807415172E-002
   25.4210489236791       2.896762376788219E-002  6.880926672232468E-003
   25.4797534246575       1.660405489310739E-002  8.549143653028254E-002
   25.5384579256360       7.399117609377667E-002  0.101535162555800     
   25.5971624266145       2.018083977827264E-002  5.240696575924259E-002
   25.6558669275930      -9.878206370777751E-003  1.372330227111563E-002
   25.7145714285714      -1.885383766809907E-002 -4.113730353850345E-002
   25.7732759295499      -1.278956833172506E-002 -1.985479216824059E-002
   25.8319804305284      -4.059174285291733E-002 -5.399439714956794E-003
   25.8906849315069      -6.707054167065379E-002  3.244857715348838E-002
   25.9493894324853      -3.004180358510823E-002  7.672360822005439E-002
   26.0080939334638      -3.228786673945497E-002  6.107509449895108E-002
   26.0667984344423      -7.567674504668857E-002  4.107497033520242E-002
   26.1255029354207      -0.117452971690757       7.173422033342586E-002
   26.1842074363992      -0.131948987343059       0.151524138195813     
   26.2429119373777      -8.126743265717926E-002  0.211625499765383     
   26.3016164383562      -4.077040855245564E-002  0.261768088731082     
   26.3603209393346      -2.926392924661660E-002  0.233161149503732     
   26.4190254403131      -1.678211082331920E-002  0.137585965342778     
   26.4777299412916       2.746311401198637E-002  6.826366292090613E-003
   26.5364344422701       3.057795136364439E-002 -5.014176346301521E-002
   26.5951389432485       1.372477598295133E-002 -3.592159038242133E-002
   26.6538434442270       5.305283063953379E-002 -4.108116109962159E-005
   26.7125479452055       7.141004665378319E-002  4.779847204474299E-002
   26.7712524461840       7.471942242154427E-002 -3.395801943752652E-002
   26.8299569471624       2.695506424076253E-002 -0.124234451155687     
   26.8886614481409       2.935188436228255E-002 -0.158928104575737     
   26.9473659491194       1.006334723473695E-002 -0.133968646585960     
   27.0060704500978      -1.156388246227661E-002 -8.469017857376632E-002
   27.0647749510763      -7.339359060298169E-002 -9.534334012621129E-002
   27.1234794520548      -0.104605880177409      -5.052743831142116E-002
   27.1821839530333      -8.785353718404371E-002  9.052742061965730E-003
   27.2408884540117      -1.997523562000629E-002  7.611733090997534E-002
   27.2995929549902       1.306609860466261E-002  7.116850897515971E-002
   27.3582974559687      -3.311252799940091E-002  0.134560825865180     
   27.4170019569472      -5.622156309492245E-002  0.213633896336147     
   27.4757064579256      -4.939297319730204E-002  0.234755907472468     
   27.5344109589041      -9.499906660993596E-003  0.178480660161566     
   27.5931154598826      -3.100299189470835E-002  3.125433768730415E-002
   27.6518199608611       1.013597414389100E-002 -3.257584577528763E-002
   27.7105244618395       3.710929383513809E-002 -0.102605164497324     
   27.7692289628180       8.437767601913940E-002 -5.895109969663621E-002
   27.8279334637965       5.621009581786501E-002 -5.183857207835236E-002
   27.8866379647750       2.348514781576983E-003 -8.284078578098156E-002
   27.9453424657534      -3.566655443931228E-002 -7.365763447231924E-002
   28.0040469667319       8.121278424212328E-004 -3.895816257993194E-002
   28.0627514677104       1.748925370983230E-002 -4.942270987546233E-002
   28.1214559686888      -9.512048446007230E-003 -0.136770819373822     
   28.1801604696673      -6.643775075904015E-002 -0.105779877660961     
   28.2388649706458      -9.732339336926436E-002 -0.105783864252116     
   28.2975694716243      -7.874669480177521E-002 -7.195456625924773E-002
   28.3562739726027      -4.203260463075241E-002 -7.894282688333998E-002
   28.4149784735812       3.382833930192694E-002 -5.453321091864055E-002
   28.4736829745597       8.590560620388021E-002 -2.621038779600662E-002
   28.5323874755382       6.078903547168774E-002  6.560044610233765E-002
   28.5910919765166       6.085165988475551E-002  0.137862583262911     
   28.6497964774951       3.147647102787181E-002  9.689037241284987E-002
   28.7085009784736       5.270468595995696E-002  2.872923688879095E-002
   28.7672054794521       3.596611820157009E-002 -4.526831028098142E-002
   28.8259099804305       4.689254954623605E-002 -4.921113484520220E-002
   28.8846144814090       4.445860581588217E-002 -5.261383592194668E-002
   28.9433189823875       1.610235191530941E-002 -6.011369864341223E-002
   29.0020234833659       1.781324478392649E-002 -8.860451056718512E-002
   29.0607279843444      -1.395405455461627E-002 -5.639815294209691E-002
   29.1194324853229       2.043993530336075E-002  1.952991643114661E-002
   29.1781369863014      -4.963996585698337E-003  7.588939828719653E-002
   29.2368414872798      -2.709319502837241E-002  8.624947341274672E-002
   29.2955459882583      -2.460693530634982E-002  6.453320870353654E-002
   29.3542504892368      -2.064096364129217E-002  6.931541480146071E-002
   29.4129549902153      -2.445518612379516E-004  3.500308777953005E-002
   29.4716594911937       9.720851995235785E-003  2.828279300767888E-002
   29.5303639921722       1.907348769357117E-002  2.647906583023218E-002
   29.5890684931507      -4.227551079398723E-002  4.552198694491932E-002
   29.6477729941292      -8.816609459525757E-002  3.310805911358442E-002
   29.7064774951076      -8.487050397566830E-002 -3.311870223690548E-002
   29.7651819960861      -0.141092222225511      -4.223134745695149E-002
   29.8238864970646      -0.100151413215455       3.255949040650769E-002
   29.8825909980431      -0.114489337668239       7.371632509748846E-002
   29.9412954990215      -0.112089297084326       7.039317025861061E-002
   30.0000000000000      -6.319968393369234E-002  7.355826278711872E-003
