  2.000000000000000E-003 -5.181299153070577E-015
  6.070450097847359E-002 -6.515647726377454E-014
  0.119409001956947      -7.134813346693729E-013
  0.178113502935421      -6.841731569727766E-012
  0.236818003913894      -5.776378377383276E-011
  0.295522504892368      -4.316171312484367E-010
  0.354227005870842      -2.868438897460453E-009
  0.412931506849315      -1.703544945823659E-008
  0.471636007827789      -9.082174583883275E-008
  0.530340508806262      -4.365506301623171E-007
  0.589045009784736      -1.899695826058798E-006
  0.647749510763209      -7.513681314773951E-006
  0.706454011741683      -2.711290051807141E-005
  0.765158512720157      -8.958010125981597E-005
  0.823863013698630      -2.719202002775008E-004
  0.882567514677104      -7.608043523269147E-004
  0.941272015655577      -1.968063702959963E-003
  0.999976516634051      -4.720616551753334E-003
   1.05868101761252      -1.052774206008835E-002
   1.11738551859100      -2.188542192588056E-002
   1.17609001956947      -4.250922650684769E-002
   1.23479452054795      -7.731416810587696E-002
   1.29349902152642      -0.131924890814172     
   1.35220352250489      -0.211554791896256     
   1.41090802348337      -0.319269790551355     
   1.46961252446184      -0.453928216481132     
   1.52831702544031      -0.608369915727616     
   1.58702152641879      -0.768577625143246     
   1.64572602739726      -0.914432240392100     
   1.70443052837573       -1.02230056956283     
   1.76313502935421       -1.06912696217581     
   1.82183953033268       -1.03714914966472     
   1.88054403131115      -0.918044348275491     
   1.93924853228963      -0.715374670679858     
   1.99795303326810      -0.444635427926664     
   2.05665753424658      -0.130865785682378     
   2.11536203522505       0.195569617093213     
   2.17406653620352       0.503987469678370     
   2.23277103718200       0.768039795349836     
   2.29147553816047       0.969093474530178     
   2.35018003913894        1.09784035121326     
   2.40888454011742        1.15411990905323     
   2.46758904109589        1.14532365002405     
   2.52629354207436        1.08396576638714     
   2.58499804305284       0.985035380756296     
   2.64370254403131       0.863632530989420     
   2.70240704500978       0.733200648610271     
   2.76111154598826       0.604469243465090     
   2.81981604696673       0.485059776099673     
   2.87852054794521       0.379607951336299     
   2.93722504892368       0.290217339014077     
   2.99592954990215       0.217068513947080     
   3.05463405088063       0.159045505836162     
   3.11333855185910       0.114289202498163     
   3.17204305283757       8.063233824338215E-002
   3.23074755381605       5.590559212245779E-002
   3.28945205479452       3.812690267919348E-002
   3.34815655577299       2.559750791852673E-002
   3.40686105675147       1.693122177358004E-002
   3.46556555772994       1.104118905620200E-002
   3.52427005870842       7.103512481527328E-003
   3.58297455968689       4.511649542038542E-003
   3.64167906066536       2.830490099445110E-003
   3.70038356164384       1.755078714005156E-003
   3.75908806262231       1.076146726706064E-003
   3.81779256360078       6.528377726093199E-004
   3.87649706457926       3.920175856157364E-004
   3.93520156555773       2.331145340684933E-004
   3.99390606653620       1.373358372840914E-004
   4.05261056751468       8.019127904481581E-005
   4.11131506849315       4.642677612806625E-005
   4.17001956947162       2.666056471596224E-005
   4.22872407045010       1.519089226297907E-005
   4.28742857142857       8.591259994475225E-006
   4.34613307240704       4.824250175158261E-006
   4.40483757338552       2.690515488368281E-006
   4.46354207436399       1.490737438299872E-006
   4.52224657534247       8.208207565171272E-007
   4.58095107632094       4.492551677604460E-007
   4.63965557729941       2.444816706370716E-007
   4.69836007827789       1.323164898345732E-007
   4.75706457925636       7.123564705232817E-008
   4.81576908023483       3.815868071080770E-008
   4.87447358121331       2.034203999648596E-008
   4.93317808219178       1.079417345814241E-008
   4.99188258317025       5.702466320874849E-009
   5.05058708414873       2.999822467196519E-009
   5.10929158512720       1.571684628305012E-009
   5.16799608610568       8.202504624746668E-010
   5.22670058708415       4.264909280570799E-010
   5.28540508806262       2.209649096994994E-010
   5.34410958904110       1.140911821651759E-010
   5.40281409001957       5.871625966362635E-011
   5.46151859099804       3.012325101313286E-011
   5.52022309197652       1.540776126213511E-011
   5.57892759295499       7.858255443057087E-012
   5.63763209393346       3.996814443129012E-012
   5.69633659491194       2.027464208995663E-012
   5.75504109589041       1.025868690565817E-012
   5.81374559686888       5.178162763418514E-013
   5.87245009784736       2.607648173122150E-013
   5.93115459882583       1.310249028439572E-013
   5.98985909980431       6.569474777436373E-014
   6.04856360078278       3.287139268552418E-014
   6.10726810176125       1.641546854498569E-014
   6.16597260273973       8.182230318561584E-015
   6.22467710371820       4.071058831268025E-015
   6.28338160469667       2.022054766863461E-015
   6.34208610567515       1.002673499197039E-015
   6.40079060665362       4.964061652725662E-016
   6.45949510763209       2.453886506324795E-016
   6.51819960861057       1.211264313825828E-016
   6.57690410958904       5.970584312069605E-017
   6.63560861056752       2.939093696889483E-017
   6.69431311154599       1.444950186417414E-017
   6.75301761252446       7.095096777104216E-018
   6.81172211350294       3.479781425470292E-018
   6.87042661448141       1.704727883687736E-018
   6.92913111545988       8.342342150128631E-019
   6.98783561643836       4.078216633855085E-019
   7.04654011741683       1.991685030060256E-019
   7.10524461839530       9.717555584053925E-020
   7.16394911937378       4.736926006328375E-020
   7.22265362035225       2.307043757019379E-020
   7.28135812133072       1.122665846753850E-020
   7.34006262230920       5.458782193702041E-021
   7.39876712328767       2.652198932825454E-021
   7.45747162426615       1.287642775048620E-021
   7.51617612524462       6.247078765368897E-022
   7.57488062622309       3.028751335127902E-022
   7.63358512720157       1.467464280613837E-022
   7.69228962818004       7.105595278529003E-023
   7.75099412915851       3.438536516605367E-023
   7.80969863013699       1.663021370238305E-023
   7.86840313111546       8.038654402406894E-024
   7.92710763209393       3.883650311165476E-024
   7.98581213307241       1.875329543350875E-024
   8.04451663405088       9.051173252620906E-025
   8.10322113502936       4.366471989429106E-025
   8.16192563600783       2.105539278813067E-025
   8.22063013698630       1.014871108531576E-025
   8.27933463796478       4.889686044846448E-026
   8.33803913894325       2.354946030635897E-026
   8.39674363992172       1.133751536118743E-026
   8.45544814090020       5.456303513717012E-027
   8.51415264187867       2.625000136927227E-027
   8.57285714285714       1.262456798297940E-027
   8.63156164383562       6.069683631360319E-028
   8.69026614481409       2.917316998049725E-028
   8.74897064579256       1.401763328289742E-028
   8.80767514677104       6.733556521464382E-029
   8.86637964774951       3.233687831822848E-029
   8.92508414872799       1.552530911840414E-029
   8.98378864970646       7.452047517876252E-030
   9.04249315068493       3.576091270128587E-030
   9.10119765166341       1.715708224307887E-030
   9.15990215264188       8.229703634130909E-031
   9.21860665362035       3.946706024788898E-031
   9.27731115459883       1.892338896177383E-031
   9.33601565557730       9.071522628589710E-032
   9.39472015655577       4.347924821924539E-032
   9.45342465753425       2.083568195849098E-032
   9.51212915851272       9.982985062565097E-033
   9.57083365949119       4.782369783113103E-033
   9.62953816046967       2.290650409992476E-033
   9.68824266144814       1.097008971432102E-033
   9.74694716242662       5.252909417973701E-034
   9.80565166340509       2.514956996442945E-034
   9.86435616438356       1.203939269173556E-034
   9.92306066536204       5.762677385511462E-035
   9.98176516634051       2.757985582128046E-035
   10.0404696673190       1.319805057884382E-035
   10.0991741682975       6.315093179791494E-036
   10.1578786692759       3.021369878467234E-036
   10.2165831702544       1.445386795465666E-036
   10.2752876712329       6.913884898478870E-037
   10.3339921722114       3.306890588714217E-037
   10.3926966731898       1.581534963493305E-037
   10.4514011741683       7.563114259740359E-038
   10.5101056751468       3.616487385503130E-038
   10.5688101761252       1.729175800763049E-038
   10.6275146771037       8.267204043397160E-039
   10.6862191780822       3.952272042158134E-039
   10.7449236790607       1.889317585947607E-039
   10.8036281800391       9.030968145553316E-040
   10.8623326810176       4.316542807938735E-040
   10.9210371819961       2.063057512366597E-040
   10.9797416829746       9.859644451891035E-041
   11.0384461839530       4.711800125179861E-041
   11.0971506849315       2.251589201655563E-041
   11.1558551859100       1.075893075315890E-041
   11.2145596868885       5.140763795149785E-042
   11.2732641878669       2.456210907395020E-042
   11.3319686888454       1.173502394696300E-042
   11.3906731898239       5.606391709341604E-043
   11.4493776908024       2.678334464509203E-043
   11.5080821917808       1.279466279273431E-043
   11.5667866927593       6.111900273815313E-044
   11.6254911937378       2.919495045459048E-044
   11.6841956947162       1.394517451168419E-044
   11.7429001956947       6.660786666126590E-045
   11.8016046966732       3.181361789950448E-045
   11.8603091976517       1.519452555075484E-045
   11.9190136986301       7.256853077357672E-046
   11.9777181996086       3.465749381067985E-046
   12.0364227005871       1.655137685910113E-046
   12.0951272015656       7.904233105850547E-047
   12.1538317025440       3.774630647464452E-047
   12.2125362035225       1.802514405767923E-047
   12.2712407045010       8.607420484517448E-048
   12.3299452054795       4.110150278517161E-048
   12.3886497064579       1.962606291723071E-048
   12.4473542074364       9.371300340154434E-049
   12.5060587084149       4.474639747251116E-049
   12.5647632093933       2.136526059755676E-049
   12.6234677103718       1.020118320110634E-049
   12.6821722113503       4.870633544377927E-050
   12.7408767123288       2.325483314173375E-050
   12.7995812133072       1.110284198907129E-050
   12.8582857142857       5.300886836060169E-051
   12.9169902152642       2.530792976307823E-051
   12.9756947162427       1.208255225187729E-051
   13.0343992172211       5.768394668053639E-052
   13.0931037181996       2.753884451055522E-052
   13.1518082191781       1.314713591690820E-052
   13.2105127201566       6.276412849768363E-053
   13.2692172211350       2.996311595025553E-053
   13.3279217221135       1.430400886961380E-053
   13.3866262230920       6.828480663601210E-054
   13.4453307240705       3.259763555690412E-054
   13.5040352250489       1.556123268842474E-054
   13.5627397260274       7.428445557715827E-055
   13.6214442270059       3.546076557053215E-055
   13.6801487279843       1.692757089655920E-055
   13.7388532289628       8.080489994356724E-056
   13.7975577299413       3.857246713980589E-056
   13.8562622309198       1.841255012287518E-056
   13.9149667318982       8.789160640901450E-057
   13.9736712328767       4.195443964564238E-057
   14.0323757338552       2.002652659834116E-057
   14.0910802348337       9.559400107264731E-058
   14.1497847358121       4.563027217700327E-058
   14.2084892367906       2.178075845202681E-058
   14.2671937377691       1.039658145108822E-058
   14.3258982387476       4.962560821585640E-059
   14.3846027397260       2.368748431114852E-059
   14.4433072407045       1.130654569153917E-059
   14.5020117416830       5.396832468073278E-060
   14.5607162426614       2.576000875378114E-060
   14.6194207436399       1.229564259356289E-060
   14.6781252446184       5.868872657868899E-061
   14.7368297455969       2.801279521077503E-061
   14.7955342465753       1.337077500732980E-061
   14.8542387475538       6.381975862471602E-062
   14.9129432485323       3.046156696554113E-062
   14.9716477495108       1.453944707245627E-062
   15.0303522504892       6.939723530617845E-063
   15.0890567514677       3.312341695691418E-063
   15.1477612524462       1.580981662360565E-063
   15.2064657534247       7.546009099884856E-064
   15.2651702544031       3.601692715191639E-064
   15.3238747553816       1.719075216344440E-064
   15.3825792563601       8.205065188126120E-065
   15.4412837573386       3.916229832204410E-065
   15.4999882583170       1.869189480082989E-065
   15.5586927592955       8.921493154636354E-066
   15.6173972602740       4.258149112947593E-066
   15.6761017612524       2.032372558683091E-066
   15.7348062622309       9.700295237517210E-067
   15.7935107632094       4.629837950857051E-067
   15.8522152641879       2.209763871887106E-067
   15.9109197651663       1.054690949169523E-067
   15.9696242661448       5.033891741396370E-068
   16.0283287671233       2.402602112430324E-068
   16.0870332681018       1.146724777163642E-068
   16.1457377690802       5.473132009997657E-069
   16.2044422700587       2.612233897929287E-069
   16.2631467710372       1.246773702404868E-069
   16.3218512720157       5.950626119750234E-070
   16.3805557729941       2.840123176733766E-070
   16.4392602739726       1.355536417900851E-070
   16.4979647749511       6.469708696503672E-071
   16.5566692759296       3.087861453441415E-071
   16.6153737769080       1.473772495307672E-071
   16.6740782778865       7.034004921029140E-072
   16.7327827788650       3.357178905503748E-072
   16.7914872798434       1.602307690529532E-072
   16.8501917808219       7.647455850954278E-073
   16.9088962818004       3.649956468572826E-073
   16.9676007827789       1.742039711668298E-073
   17.0263052837573       8.314345949335561E-074
   17.0850097847358       3.968238975008551E-074
   17.1437142857143       1.893944489612460E-074
   17.2024187866928       9.039333012172803E-075
   17.2611232876712       4.314249437323970E-075
   17.3198277886497       2.059082995067797E-075
   17.3785322896282       9.827480703917490E-076
   17.4372367906067       4.690404576340216E-076
   17.4959412915851       2.238608649649664E-076
   17.5546457925636       1.068429392823895E-076
   17.6133502935421       5.099331702524048E-077
   17.6720547945205       2.433775382804533E-077
   17.7307592954990       1.161575728114117E-077
   17.7894637964775       5.543887068428739E-078
   17.8481682974560       2.645946390843284E-078
   17.9068727984344       1.262837685502198E-078
   17.9655772994129       6.027175820434246E-079
   18.0242818003914       2.876603659270036E-079
   18.0829863013699       1.372922568570592E-079
   18.1416908023483       6.552573689167429E-080
   18.2003953033268       3.127358314924432E-080
   18.2590998043053       1.492599315991578E-080
   18.3178043052838       7.123750570104443E-081
   18.3765088062622       3.399961880252475E-081
   18.4352133072407       1.622703872830689E-081
   18.4939178082192       7.744696159091313E-082
   18.5526223091977       3.696318508320261E-082
   18.6113268101761       1.764145029928570E-082
   18.6700313111546       8.419747821847954E-083
   18.7287358121331       4.018498284038335E-083
   18.7874403131115       1.917910772150911E-083
   18.8461448140900       9.153620892136233E-084
   18.9048493150685       4.368751684513048E-084
   18.9635538160470       2.085075179852174E-084
   19.0222583170254       9.951441610251378E-085
   19.0809628180039       4.749525299533958E-085
   19.1396673189824       2.266805931763748E-085
   19.1983718199609       1.081878293190556E-085
   19.2570763209393       5.163478922016226E-086
   19.3157808219178       2.464372461716124E-086
   19.3744853228963       1.176170345767080E-086
   19.4331898238748       5.613504127779028E-087
   19.4918943248532       2.679154826175541E-087
   19.5505988258317       1.278678975489852E-087
   19.6093033268102       6.102744474450210E-088
   19.6680078277886       2.912653344537366E-088
   19.7267123287671       1.390120236776847E-088
   19.7854168297456       6.634617460597414E-089
   19.8441213307241       3.166499079518846E-089
   19.9028258317025       1.511272583686806E-089
   19.9615303326810       7.212838398476828E-090
   20.0202348336595       3.442465230862732E-090
   20.0789393346380       1.642982307770139E-090
   20.1376438356164       7.841446367166861E-091
   20.1963483365949       3.742479521940038E-091
   20.2550528375734       1.786169449800978E-091
   20.3137573385519       8.524832427379235E-092
   20.3724618395303       4.068637665781061E-092
   20.4311663405088       1.941834226684010E-092
   20.4898708414873       9.267770295037813E-093
   20.5485753424658       4.423218004599064E-093
   20.6072798434442       2.111064018433041E-093
   20.6659843444227       1.007544968790782E-093
   20.7246888454012       4.808697425071478E-094
   20.7833933463796       2.295040964028606E-094
   20.8420978473581       1.095351257819750E-094
   20.9008023483366       5.227768660556140E-095
   20.9595068493151       2.495050219213956E-095
   21.0182113502935       1.190809260439638E-095
   21.0769158512720       5.683359101104417E-096
   21.1356203522505       2.712488933916147E-096
   21.1943248532290       1.294585791764587E-096
   21.2530293542074       6.178651242669430E-097
   21.3117338551859       2.948876012002198E-097
   21.3704383561644       1.407405776194416E-097
   21.4291428571429       6.717104918358787E-098
   21.4878473581213       3.205862721547606E-098
   21.5465518590998       1.530057311359051E-098
   21.6052563600783       7.302481467023954E-099
   21.6639608610568       3.485244229736017E-099
   21.7226653620352       1.663397173357704E-099
   21.7813698630137       7.938870008020789E-100
   21.8400743639922       3.788972142964816E-100
   21.8987788649706       1.808356801753491E-100
   21.9574833659491       8.630716005678863E-101
   22.0161878669276       4.119168139758165E-101
   22.0748923679061       1.965948806127998E-101
   22.1335968688845       9.382852323017754E-102
   22.1923013698630       4.478138791717646E-102
   22.2510058708415       2.137274039649529E-102
   22.3097103718200       1.020053298163898E-102
   22.3684148727984       4.868391676043034E-103
   22.4271193737769       2.323529289067159E-103
   22.4858238747554       1.108946986361594E-103
   22.5445283757339       5.292652892178337E-104
   22.6032328767123       2.526015634847232E-104
   22.6619373776908       1.205587261177109E-104
   22.7206418786693       5.753886104943068E-105
   22.7793463796478       2.746147539855328E-105
   22.8380508806262       1.310649200705819E-105
   22.8967553816047       6.255313247175644E-106
   22.9554598825832       2.985462730068502E-106
   23.0141643835616       1.424866712605648E-106
   23.0728688845401       6.800437026508495E-107
   23.1315733855186       3.245632936342417E-107
   23.1902778864971       1.549037660801596E-107
   23.2489823874755       7.393065393491931E-108
   23.3076868884540       3.528475572269555E-108
   23.3663913894325       1.684029438954617E-108
   23.4250958904110       8.037338141993541E-109
   23.4838003913894       3.835966429702080E-109
   23.5425048923679       1.830785029631841E-109
   23.6012093933464       8.737755827685934E-110
   23.6599138943249       4.170253480626807E-110
   23.7186183953033       1.990329591501985E-110
   23.7773228962818       9.499211206633716E-111
   23.8360273972603       4.533671881802651E-111
   23.8947318982387       2.163777620570684E-111
   23.9534363992172       1.032702341359697E-111
   24.0121409001957       4.928760286976088E-112
   24.0708454011742       2.352340735483523E-112
   24.1295499021526       1.122697511879701E-112
   24.1882544031311       5.358278580625214E-113
   24.2469589041096       2.557336141275794E-113
   24.3056634050881       1.220535292271032E-113
   24.3643679060665       5.825227157107635E-114
   24.4230724070450       2.780195830698558E-114
   24.4817769080235       1.326899127106212E-114
   24.5404814090020       6.332867879890774E-115
   24.5991859099804       3.022476587390706E-115
   24.6578904109589       1.442532019678856E-115
   24.7165949119374       6.884746867273157E-116
   24.7752994129159       3.285870860778846E-116
   24.8340039138943       1.568241722247587E-116
   24.8927084148728       7.484719263761450E-117
   24.9514129158513       3.572218588669847E-117
   25.0101174168297       1.704906378582529E-117
   25.0688219178082       8.136976170157250E-118
   25.1275264187867       3.883520050120911E-118
   25.1862309197652       1.853480658231932E-118
   25.2449354207436       8.846073920456433E-119
   25.3036399217221       4.221949838373931E-119
   25.3623444227006       2.015002425359450E-119
   25.4210489236791       9.616965910084986E-120
   25.4797534246575       4.589872051460997E-120
   25.5384579256360       2.190599988735685E-120
   25.5971624266145       1.045503719780707E-120
   25.6558669275930       4.989856806592066E-121
   25.7145714285714       2.381499983531211E-121
   25.7732759295499       1.136614212301182E-121
   25.8319804305284       5.424698193690641E-122
   25.8906849315069       2.589035939967232E-122
   25.9493894324853       1.235664520116119E-122
   26.0080939334638       5.897433793488151E-123
   26.0667984344423       2.814657598681917E-123
   26.1255029354207       1.343346558306255E-123
   26.1842074363992       6.411365896523414E-124
   26.2429119373777       3.059941037882239E-124
   26.3016164383562       1.460412538854864E-124
   26.3603209393346       6.970084571267669E-125
   26.4190254403131       3.326599683027479E-125
   26.4777299412916       1.587680225219522E-125
   26.5364344422701       7.577492742523168E-126
   26.5951389432485       3.616496275951246E-126
   26.6538434442270       1.726038644812410E-126
   26.7125479452055       8.237833455278385E-127
   26.7712524461840       3.931655887030282E-127
   26.8299569471624       1.876454299295307E-127
   26.8886614481409       8.955719514466428E-128
   26.9473659491194       4.274280061299964E-128
   27.0060704500978       2.039977916070585E-128
   27.0647749510763       9.736165707682837E-129
   27.1234794520548       4.646762197332634E-129
   27.1821839530333       2.217751788129465E-129
   27.2408884540117       1.058462383595148E-129
   27.2995929549902       5.051704266305239E-130
   27.3582974559687       2.411017753532300E-130
   27.4170019569472       1.150702079723890E-130
   27.4757064579256       5.491934988052050E-131
   27.5344109589041       2.621125870259492E-131
   27.5931154598826       1.250979998876418E-131
   27.6518199608611       5.970529591067055E-132
   27.7105244618395       2.849543847032901E-132
   27.7692289628180       1.359996631730153E-132
   27.8279334637965       6.490831294492911E-133
   27.8866379647750       3.097867295984113E-133
   27.9453424657534       1.478513513191042E-133
   28.0040469667319       7.056474662153390E-134
   28.0627514677104       3.367830878792595E-134
   28.1214559686888       1.607358542090832E-134
   28.1801604696673       7.671410991775054E-135
   28.2388649706458       3.661320424153563E-135
   28.2975694716243       1.747431764467736E-135
   28.3562739726027       8.339935916752279E-136
   28.4149784735812       3.980386101220497E-136
   28.4736829745597       1.899711660833104E-136
   28.5323874755382       9.066719413262388E-137
   28.5910919765166       4.327256741048237E-137
   28.6497964774951       2.065261981339821E-137
   28.7085009784736       9.856838422353855E-138
   28.7672054794521       4.704355406078202E-138
   28.8259099804305       2.245239176601623E-138
   28.8846144814090       1.071581231488557E-138
   28.9433189823875       5.114316316423085E-139
   29.0020234833659       2.440900476071350E-139
   29.0607279843444       1.164964144705124E-139
   29.1194324853229       5.560003251194696E-140
   29.1781369863014       2.653612670408611E-140
   29.2368414872798       1.266484907582859E-140
   29.2955459882583       6.044529553413106E-141
   29.3542504892368       2.884861659187306E-141
   29.4129549902153       1.376852692714964E-141
   29.4716594911937       6.571279878244663E-142
   29.5303639921722       3.136262830636171E-142
   29.5890684931507       1.496838473509899E-142
   29.6477729941292       7.143933836485850E-143
   29.7064774951076       3.409572345922797E-143
   29.7651819960861       1.627280409821692E-143
   29.8238864970646       7.766491698460662E-144
   29.8825909980431       3.706699406806338E-144
   29.9412954990215       1.769089702908874E-144
   30.0000000000000       8.443302337883586E-145
