  2.000000000000000E-003 -3.641937240914008E-012
  6.070450097847359E-002 -4.109442563042898E-011
  0.119409001956947      -4.011728887470005E-010
  0.178113502935421      -3.405680496094095E-009
  0.236818003913894      -2.526349312466474E-008
  0.295522504892368      -1.644980072793233E-007
  0.354227005870842      -9.441279135824584E-007
  0.412931506849315      -4.795010120469371E-006
  0.471636007827789      -2.162598090738743E-005
  0.530340508806262      -8.689049875854730E-005
  0.589045009784736      -3.118820458684869E-004
  0.647749510763209      -1.002418674497216E-003
  0.706454011741683      -2.890311300706701E-003
  0.765158512720157      -7.485218289213664E-003
  0.823863013698630      -1.741886377848628E-002
  0.882567514677104      -3.640315033305816E-002
  0.941272015655577      -6.818586444985503E-002
  0.999976516634051      -0.113999818516589     
   1.05868101761252      -0.168856038897879     
   1.11738551859100      -0.218605331625501     
   1.17609001956947      -0.241039230007255     
   1.23479452054795      -0.213705556329732     
   1.29349902152642      -0.127405388255168     
   1.35220352250489       1.258224089848470E-003
   1.41090802348337       0.128277515528867     
   1.46961252446184       0.198169548086511     
   1.52831702544031       0.173306612284317     
   1.58702152641879       6.058820541145744E-002
   1.64572602739726      -8.398091622337017E-002
   1.70443052837573      -0.181383575260721     
   1.76313502935421      -0.174683291433907     
   1.82183953033268      -6.571505693102618E-002
   1.88054403131115       8.220000899329404E-002
   1.93924853228963       0.180501685903996     
   1.99795303326810       0.169424180748895     
   2.05665753424658       5.547153668976417E-002
   2.11536203522505      -9.216729100733624E-002
   2.17406653620352      -0.184225696267651     
   2.23277103718200      -0.165839743291947     
   2.29147553816047      -4.885115302319781E-002
   2.35018003913894       9.701178214850467E-002
   2.40888454011742       0.186870463002015     
   2.46758904109589       0.170202304148360     
   2.52629354207436       5.796831035839053E-002
   2.58499804305284      -8.643435178698042E-002
   2.64370254403131      -0.184458000423867     
   2.70240704500978      -0.185156366188873     
   2.76111154598826      -9.011541932872802E-002
   2.81981604696673       5.065797657593842E-002
   2.87852054794521       0.166793516038966     
   2.93722504892368       0.203071997494162     
   2.99592954990215       0.144420194451566     
   3.05463405088063       1.987387878909172E-002
   3.11333855185910      -0.113762393391159     
   3.17204305283757      -0.198771399258390     
   3.23074755381605      -0.200952810644875     
   3.28945205479452      -0.121695930480767     
   3.34815655577299       5.566587738252233E-003
   3.40686105675147       0.130989038742254     
   3.46556555772994       0.208355725964259     
   3.52427005870842       0.211467264600560     
   3.58297455968689       0.141499737394829     
   3.64167906066536       2.409168747168370E-002
   3.70038356164384      -0.101334230016832     
   3.75908806262231      -0.195359488952531     
   3.81779256360078      -0.230636233432404     
   3.87649706457926      -0.198807685742862     
   3.93520156555773      -0.111037019847857     
   3.99390606653620       7.001709270377413E-003
   4.05261056751468       0.123407482354728     
   4.11131506849315       0.208874678839891     
   4.17001956947162       0.243690951975070     
   4.22872407045010       0.221463859412103     
   4.28742857142857       0.149216061002667     
   4.34613307240704       4.442705322342039E-002
   4.40483757338552      -6.980674256970176E-002
   4.46354207436399      -0.170130029848357     
   4.52224657534247      -0.237597171865887     
   4.58095107632094      -0.260825843234051     
   4.63965557729941      -0.237279632994814     
   4.69836007827789      -0.172758926764873     
   4.75706457925636      -7.950073042837026E-002
   4.81576908023483       2.653953755559007E-002
   4.87447358121331       0.128623264016294     
   4.93317808219178       0.211864847847479     
   4.99188258317025       0.265206893601410     
   5.05058708414873       0.282551032867145     
   5.10929158512720       0.263027852323282     
   5.16799608610568       0.210520187112392     
   5.22670058708415       0.132637275670859     
   5.28540508806262       3.937239102386230E-002
   5.34410958904110      -5.832929195769399E-002
   5.40281409001957      -0.149901271680415     
   5.46151859099804      -0.226245851901245     
   5.52022309197652      -0.280502879508539     
   5.57892759295499      -0.308470526015247     
   5.63763209393346      -0.308696367478721     
   5.69633659491194      -0.282289186625286     
   5.75504109589041      -0.232520846864876     
   5.81374559686888      -0.164294488998168     
   5.87245009784736      -8.355250700667792E-002
   5.93115459882583       3.311915887861899E-003
   5.98985909980431       8.998967385844758E-002
   6.04856360078278       0.170702307580752     
   6.10726810176125       0.240540549653064     
   6.16597260273973       0.295688360647114     
   6.22467710371820       0.333536666063039     
   6.28338160469667       0.352698823983909     
   6.34208610567515       0.352944835299245     
   6.40079060665362       0.335073748159141     
   6.45949510763209       0.300744052276199     
   6.51819960861057       0.252280616429913     
   6.57690410958904       0.192474400582111     
   6.63560861056752       0.124388230299504     
   6.69431311154599       5.117873864574171E-002
   6.75301761252446      -2.405854398808186E-002
   6.81172211350294      -9.841682788580906E-002
   6.87042661448141      -0.169276761070715     
   6.92913111545988      -0.234376505083889     
   6.98783561643836      -0.291855016311374     
   7.04654011741683      -0.340271409400711     
   7.10524461839530      -0.378603920501800     
   7.16394911937378      -0.406232283997516     
   7.22265362035225      -0.422907355957181     
   7.28135812133072      -0.428711628831221     
   7.34006262230920      -0.424013947758206     
   7.39876712328767      -0.409421314182176     
   7.45747162426615      -0.385730192920994     
   7.51617612524462      -0.353879260477352     
   7.57488062622309      -0.314905072245516     
   7.63358512720157      -0.269901703161129     
   7.69228962818004      -0.219985042098233     
   7.75099412915851      -0.166262101043029     
   7.80969863013699      -0.109805437402565     
   7.86840313111546      -5.163258005900620E-002
   7.92710763209393       7.309807023020707E-003
   7.98581213307241       6.615740111936977E-002
   8.04451663405088       0.124135786455888     
   8.10322113502936       0.180564597847227     
   8.16192563600783       0.234858743286481     
   8.22063013698630       0.286527198236536     
   8.27933463796478       0.335169840623537     
   8.33803913894325       0.380472760893628     
   8.39674363992172       0.422202439849437     
   8.45544814090020       0.460199141521709     
   8.51415264187867       0.494369821594024     
   8.57285714285714       0.524680805836996     
   8.63156164383562       0.551150449061054     
   8.69026614481409       0.573841944263702     
   8.74897064579256       0.592856414564121     
   8.80767514677104       0.608326387527439     
   8.86637964774951       0.620409722694934     
   8.92508414872799       0.629284038492162     
   8.98378864970646       0.635141663995094     
   9.04249315068493       0.638185124018386     
   9.10119765166341       0.638623152318905     
   9.15990215264188       0.636667217022644     
   9.21860665362035       0.632528534315887     
   9.27731115459883       0.626415540630906     
   9.33601565557730       0.618531789658022     
   9.39472015655577       0.609074238209611     
   9.45342465753425       0.598231883956338     
   9.51212915851272       0.586184718091043     
   9.57083365949119       0.573102956822593     
   9.62953816046967       0.559146517062325     
   9.68824266144814       0.544464703570761     
   9.74694716242662       0.529196077040173     
   9.80565166340509       0.513468474982447     
   9.86435616438356       0.497399159776214     
   9.92306066536204       0.481095070727119     
   9.98176516634051       0.464653159451260     
   10.0404696673190       0.448160790260090     
   10.0991741682975       0.431696189473129     
   10.1578786692759       0.415328929690434     
   10.2165831702544       0.399120437006359     
   10.2752876712329       0.383124510932179     
   10.3339921722114       0.367387848416162     
   10.3926966731898       0.351950564807541     
   10.4514011741683       0.336846705911147     
   10.5101056751468       0.322104746429545     
   10.5688101761252       0.307748071098614     
   10.6275146771037       0.293795435700609     
   10.6862191780822       0.280261405896411     
   10.7449236790607       0.267156772466666     
   10.8036281800391       0.254488942100512     
   10.8623326810176       0.242262303330716     
   10.9210371819961       0.230478567595335     
   10.9797416829746       0.219137085717508     
   11.0384461839530       0.208235140345476     
   11.0971506849315       0.197768215092107     
   11.1558551859100       0.187730241264576     
   11.2145596868885       0.178113823186718     
   11.2732641878669       0.168910443194974     
   11.3319686888454       0.160110647439039     
   11.3906731898239       0.151704213644835     
   11.4493776908024       0.143680302004557     
   11.5080821917808       0.136027590349732     
   11.5667866927593       0.128734394741670     
   11.6254911937378       0.121788776582109     
   11.6841956947162       0.115178637307488     
   11.7429001956947       0.108891801685232     
   11.8016046966732       0.102916090681262     
   11.8603091976517       9.723938481610976E-002
   11.9190136986301       9.184967887370064E-002
   11.9777181996086       8.673512877298369E-002
   12.0364227005871       8.188409135898232E-002
   12.0951272015656       7.728515781706839E-002
   12.1538317025440       7.292718136288409E-002
   12.2125362035225       6.879929981068780E-002
   12.2712407045010       6.489095357528023E-002
   12.3299452054795       6.119189961728521E-002
   12.3886497064579       5.769222179852786E-002
   12.4473542074364       5.438233807367197E-002
   12.5060587084149       5.125300490616391E-002
   12.5647632093933       4.829531926088138E-002
   12.6234677103718       4.550071849266511E-002
   12.6821722113503       4.286097841906247E-002
   12.7408767123288       4.036820983704931E-002
   12.7995812133072       3.801485371713599E-002
   12.8582857142857       3.579367528400175E-002
   12.9169902152642       3.369775717052816E-002
   12.9756947162427       3.172049181170995E-002
   13.0343992172211       2.985557322629719E-002
   13.0931037181996       2.809698831704825E-002
   13.1518082191781       2.643900780504800E-002
   13.2105127201566       2.487617689954897E-002
   13.2692172211350       2.340330579213070E-002
   13.3279217221135       2.201546005253870E-002
   13.3866262230920       2.070795099326195E-002
   13.4453307240705       1.947632606065018E-002
   13.5040352250489       1.831635930206755E-002
   13.5627397260274       1.722404195115296E-002
   13.6214442270059       1.619557316662651E-002
   13.6801487279843       1.522735095418145E-002
   13.7388532289628       1.431596329576233E-002
   13.7975577299413       1.345817950589214E-002
   13.8562622309198       1.265094183061928E-002
   13.9149667318982       1.189135730105308E-002
   13.9736712328767       1.117668985030224E-002
   14.0323757338552       1.050435269987317E-002
   14.0910802348337       9.871901019189552E-003
   14.1497847358121       9.277024859820546E-003
   14.2084892367906       8.717542364220643E-003
   14.2671937377691       8.191393247257414E-003
   14.3258982387476       7.696632547507259E-003
   14.3846027397260       7.231424644206970E-003
   14.4433072407045       6.794037534839921E-003
   14.5020117416830       6.382837367585364E-003
   14.5607162426614       5.996283222252818E-003
   14.6194207436399       5.632922132840904E-003
   14.6781252446184       5.291384344487633E-003
   14.7368297455969       4.970378797302103E-003
   14.7955342465753       4.668688829375218E-003
   14.8542387475538       4.385168091145657E-003
   14.9129432485323       4.118736663240326E-003
   14.9716477495108       3.868377369904009E-003
   15.0303522504892       3.633132280175171E-003
   15.0890567514677       3.412099389045931E-003
   15.1477612524462       3.204429470958025E-003
   15.2064657534247       3.009323098127705E-003
   15.2651702544031       2.826027816356464E-003
   15.3238747553816       2.653835471166096E-003
   15.3825792563601       2.492079677293195E-003
   15.4412837573386       2.340133424785749E-003
   15.4999882583170       2.197406815160416E-003
   15.5586927592955       2.063344921300806E-003
   15.6173972602740       1.937425765002723E-003
   15.6761017612524       1.819158406299367E-003
   15.7348062622309       1.708081138927267E-003
   15.7935107632094       1.603759786519930E-003
   15.8522152641879       1.505786094340377E-003
   15.9109197651663       1.413776211584578E-003
   15.9696242661448       1.327369259504581E-003
   16.0283287671233       1.246225980812167E-003
   16.0870332681018       1.170027466030746E-003
   16.1457377690802       1.098473952664334E-003
   16.2044422700587       1.031283693247418E-003
   16.2631467710372       9.681918885286841E-004
   16.3218512720157       9.089496822236948E-004
   16.3805557729941       8.533232139477994E-004
   16.4392602739726       8.010927271096734E-004
   16.4979647749511       7.520517287088277E-004
   16.5566692759296       7.060061981363810E-004
   16.6153737769080       6.627738422283579E-004
   16.6740782778865       6.221833939638094E-004
   16.7327827788650       5.840739523373135E-004
   16.7914872798434       5.482943610661434E-004
   16.8501917808219       5.147026239174153E-004
   16.9088962818004       4.831653545595662E-004
   16.9676007827789       4.535572589559608E-004
   17.0263052837573       4.257606484265028E-004
   17.0850097847358       3.996649816057259E-004
   17.1437142857143       3.751664336236029E-004
   17.2024187866928       3.521674909279761E-004
   17.2611232876712       3.305765702556172E-004
   17.3198277886497       3.103076603424130E-004
   17.3785322896282       2.912799850424750E-004
   17.4372367906067       2.734176866009426E-004
   17.4959412915851       2.566495278965047E-004
   17.5546457925636       2.409086125369054E-004
   17.6133502935421       2.261321217545393E-004
   17.6720547945205       2.122610671095009E-004
   17.7307592954990       1.992400580645234E-004
   17.7894637964775       1.870170835501849E-004
   17.8481682974560       1.755433066896897E-004
   17.9068727984344       1.647728719007502E-004
   17.9655772994129       1.546627236375159E-004
   18.0242818003914       1.451724360785045E-004
   18.0829863013699       1.362640531069786E-004
   18.1416908023483       1.279019379685213E-004
   18.2003953033268       1.200526320266129E-004
   18.2590998043053       1.126847220711094E-004
   18.3178043052838       1.057687156665894E-004
   18.3765088062622       9.927692405784762E-005
   18.4352133072407       9.318335217833073E-005
   18.4939178082192       8.746359533421336E-005
   18.5526223091977       8.209474216216617E-005
   18.6113268101761       7.705528348273116E-005
   18.6700313111546       7.232502669373141E-005
   18.7287358121331       6.788501536930436E-005
   18.7874403131115       6.371745375012202E-005
   18.8461448140900       5.980563582911910E-005
   18.9048493150685       5.613387875475435E-005
   18.9635538160470       5.268746029045689E-005
   19.0222583170254       4.945256008458968E-005
   19.0809628180039       4.641620451998789E-005
   19.1396673189824       4.356621492601798E-005
   19.1983718199609       4.089115894913755E-005
   19.2570763209393       3.838030489022682E-005
   19.3157808219178       3.602357882850091E-005
   19.3744853228963       3.381152436268124E-005
   19.4331898238748       3.173526481031636E-005
   19.4918943248532       2.978646771574846E-005
   19.5505988258317       2.795731152626024E-005
   19.6093033268102       2.624045430442229E-005
   19.6680078277886       2.462900435265444E-005
   19.7267123287671       2.311649263351572E-005
   19.7854168297456       2.169684687629766E-005
   19.8441213307241       2.036436726712644E-005
   19.9028258317025       1.911370362601765E-005
   19.9615303326810       1.793983398018146E-005
   20.0202348336595       1.683804444838987E-005
   20.0789393346380       1.580391035638586E-005
   20.1376438356164       1.483327850818316E-005
   20.1963483365949       1.392225054267074E-005
   20.2550528375734       1.306716730923194E-005
   20.3137573385519       1.226459420012222E-005
   20.3724618395303       1.151130738113750E-005
   20.4311663405088       1.080428086566926E-005
   20.4898708414873       1.014067438058380E-005
   20.5485753424658       9.517821975509014E-006
   20.6072798434442       8.933221330060700E-006
   20.6659843444227       8.384523716316258E-006
   20.7246888454012       7.869524576444971E-006
   20.7833933463796       7.386154677853579E-006
   20.8420978473581       6.932471810500497E-006
   20.9008023483366       6.506652993192508E-006
   20.9595068493151       6.106987157703102E-006
   21.0182113502935       5.731868281455357E-006
   21.0769158512720       5.379788941300512E-006
   21.1356203522505       5.049334262601035E-006
   21.1943248532290       4.739176239404908E-006
   21.2530293542074       4.448068402976667E-006
   21.3117338551859       4.174840817342709E-006
   21.3704383561644       3.918395381812177E-006
   21.4291428571429       3.677701421661925E-006
   21.4878473581213       3.451791549324016E-006
   21.5465518590998       3.239757779496018E-006
   21.6052563600783       3.040747882608047E-006
   21.6639608610568       2.853961962034551E-006
   21.7226653620352       2.678649241332401E-006
   21.7813698630137       2.514105048627677E-006
   21.8400743639922       2.359667986061623E-006
   21.8987788649706       2.214717272947130E-006
   21.9574833659491       2.078670251982013E-006
   22.0161878669276       1.950980048518110E-006
   22.0748923679061       1.831133373498211E-006
   22.1335968688845       1.718648461247688E-006
   22.1923013698630       1.613073133848270E-006
   22.2510058708415       1.513982984328064E-006
   22.3097103718200       1.420979671378209E-006
   22.3684148727984       1.333689318753172E-006
   22.4271193737769       1.251761012931563E-006
   22.4858238747554       1.174865393007710E-006
   22.5445283757339       1.102693327154474E-006
   22.6032328767123       1.034954670344384E-006
   22.6619373776908       9.713770983423054E-007
   22.7206418786693       9.117050132885973E-007
   22.7793463796478       8.556985164787576E-007
   22.8380508806262       8.031324442152651E-007
   22.8967553816047       7.537954628600869E-007
   22.9554598825832       7.074892194540867E-007
   23.0141643835616       6.640275444922597E-007
   23.0728688845401       6.232357036532098E-007
   23.1315733855186       5.849496954775539E-007
   23.1902778864971       5.490155921745167E-007
   23.2489823874755       5.152889209088786E-007
   23.3076868884540       4.836340830831289E-007
   23.3663913894325       4.539238092820060E-007
   23.4250958904110       4.260386476899149E-007
   23.4838003913894       3.998664839260123E-007
   23.5425048923679       3.753020903679082E-007
   23.6012093933464       3.522467031533727E-007
   23.6599138943249       3.306076251605036E-007
   23.7186183953033       3.102978533712271E-007
   23.7773228962818       2.912357291208157E-007
   23.8360273972603       2.733446098281334E-007
   23.8947318982387       2.565525608874851E-007
   23.9534363992172       2.407920664840200E-007
   24.0121409001957       2.259997581705686E-007
   24.0708454011742       2.121161601152136E-007
   24.1295499021526       1.990854499957844E-007
   24.1882544031311       1.868552345804009E-007
   24.2469589041096       1.753763390921194E-007
   24.3056634050881       1.646026095111701E-007
   24.3643679060665       1.544907270202107E-007
   24.4230724070450       1.450000338468405E-007
   24.4817769080235       1.360923698033920E-007
   24.5404814090020       1.277319188670084E-007
   24.5991859099804       1.198850651833644E-007
   24.6578904109589       1.125202579152307E-007
   24.7165949119374       1.056078843926723E-007
   24.7752994129159       9.912015105496260E-008
   24.8340039138943       9.303097170568615E-008
   24.8927084148728       8.731586263181696E-008
   24.9514129158513       8.195184416520388E-008
   25.0101174168297       7.691734829075040E-008
   25.0688219178082       7.219213192989205E-008
   25.1275264187867       6.775719555078355E-008
   25.1862309197652       6.359470677800639E-008
   25.2449354207436       5.968792869472516E-008
   25.3036399217221       5.602115254904768E-008
   25.3623444227006       5.257963459407989E-008
   25.4210489236791       4.934953680775795E-008
   25.4797534246575       4.631787125414625E-008
   25.5384579256360       4.347244786252364E-008
   25.5971624266145       4.080182541431883E-008
   25.6558669275930       3.829526554085122E-008
   25.7145714285714       3.594268954693509E-008
   25.7732759295499       3.373463788676488E-008
   25.8319804305284       3.166223212916270E-008
   25.8906849315069       2.971713925927022E-008
   25.9493894324853       2.789153817317156E-008
   26.0080939334638       2.617808823073297E-008
   26.0667984344423       2.456989974023453E-008
   26.1255029354207       2.306050625612540E-008
   26.1842074363992       2.164383857852661E-008
   26.2429119373777       2.031420034994664E-008
   26.3016164383562       1.906624515109509E-008
   26.3603209393346       1.789495500370814E-008
   26.4190254403131       1.679562019395253E-008
   26.4777299412916       1.576382033529045E-008
   26.5364344422701       1.479540659466166E-008
   26.5951389432485       1.388648501052510E-008
   26.6538434442270       1.303340083568578E-008
   26.7125479452055       1.223272384195530E-008
   26.7712524461840       1.148123452756132E-008
   26.8299569471624       1.077591117184973E-008
   26.8886614481409       1.011391768523124E-008
   26.9473659491194       9.492592205519052E-009
   27.0060704500978       8.909436394809100E-009
   27.0647749510763       8.362105393865567E-009
   27.1234794520548       7.848398393623169E-009
   27.1821839530333       7.366249785895235E-009
   27.2408884540117       6.913720857707037E-009
   27.2995929549902       6.488991995859069E-009
   27.3582974559687       6.090355370376481E-009
   27.4170019569472       5.716208067426296E-009
   27.4757064579256       5.365045644091307E-009
   27.5344109589041       5.035456079085097E-009
   27.5931154598826       4.726114095086118E-009
   27.6518199608611       4.435775829860569E-009
   27.7105244618395       4.163273834748597E-009
   27.7692289628180       3.907512380402938E-009
   27.8279334637965       3.667463050905234E-009
   27.8866379647750       3.442160608544558E-009
   27.9453424657534       3.230699112630950E-009
   28.0040469667319       3.032228276738348E-009
   28.0627514677104       2.845950049729427E-009
   28.1214559686888       2.671115406815772E-009
   28.1801604696673       2.507021337749648E-009
   28.2388649706458       2.353008020038167E-009
   28.2975694716243       2.208456165812800E-009
   28.3562739726027       2.072784531686821E-009
   28.4149784735812       1.945447581587770E-009
   28.4736829745597       1.825933293167450E-009
   28.5323874755382       1.713761098969266E-009
   28.5910919765166       1.608479954074313E-009
   28.6497964774951       1.509666522456717E-009
   28.7085009784736       1.416923474755250E-009
   28.7672054794521       1.329877890617036E-009
   28.8259099804305       1.248179759189082E-009
   28.8846144814090       1.171500571728246E-009
   28.9433189823875       1.099532000670632E-009
   29.0020234833659       1.031984659848977E-009
   29.0607279843444       9.685869408729678E-010
   29.1194324853229       9.090839209936006E-010
   29.1781369863014       8.532363380601680E-010
   29.2368414872798       8.008196284482381E-010
   29.2955459882583       7.516230240901084E-010
   29.3542504892368       7.054487049770191E-010
   29.4129549902153       6.621110037252987E-010
   29.4716594911937       6.214356590080601E-010
   29.5303639921722       5.832591148505062E-010
   29.5890684931507       5.474278629713428E-010
   29.6477729941292       5.137978255258794E-010
   29.7064774951076       4.822337757687897E-010
   29.7651819960861       4.526087943071459E-010
   29.8238864970646       4.248037587571755E-010
   29.8825909980431       3.987068647528272E-010
   29.9412954990215       3.742131763799849E-010
   30.0000000000000       3.512242042287360E-010
