  2.000000000000000E-003 -2.056675571601651E-013
  6.070450097847359E-002 -2.475856198440417E-012
  0.119409001956947      -2.588753495844011E-011
  0.178113502935421      -2.363909614167760E-010
  0.236818003913894      -1.894967434540638E-009
  0.295522504892368      -1.340134498672702E-008
  0.354227005870842      -8.400538632872114E-008
  0.412931506849315      -4.688211584590263E-007
  0.471636007827789      -2.339222466820331E-006
  0.530340508806262      -1.047651361989623E-005
  0.589045009784736      -4.227196405050737E-005
  0.647749510763209      -1.541978911198998E-004
  0.706454011741683      -5.101305960644252E-004
  0.765158512720157      -1.535070282214403E-003
  0.823863013698630      -4.212669964421969E-003
  0.882567514677104      -1.056732663840807E-002
  0.941272015655577      -2.427649774090946E-002
  0.999976516634051      -5.115224677630634E-002
   1.05868101761252      -9.894938658412801E-002
   1.11738551859100      -0.175770305005017     
   1.17609001956947      -0.286533714010928     
   1.23479452054795      -0.427805802378439     
   1.29349902152642      -0.582680207779884     
   1.35220352250489      -0.718712676551785     
   1.41090802348337      -0.792119527982501     
   1.46961252446184      -0.759663298294513     
   1.52831702544031      -0.595985164794442     
   1.58702152641879      -0.310113635580184     
   1.64572602739726       4.711141324055820E-002
   1.70443052837573       0.390985265669910     
   1.76313502935421       0.626609618551467     
   1.82183953033268       0.681170215562813     
   1.88054403131115       0.532467446167959     
   1.93924853228963       0.221410168947074     
   1.99795303326810      -0.157962363065242     
   2.05665753424658      -0.488232250967345     
   2.11536203522505      -0.667251953611674     
   2.17406653620352      -0.641322277002747     
   2.23277103718200      -0.421096162399916     
   2.29147553816047      -7.553823364510849E-002
   2.35018003913894       0.292394732298614     
   2.40888454011742       0.578628578094753     
   2.46758904109589       0.707938179530596     
   2.52629354207436       0.652099333695478     
   2.58499804305284       0.432489146422861     
   2.64370254403131       0.108851007566537     
   2.70240704500978      -0.240245206852814     
   2.76111154598826      -0.538433837047296     
   2.81981604696673      -0.728312961163726     
   2.87852054794521      -0.780638342625563     
   2.93722504892368      -0.695421092350371     
   2.99592954990215      -0.496569892590361     
   3.05463405088063      -0.222856478427598     
   3.11333855185910       8.191319444041814E-002
   3.17204305283757       0.377275863400485     
   3.23074755381605       0.631764914586172     
   3.28945205479452       0.825529547132237     
   3.34815655577299       0.950323993920013     
   3.40686105675147        1.00766177403472     
   3.46556555772994        1.00602047821897     
   3.52427005870842       0.957861906854793     
   3.58297455968689       0.877004247036517     
   3.64167906066536       0.776635220188588     
   3.70038356164384       0.668045345023127     
   3.75908806262231       0.560015145243341     
   3.81779256360078       0.458711682714179     
   3.87649706457926       0.367926122490341     
   3.93520156555773       0.289497293142811     
   3.99390606653620       0.223798971477129     
   4.05261056751468       0.170207227717303     
   4.11131506849315       0.127499745950867     
   4.17001956947162       9.416709096789039E-002
   4.22872407045010       6.863519484060709E-002
   4.28742857142857       4.940967099923463E-002
   4.34613307240704       3.515767813946039E-002
   4.40483757338552       2.474391620238459E-002
   4.46354207436399       1.723568940956123E-002
   4.52224657534247       1.188915652941634E-002
   4.58095107632094       8.125809798765454E-003
   4.63965557729941       5.505409148306208E-003
   4.69836007827789       3.699294457300685E-003
   4.75706457925636       2.466266626378577E-003
   4.81576908023483       1.632022827967998E-003
   4.87447358121331       1.072357767704671E-003
   4.93317808219178       6.998944759319311E-004
   4.99188258317025       4.538869969552455E-004
   5.05058708414873       2.925632093967023E-004
   5.10929158512720       1.874887428967729E-004
   5.16799608610568       1.194906033248684E-004
   5.22670058708415       7.575447758934557E-005
   5.28540508806262       4.778654506039479E-005
   5.34410958904110       3.000038183258434E-005
   5.40281409001957       1.874854114300637E-005
   5.46151859099804       1.166590596537899E-005
   5.52022309197652       7.228793943062874E-006
   5.57892759295499       4.461607163855916E-006
   5.63763209393346       2.743295273064370E-006
   5.69633659491194       1.680673340607783E-006
   5.75504109589041       1.026109632730217E-006
   5.81374559686888       6.244111849981681E-007
   5.87245009784736       3.787717518871112E-007
   5.93115459882583       2.290735780575325E-007
   5.98985909980431       1.381403542232196E-007
   6.04856360078278       8.307478182739378E-008
   6.10726810176125       4.982798144926945E-008
   6.16597260273973       2.981142599862694E-008
   6.22467710371820       1.779283721979025E-008
   6.28338160469667       1.059512537602742E-008
   6.34208610567515       6.295189405412528E-009
   6.40079060665362       3.732456080597016E-009
   6.45949510763209       2.208530188979704E-009
   6.51819960861057       1.304284851269303E-009
   6.57690410958904       7.688437553251423E-010
   6.63560861056752       4.524126179920865E-010
   6.69431311154599       2.657634280757458E-010
   6.75301761252446       1.558658851577486E-010
   6.81172211350294       9.127090020872435E-011
   6.87042661448141       5.336638071541875E-011
   6.92913111545988       3.115909235894148E-011
   6.98783561643836       1.816811022436521E-011
   7.04654011741683       1.057956356840370E-011
   7.10524461839530       6.152942022611839E-012
   7.16394911937378       3.574192658998885E-012
   7.22265362035225       2.073839555274185E-012
   7.28135812133072       1.201975046643867E-012
   7.34006262230920       6.959194701711914E-013
   7.39876712328767       4.025177418763917E-013
   7.45747162426615       2.325905211913651E-013
   7.51617612524462       1.342757501270432E-013
   7.57488062622309       7.744950471311024E-014
   7.63358512720157       4.463456976775833E-014
   7.69228962818004       2.570225270918823E-014
   7.75099412915851       1.478880121021709E-014
   7.80969863013699       8.502974658194100E-015
   7.86840313111546       4.885381824346920E-015
   7.92710763209393       2.804974124452837E-015
   7.98581213307241       1.609438473756239E-015
   8.04451663405088       9.228837448022135E-016
   8.10322113502936       5.288812036174699E-016
   8.16192563600783       3.029135660374107E-016
   8.22063013698630       1.733960680081198E-016
   8.27933463796478       9.920412454207406E-017
   8.33803913894325       5.672830201097765E-017
   8.39674363992172       3.242340460970391E-017
   8.45544814090020       1.852315835167987E-017
   8.51415264187867       1.057736523092758E-017
   8.57285714285714       6.037457537881371E-018
   8.63156164383562       3.444709127572864E-018
   8.69026614481409       1.964627978617892E-018
   8.74897064579256       1.120068306728052E-018
   8.80767514677104       6.383397990433785E-019
   8.86637964774951       3.636713553462186E-019
   8.92508414872799       2.071201164586478E-019
   8.98378864970646       1.179227165757411E-019
   9.04249315068493       6.711821825154475E-020
   9.10119765166341       3.819061170155119E-020
   9.15990215264188       2.172457725726076E-020
   9.21860665362035       1.235462675953506E-020
   9.27731115459883       7.024191474503391E-021
   9.33601565557730       3.992602814761157E-021
   9.39472015655577       2.268889657637628E-021
   9.45342465753425       1.289057830968458E-021
   9.51212915851272       7.322127188376276E-022
   9.57083365949119       4.158262366385714E-022
   9.62953816046967       2.361021857872961E-022
   9.68824266144814       1.340309884674895E-022
   9.74694716242662       7.607307448339828E-023
   9.80565166340509       4.316985113135413E-023
   9.86435616438356       2.449385426678812E-023
   9.92306066536204       1.389516583214812E-023
   9.98176516634051       7.881398175842170E-024
   10.0404696673190       4.469701463380722E-024
   10.0991741682975       2.534499125159593E-024
   10.1578786692759       1.436966723873865E-024
   10.2165831702544       8.146004840439167E-025
   10.2752876712329       4.617302751462430E-025
   10.3339921722114       2.616857207966390E-025
   10.3926966731898       1.482934067040440E-025
   10.4514011741683       8.402642171301616E-026
   10.5101056751468       4.760626267162252E-026
   10.5688101761252       2.696922079866255E-026
   10.6275146771037       1.527673766202960E-026
   10.6862191780822       8.652716987841270E-027
   10.7449236790607       4.900447107265374E-027
   10.8036281800391       2.775120493020022E-027
   10.8623326810176       1.571420631977480E-027
   10.9210371819961       8.897520511120441E-028
   10.9797416829746       5.037474917874153E-028
   11.0384461839530       2.851842261736398E-028
   11.0971506849315       1.614388689050903E-028
   11.1558551859100       9.138227299542750E-029
   11.2145596868885       5.172354022107930E-029
   11.2732641878669       2.927440702682125E-029
   11.3319686888454       1.656771609999724E-029
   11.3906731898239       9.375898626797465E-030
   11.4493776908024       5.305665790514837E-030
   11.5080821917808       3.002234203059213E-030
   11.5667866927593       1.698743714026867E-030
   11.6254911937378       9.611488675691777E-031
   11.6841956947162       5.437932407554209E-031
   11.7429001956947       3.076508476658207E-031
   11.8016046966732       1.740461302197019E-031
   11.8603091976517       9.845852364105103E-032
   11.9190136986301       5.569621421613956E-032
   11.9777181996086       3.150519191339683E-032
   12.0364227005871       1.782064165952459E-032
   12.0951272015656       1.007975396263369E-032
   12.1538317025440       5.701150646582144E-033
   12.2125362035225       3.224494746312221E-033
   12.2712407045010       1.823677155421258E-033
   12.3299452054795       1.031387592400897E-033
   12.3886497064579       5.832893119286835E-034
   12.4473542074364       3.298639048801414E-034
   12.5060587084149       1.865411731207420E-034
   12.5647632093933       1.054882753818461E-034
   12.6234677103718       5.965181918042927E-035
   12.6821722113503       3.373134192198291E-035
   12.7408767123288       1.907367450622587E-035
   12.7995812133072       1.078515316849999E-035
   12.8582857142857       6.098314720895196E-036
   12.9169902152642       3.448142975745016E-036
   12.9756947162427       1.949633358951712E-036
   13.0343992172211       1.102333992570628E-036
   13.0931037181996       6.232558034419789E-037
   13.1518082191781       3.523811232737382E-037
   13.2105127201566       1.992289270190035E-037
   13.2692172211350       1.126382470773550E-037
   13.3279217221135       6.368151060403375E-038
   13.3866262230920       3.600269952886872E-038
   13.4453307240705       2.035406931224002E-038
   13.5040352250489       1.150700058173052E-038
   13.5627397260274       6.505309192477861E-039
   13.6214442270059       3.677637197058216E-039
   13.6801487279843       2.079051069803732E-039
   13.7388532289628       1.175322251707683E-039
   13.7975577299413       6.644227151027764E-040
   13.8562622309198       3.756019810761189E-040
   13.9149667318982       2.123280330738842E-040
   13.9736712328767       1.200281249855272E-040
   14.0323757338552       6.785081774812463E-041
   14.0910802348337       3.835514947780966E-041
   14.1497847358121       2.168148107212332E-041
   14.2084892367906       1.225606406073822E-041
   14.2671937377691       6.928034493563735E-042
   14.3258982387476       3.916211418116969E-042
   14.3846027397260       2.213703275426015E-042
   14.4433072407045       1.251324629098084E-042
   14.5020117416830       7.073233508649218E-043
   14.5607162426614       3.998190875672291E-043
   14.6194207436399       2.259990841340228E-043
   14.6781252446184       1.277460735045838E-043
   14.7368297455969       7.220815709708339E-044
   14.7955342465753       4.081528861369567E-044
   14.8542387475538       2.307052508292529E-044
   14.9129432485323       1.304037756245124E-044
   14.9716477495108       7.370908354670467E-045
   15.0303522504892       4.166295716957313E-045
   15.0890567514677       2.354927173978737E-045
   15.1477612524462       1.331077211490222E-045
   15.2064657534247       7.523630539231519E-046
   15.2651702544031       4.252557383935927E-046
   15.3238747553816       2.403651364773150E-046
   15.3825792563601       1.358599342129971E-046
   15.4412837573386       7.679094480082745E-047
   15.4999882583170       4.340376100987324E-047
   15.5586927592955       2.453259614751574E-047
   15.6173972602740       1.386623318037922E-047
   15.6761017612524       7.837406634137179E-048
   15.7348062622309       4.429811012122626E-048
   15.7935107632094       2.503784796122644E-048
   15.8522152641879       1.415167417141199E-048
   15.9109197651663       7.998668673903107E-049
   15.9696242661448       4.520918696583509E-049
   16.0283287671233       2.555258407104583E-049
   16.0870332681018       1.444249181810950E-049
   16.1457377690802       8.162978337072427E-050
   16.2044422700587       4.613753630372737E-050
   16.2631467710372       2.607710822645975E-050
   16.3218512720157       1.473885555063068E-050
   16.3805557729941       8.330430166410835E-051
   16.4392602739726       4.708368588193903E-051
   16.4979647749511       2.661171512779326E-051
   16.5566692759296       1.504092999180220E-051
   16.6153737769080       8.501116154197908E-052
   16.6740782778865       4.804814993564631E-052
   16.7327827788650       2.715669232836808E-052
   16.7914872798434       1.534887599060002E-052
   16.8501917808219       8.675126303759610E-053
   16.9088962818004       4.903143223934735E-053
   16.9676007827789       2.771232189250197E-053
   17.0263052837573       1.566285152314146E-053
   17.0850097847358       8.852549119116542E-054
   17.1437142857143       5.003402876803676E-054
   17.2024187866928       2.827888184192379E-054
   17.2611232876712       1.598301247891086E-054
   17.3198277886497       9.033472032382454E-055
   17.3785322896282       5.105643002080127E-055
   17.4372367906067       2.885664741912082E-055
   17.4959412915851       1.630951334770840E-055
   17.5546457925636       9.217981777336487E-056
   17.6133502935421       5.209912305253205E-056
   17.6720547945205       2.944589219244597E-056
   17.7307592954990       1.664250782082217E-056
   17.7894637964775       9.406164716493346E-057
   17.8481682974560       5.316259325362637E-057
   17.9068727984344       3.004688902462482E-057
   17.9655772994129       1.698214931816056E-057
   18.0242818003914       9.598107128049923E-058
   18.0829863013699       5.424732591221309E-058
   18.1416908023483       3.065991092343703E-058
   18.2003953033268       1.732859145154580E-058
   18.2590998043053       9.793895458247197E-059
   18.3178043052838       5.535380758904619E-059
   18.3765088062622       3.128523179089046E-059
   18.4352133072407       1.768198843302251E-059
   18.4939178082192       9.993616543945600E-060
   18.5526223091977       5.648252733104701E-060
   18.6113268101761       3.192312708503532E-060
   18.6700313111546       1.804249543585392E-060
   18.7287358121331       1.019735780958120E-060
   18.7874403131115       5.763397774613062E-061
   18.8461448140900       3.257387440664678E-061
   18.9048493150685       1.841026891484279E-061
   18.9635538160470       1.040520744210064E-061
   19.0222583170254       5.880865595883287E-062
   19.0809628180039       3.323775402140358E-062
   19.1396673189824       1.878546689173994E-062
   19.1983718199609       1.061725454700274E-062
   19.2570763209393       6.000706446366662E-063
   19.3157808219178       3.391504932671941E-063
   19.3744853228963       1.916824921070513E-063
   19.4331898238748       1.083358928817725E-063
   19.4918943248532       6.122971189086073E-064
   19.5505988258317       3.460604727117831E-064
   19.6093033268102       1.955877776813329E-064
   19.6680078277886       1.105430301387746E-064
   19.7267123287671       6.247711369709047E-065
   19.7854168297456       3.531103873341951E-065
   19.8441213307241       1.995721672055395E-065
   19.9028258317025       1.127948837084629E-065
   19.9615303326810       6.374979279218121E-066
   20.0202348336595       3.603031886641016E-066
   20.0789393346380       2.036373267383649E-066
   20.1376438356164       1.150923940833242E-066
   20.1963483365949       6.504828011120927E-067
   20.2550528375734       3.676418741223682E-067
   20.3137573385519       2.077849485646481E-067
   20.3724618395303       1.174365167351519E-067
   20.4311663405088       6.637311514019656E-068
   20.4898708414873       3.751294899183933E-068
   20.5485753424658       2.120167527929035E-068
   20.6072798434442       1.198282229962404E-068
   20.6659843444227       6.772484640243679E-069
   20.7246888454012       3.827691337351241E-069
   20.7833933463796       2.163344888384487E-069
   20.8420978473581       1.222685008789780E-069
   20.9008023483366       6.910403191156938E-070
   20.9595068493151       3.905639572349844E-070
   21.0182113502935       2.207399368099806E-070
   21.0769158512720       1.247583558434097E-070
   21.1356203522505       7.051123959670446E-071
   21.1943248532290       3.985171684153231E-071
   21.2530293542074       2.252349088152386E-071
   21.3117338551859       1.272988115213101E-071
   21.3704383561644       7.194704770411177E-072
   21.4291428571429       4.066320338379922E-072
   21.4878473581213       2.298212501990470E-072
   21.5465518590998       1.298909104039669E-072
   21.6052563600783       7.341204517948545E-073
   21.6639608610568       4.149118807547428E-073
   21.7226653620352       2.345008407255572E-073
   21.7813698630137       1.325357145000220E-073
   21.8400743639922       7.490683203415614E-074
   21.8987788649706       4.233600991467698E-074
   21.9574833659491       2.392755957145767E-074
   22.0161878669276       1.352343059688660E-074
   22.0748923679061       7.643201969826063E-075
   22.1335968688845       4.319801436946807E-075
   22.1923013698630       2.441474671407912E-075
   22.2510058708415       1.379877877342282E-075
   22.3097103718200       7.798823136339668E-076
   22.3684148727984       4.407755356925979E-076
   22.4271193737769       2.491184447035076E-076
   22.4858238747554       1.407972840821788E-076
   22.5445283757339       7.957610231701274E-077
   22.6032328767123       4.497498649188605E-077
   22.6619373776908       2.541905568733370E-077
   22.7206418786693       1.436639412470296E-077
   22.7793463796478       8.119628027049947E-078
   22.8380508806262       4.589067914735025E-078
   22.8967553816047       2.593658719217896E-078
   22.9554598825832       1.465889279883136E-078
   23.0141643835616       8.284942568260399E-079
   23.0728688845401       4.682500475918405E-079
   23.1315733855186       2.646464989383903E-079
   23.1902778864971       1.495734361614782E-079
   23.2489823874755       8.453621207970761E-080
   23.3076868884540       4.777834394422433E-080
   23.3663913894325       2.700345888400962E-080
   23.4250958904110       1.526186812846861E-080
   23.4838003913894       8.625732637419843E-081
   23.5425048923679       4.875108489148410E-081
   23.6012093933464       2.755323353764307E-081
   23.6599138943249       1.557259031038360E-081
   23.7186183953033       8.801346918210963E-082
   23.7773228962818       4.974362354075544E-082
   23.8360273972603       2.811419761339370E-082
   23.8947318982387       1.588963661575026E-082
   23.9534363992172       8.980535514095260E-083
   24.0121409001957       5.075636376144799E-083
   24.0708454011742       2.868657935426976E-083
   24.1295499021526       1.621313603435082E-083
   24.1882544031311       9.163371322867695E-084
   24.2469589041096       5.178971753218075E-084
   24.3056634050881       2.927061158875576E-084
   24.3643679060665       1.654322014884406E-084
   24.4230724070450       9.349928708446702E-085
   24.4817769080235       5.284410512150136E-085
   24.5404814090020       2.986653183264192E-085
   24.5991859099804       1.688002319214424E-085
   24.6578904109589       9.540283533208551E-086
   24.7165949119374       5.391995527012559E-086
   24.7752994129159       3.047458239174628E-086
   24.8340039138943       1.722368210532685E-086
   24.8927084148728       9.734513190637280E-087
   24.9514129158513       5.501770537502560E-087
   25.0101174168297       3.109501046571769E-087
   25.0688219178082       1.757433659617410E-087
   25.1275264187867       9.932696638339700E-088
   25.1862309197652       5.613780167566765E-088
   25.2449354207436       3.172806825308888E-088
   25.3036399217221       1.793212919843457E-088
   25.3623444227006       1.013491443148030E-088
   25.4210489236791       5.728069944264378E-089
   25.4797534246575       3.237401305771978E-089
   25.5384579256360       1.829720533188391E-089
   25.5971624266145       1.034124875667716E-089
   25.6558669275930       5.844686316895271E-090
   25.7145714285714       3.303310739674857E-090
   25.7732759295499       1.866971336326113E-090
   25.8319804305284       1.055178346639399E-090
   25.8906849315069       5.963676676415701E-091
   25.9493894324853       3.370561911019668E-091
   26.0080939334638       1.904980466814539E-091
   26.0667984344423       1.076660411387329E-091
   26.1255029354207       6.085089375161324E-092
   26.1842074363992       3.439182147232750E-092
   26.2429119373777       1.943763369382430E-092
   26.3016164383562       1.098579798863934E-092
   26.3603209393346       6.208973746892718E-093
   26.4190254403131       3.509199330484124E-093
   26.4777299412916       1.983335802322681E-093
   26.5364344422701       1.120945415260115E-093
   26.5951389432485       6.335380127185885E-094
   26.6538434442270       3.580641909204374E-094
   26.7125479452055       2.023713843996406E-094
   26.7712524461840       1.143766347678506E-094
   26.8299569471624       6.464359874181072E-095
   26.8886614481409       3.653538909802742E-095
   26.9473659491194       2.064913899451961E-095
   27.0060704500978       1.167051867872808E-095
   27.0647749510763       6.595965389703993E-096
   27.1234794520548       3.727919948599131E-096
   27.1821839530333       2.106952707165779E-096
   27.2408884540117       1.190811436055468E-096
   27.2995929549902       6.730250140774879E-097
   27.3582974559687       3.803815243976179E-097
   27.4170019569472       2.149847345906538E-097
   27.4757064579256       1.215054704775775E-097
   27.5344109589041       6.867268681520576E-098
   27.5931154598826       3.881255628757376E-098
   27.6518199608611       2.193615241730070E-098
   27.7105244618395       1.239791522871576E-098
   27.7692289628180       7.007076675501812E-099
   27.8279334637965       3.960272562822975E-099
   27.8866379647750       2.238274175105951E-099
   27.9453424657534       1.265031939496462E-099
   28.0040469667319       7.149730918465238E-100
   28.0627514677104       4.040898145965221E-100
   28.1214559686888       2.283842288182449E-100
   28.1801604696673       1.290786208224452E-100
   28.2388649706458       7.295289361538292E-101
   28.2975694716243       4.123165130995717E-101
   28.3562739726027       2.330338092191911E-101
   28.4149784735812       1.317064791234506E-101
   28.4736829745597       7.443811134876286E-102
   28.5323874755382       4.207106937106032E-102
   28.5910919765166       2.377780475001616E-102
   28.6497964774951       1.343878363577317E-102
   28.7085009784736       7.595356571772054E-103
   28.7672054794521       4.292757663492806E-103
   28.8259099804305       2.426188708812784E-103
   28.8846144814090       1.371237817526324E-103
   28.9433189823875       7.749987233241760E-104
   29.0020234833659       4.380152103252342E-104
   29.0607279843444       2.475582458011884E-104
   29.1194324853229       1.399154267014326E-104
   29.1781369863014       7.907765933099771E-105
   29.2368414872798       4.469325757549073E-105
   29.2955459882583       2.525981787178565E-105
   29.3542504892368       1.427639052159017E-105
   29.4129549902153       8.068756763533603E-106
   29.4716594911937       4.560314850069574E-106
   29.5303639921722       2.577407169253499E-106
   29.5890684931507       1.456703743878792E-106
   29.6477729941292       8.233025121186459E-107
   29.7064774951076       4.653156341762403E-107
   29.7651819960861       2.629879493868607E-107
   29.8238864970646       1.486360148600808E-107
   29.8825909980431       8.400637733766066E-108
   29.9412954990215       4.747887945876996E-108
   30.0000000000000       2.683420075845623E-108
