  2.000000000000000E-003 -1.119805949396469E-002 -8.732271859351517E-003
  6.070450097847359E-002  1.040027272025180E-002 -2.676661022465983E-004
  0.119409001956947       6.844499595660101E-003  1.147694015441708E-002
  0.178113502935421      -1.459953576727629E-002  4.790026522988431E-003
  0.236818003913894      -8.320384917003975E-003 -3.169096743372228E-005
  0.295522504892368      -8.294442243355593E-003 -1.191374987599344E-002
  0.354227005870842       9.044221108219671E-003  2.979462286959254E-003
  0.412931506849315      -1.314507060872772E-002  3.893826093695200E-003
  0.471636007827789      -1.391761330247242E-002  1.294105552053027E-002
  0.530340508806262       1.168462845245446E-003 -1.376062263193036E-002
  0.589045009784736      -2.222918626741461E-003 -1.424523210462585E-002
  0.647749510763209      -2.980157372023408E-002 -5.066296613020447E-002
  0.706454011741683      -2.164816142384680E-002 -4.317392270813036E-002
  0.765158512720157      -2.304281132464399E-003  3.326007369033935E-003
  0.823863013698630       1.043617551312353E-002  3.670646766778987E-002
  0.882567514677104       3.777147045479627E-002  4.514777849877695E-002
  0.941272015655577       5.027966603292373E-002  4.763290775844006E-002
  0.999976516634051       6.034157912036948E-002 -1.213814107824219E-002
   1.05868101761252       4.394425804793253E-002  5.622582450622499E-003
   1.11738551859100       3.461364692913367E-002  1.564875674617763E-002
   1.17609001956947       2.250234551865335E-002  8.285010532802317E-002
   1.23479452054795      -1.276764618970700E-002  0.124047865070193     
   1.29349902152642      -0.123106507233712       0.112170770363932     
   1.35220352250489      -0.231918262516462       3.022473008108817E-002
   1.41090802348337      -0.272700329528217      -3.429960123681251E-002
   1.46961252446184      -0.255257225625617      -7.674998210485731E-002
   1.52831702544031      -0.208014685886022      -0.107660177234872     
   1.58702152641879      -0.198926332834807      -0.128986836793731     
   1.64572602739726      -0.154360359393604      -0.181568338094499     
   1.70443052837573      -0.103134148523483      -0.227086505323950     
   1.76313502935421      -4.520276170445228E-002 -0.272791339980217     
   1.82183953033268       2.605035622813444E-002 -0.274423700188467     
   1.88054403131115       9.091229802193912E-002 -0.280160629262240     
   1.93924853228963       0.106120046921705      -0.272710052334258     
   1.99795303326810       1.495808618995894E-002 -0.351889460835837     
   2.05665753424658      -5.564286806063918E-002 -0.446656981653134     
   2.11536203522505      -0.147383765502537      -0.480693317208430     
   2.17406653620352      -0.242160451588586      -0.578390461380253     
   2.23277103718200      -0.299515372306459      -0.737860082570980     
   2.29147553816047      -0.352993215007066      -0.834655820805995     
   2.35018003913894      -0.434689423178705      -0.799829740452595     
   2.40888454011742      -0.531399124233851      -0.715877762499863     
   2.46758904109589      -0.527741084666950      -0.607904918373303     
   2.52629354207436      -0.411649290102424      -0.416903147643153     
   2.58499804305284      -0.368531473075781      -0.234291632619737     
   2.64370254403131      -0.394247441264544      -5.642172588299020E-002
   2.70240704500978      -0.450733572813293       9.552258638529032E-002
   2.76111154598826      -0.482509662656285       0.190263122240690     
   2.81981604696673      -0.469800281137707       0.276651967675634     
   2.87852054794521      -0.456470923911517       0.318688098276437     
   2.93722504892368      -0.390419089431520       0.293366282622333     
   2.99592954990215      -0.375570896667095       0.252086347870819     
   3.05463405088063      -0.321744268308799       0.215819107074230     
   3.11333855185910      -0.251123840109677       0.218154196229388     
   3.17204305283757      -0.215200412862158       0.162471205950477     
   3.23074755381605      -0.161486869761365       2.893110826046630E-002
   3.28945205479452      -4.642091904507515E-002 -7.820374752055761E-002
   3.34815655577299       4.052574128973830E-002 -0.152965846928941     
   3.40686105675147       7.505550541535602E-002 -0.155415450664483     
   3.46556555772994       8.609302409633129E-002 -0.164147920990254     
   3.52427005870842       0.101985075662685      -0.173914854720275     
   3.58297455968689       4.072662146749891E-002 -0.121661791178689     
   3.64167906066536      -3.209776012928830E-003 -0.111891901904453     
   3.70038356164384      -2.523919822446151E-002 -8.897532109571847E-002
   3.75908806262231      -1.417027442650488E-002 -0.106216734382914     
   3.81779256360078       4.150721425792071E-002 -9.060566759912198E-002
   3.87649706457926       3.331763722326768E-002 -2.588466986571645E-002
   3.93520156555773      -4.980317304801042E-002  3.151051092047628E-002
   3.99390606653620      -8.115220331345642E-002  4.048307852414800E-002
   4.05261056751468      -0.109161455279721       3.096475141266567E-002
   4.11131506849315      -0.110601633458099      -8.879001725498985E-004
   4.17001956947162      -0.128876523619100      -2.185788236654551E-002
   4.22872407045010      -0.110224601342173      -4.782048360819555E-002
   4.28742857142857      -5.768929750402245E-002 -5.651282782195294E-002
   4.34613307240704       1.370198574203840E-002 -5.361641433947192E-002
   4.40483757338552       6.178161901107489E-003 -2.602743451216070E-002
   4.46354207436399      -1.373162584883288E-002 -7.757008629237949E-002
   4.52224657534247      -4.676151639816534E-002 -0.116790687137822     
   4.58095107632094      -2.713367880509833E-002 -0.129497548212770     
   4.63965557729941      -1.884649658610014E-002 -0.112371976709855     
   4.69836007827789      -2.275457056693345E-002 -9.142420698067902E-002
   4.75706457925636      -2.638876334973099E-002 -9.721928327645084E-002
   4.81576908023483       2.840656000871985E-003 -9.064572425318349E-002
   4.87447358121331       2.772997979349909E-002 -0.101154519196516     
   4.93317808219178       2.686716054099814E-002 -6.054141696731881E-002
   4.99188258317025       2.141495862285972E-003 -9.026449926683479E-002
   5.05058708414873       4.750388087820560E-002 -8.655877632848979E-002
   5.10929158512720       6.054085890963518E-002 -5.588771168750889E-002
   5.16799608610568       2.824327608876776E-002 -1.079747954674609E-002
   5.22670058708415       4.328771962577377E-002 -5.501175742071970E-002
   5.28540508806262       4.593702694496730E-002 -5.025789222665895E-002
   5.34410958904110       5.088327589710719E-002 -5.347722054451312E-002
   5.40281409001957       4.807713020738965E-002 -4.014638845484610E-002
   5.46151859099804       5.513366592507079E-002  8.893176136584866E-003
   5.52022309197652       3.135215727554198E-002  6.224836373021431E-002
   5.57892759295499       8.546948072382168E-004  0.140610053007034     
   5.63763209393346      -1.715669884361639E-002  0.131983071825117     
   5.69633659491194      -5.970307736731856E-002  0.108706523847310     
   5.75504109589041      -0.139893174867985       6.754429472916283E-002
   5.81374559686888      -0.179569053776245       3.907644945235440E-002
   5.87245009784736      -0.218926052268315       3.303052681812056E-002
   5.93115459882583      -0.227252658483219       5.676410632539682E-002
   5.98985909980431      -0.168648700058298       2.325779484332120E-002
   6.04856360078278      -3.735583149777283E-002  1.921247101520199E-002
   6.10726810176125      -6.484124218992422E-003  3.135988383716783E-002
   6.16597260273973       1.373480153015795E-002 -1.369031305217427E-003
   6.22467710371820       6.397365564952098E-002 -8.751231799616870E-002
   6.28338160469667       0.103137667125505      -4.925374345250690E-002
   6.34208610567515       0.141906323629817      -2.862781495453588E-003
   6.40079060665362       0.125890876068958       3.248898144585156E-002
   6.45949510763209       0.215358324942552       6.662903362437961E-002
   6.51819960861057       0.215978040513737       9.099848193427559E-002
   6.57690410958904       0.161887515667517       9.029769109408861E-002
   6.63560861056752       6.547730154325734E-002  7.723644717004054E-002
   6.69431311154599       4.232952649695539E-004  0.121932574287036     
   6.75301761252446      -9.102471854874152E-002  0.154372592092787     
   6.81172211350294      -0.102954343230127       0.160602722700485     
   6.87042661448141      -3.847987394950514E-002  0.147805240677938     
   6.92913111545988      -6.110699682422088E-003  8.290893801573551E-002
   6.98783561643836       1.502533530437333E-002 -8.553651635934481E-005
   7.04654011741683       4.837092468240212E-002 -4.130489016454597E-002
   7.10524461839530       0.101858005602569      -5.637764737356597E-002
   7.16394911937378       7.727280782159257E-002 -6.121047711616853E-002
   7.22265362035225       9.787965592085575E-002 -2.844546745871327E-002
   7.28135812133072       6.333142526448557E-002  5.797778561031293E-002
   7.34006262230920       2.947377854168279E-003  3.140183671733603E-002
   7.39876712328767      -1.438567319580078E-002 -4.005766433013723E-003
   7.45747162426615      -1.437869740877208E-002 -4.352584028865310E-002
   7.51617612524462      -3.868583795488887E-002 -4.285258572644682E-002
   7.57488062622309      -5.015060785374932E-002 -6.646790366690333E-002
   7.63358512720157      -1.493098903770046E-002 -6.703125319459709E-002
   7.69228962818004      -4.285882488167805E-002 -4.292053018267970E-002
   7.75099412915851      -5.684684012563444E-002 -3.730358409028662E-002
   7.80969863013699      -9.836493123082844E-003 -4.179917593495550E-002
   7.86840313111546      -8.279472463353480E-003 -8.153515915862818E-002
   7.92710763209393       3.591005542178245E-002 -9.998273788189010E-002
   7.98581213307241       1.721252052527822E-003 -0.132382614138440     
   8.04451663405088       1.317358345031420E-002 -9.594567199510255E-002
   8.10322113502936       3.170307447238215E-002 -2.964976049351857E-002
   8.16192563600783       7.321013090690760E-002  7.505819289201331E-002
   8.22063013698630       8.121204923944114E-002  0.135578853447393     
   8.27933463796478       0.119399329176507       0.159465477940822     
   8.33803913894325       5.002282615289819E-002  0.193892565199458     
   8.39674363992172       2.430450610607824E-002  0.179658126984765     
   8.45544814090020      -3.704738623676315E-002  0.130144050167274     
   8.51415264187867      -3.420317601083178E-002  7.650212363396502E-002
   8.57285714285714      -1.381974161547561E-003  1.123799600437723E-002
   8.63156164383562       2.030254252943537E-002 -6.898439615469730E-002
   8.69026614481409       0.105068681389458      -6.125286136375740E-002
   8.74897064579256       0.100643100555219      -4.025012872568308E-003
   8.80767514677104       9.163744046734053E-002  2.954591044175476E-002
   8.86637964774951       5.947316400890255E-002  0.101277239701731     
   8.92508414872799      -5.246284554718246E-002  4.570267992026618E-002
   8.98378864970646      -7.592324686729546E-002 -4.174990567718747E-002
   9.04249315068493      -7.916678506497321E-002 -9.504036812482959E-002
   9.10119765166341      -5.932106508337893E-002 -0.125578352133001     
   9.15990215264188      -3.668560427699000E-002 -0.122482082002336     
   9.21860665362035      -1.601903967237650E-002 -0.133236986538459     
   9.27731115459883      -1.559793210509478E-002 -7.749493468061149E-002
   9.33601565557730      -2.866090381668313E-002 -7.845219863080832E-002
   9.39472015655577       1.644484815831943E-002 -7.963244517470557E-002
   9.45342465753425      -5.323893871057847E-002 -3.351913367313202E-003
   9.51212915851272      -9.419872383699955E-002 -4.185956072713182E-002
   9.57083365949119      -9.926201896536341E-002 -1.365418595336871E-002
   9.62953816046967      -8.523781960070212E-002 -5.813211625783474E-002
   9.68824266144814       6.364995581146320E-003 -4.078821065650565E-002
   9.74694716242662       2.307399656368553E-002  1.102459989663806E-002
   9.80565166340509      -2.190534365321573E-003  1.169996504920161E-002
   9.86435616438356      -1.735893458567623E-002  3.814561897837394E-002
   9.92306066536204      -7.017129002513060E-002 -2.866708920873637E-003
   9.98176516634051      -2.854421521510455E-002 -1.750833788447018E-002
   10.0404696673190      -1.293954212692709E-002  1.686058145664895E-002
   10.0991741682975      -3.129948702302723E-002  2.088448287361958E-002
   10.1578786692759       3.044164709193426E-002  4.630071184360959E-002
   10.2165831702544       2.791633206441081E-002  1.977475284820384E-002
   10.2752876712329       8.907902640720919E-002 -7.035676334259708E-002
   10.3339921722114       0.176364308895502      -0.111122429476485     
   10.3926966731898       0.155769401820555      -0.163653812761416     
   10.4514011741683       0.122762654891051      -0.176383979568451     
   10.5101056751468       6.016611646144027E-002 -0.203288414504164     
   10.5688101761252      -1.632489433481389E-002 -0.222133402496175     
   10.6275146771037      -6.905825946456175E-003 -0.191868743026968     
   10.6862191780822      -4.400506122174834E-002 -0.111266155327102     
   10.7449236790607      -3.889644895105777E-002 -0.101034267715220     
   10.8036281800391       1.566424697841512E-002 -5.822897533883636E-002
   10.8623326810176       4.219414773062612E-003 -3.388472099749189E-002
   10.9210371819961      -3.613574104330591E-003 -4.188677464211366E-002
   10.9797416829746      -6.581166998625744E-004 -1.408684666175214E-002
   11.0384461839530      -5.348889458249913E-002 -1.133153338682122E-003
   11.0971506849315      -6.437464091675490E-002 -1.298686839973943E-002
   11.1558551859100      -3.474567331553341E-002 -1.286031622645789E-003
   11.2145596868885      -4.431872383904915E-003  3.351868580113139E-002
   11.2732641878669       1.398082931677480E-002  3.880391485102280E-002
   11.3319686888454      -1.327452565643358E-004 -8.861065992179645E-004
   11.3906731898239       2.365094310942055E-002  1.483938795748134E-002
   11.4493776908024       8.141532430273143E-003 -1.938553205380558E-002
   11.5080821917808      -2.831331510837189E-002 -3.717621068828655E-002
   11.5667866927593       6.368156025623725E-003 -3.809766452189976E-002
   11.6254911937378       1.377956028097425E-002  2.562519899439038E-002
   11.6841956947162      -4.937003706137673E-002  7.390003145730263E-002
   11.7429001956947      -5.508522387148503E-002  7.258695381180744E-002
   11.8016046966732      -7.326292588355487E-002  9.445190920904298E-002
   11.8603091976517      -8.403733550792733E-002  3.435214970560627E-002
   11.9190136986301      -1.945357883093258E-002 -7.529939671947233E-003
   11.9777181996086       2.336670771174722E-002  1.934197417284588E-002
   12.0364227005871       2.678140630860649E-002  5.066335284650050E-002
   12.0951272015656       2.037070331986606E-002  9.896088103315624E-002
   12.1538317025440       4.542736150839832E-003  0.153291851756863     
   12.2125362035225       1.446503530997116E-002  0.165263967468336     
   12.2712407045010       2.593122223454656E-002  0.189569551218183     
   12.3299452054795       7.055202752149051E-002  0.158066155855437     
   12.3886497064579       7.457164468739455E-002  7.548293267604012E-002
   12.4473542074364       7.169042956641411E-002  7.287270013185104E-002
   12.5060587084149       7.316189247119884E-002  4.698960926191381E-002
   12.5647632093933       5.438006454132976E-002  5.523853084629279E-002
   12.6234677103718      -1.249349969791159E-002  1.106137408118288E-002
   12.6821722113503       8.374791982056189E-003 -1.366492669116818E-002
   12.7408767123288       9.530581374830795E-003 -3.118229473251357E-003
   12.7995812133072       1.497216204996186E-002  5.959386707507163E-003
   12.8582857142857       2.763356205391201E-002 -4.049844880669087E-002
   12.9169902152642      -1.203856774307642E-002 -2.007790567447114E-002
   12.9756947162427       1.359809549689721E-002 -2.766940185663562E-002
   13.0343992172211       2.032372359445744E-002 -1.744507791928871E-002
   13.0931037181996      -1.766203629544116E-002 -5.733646841234606E-002
   13.1518082191781      -4.771424074217800E-002 -7.168776367634011E-002
   13.2105127201566      -8.146237485877715E-002 -0.101716213918596     
   13.2692172211350      -8.225935425481280E-002 -8.137698007650764E-002
   13.3279217221135      -7.203878337923728E-002 -4.996666206116699E-002
   13.3866262230920      -7.317698659428178E-002 -5.379349486364659E-002
   13.4453307240705      -8.572397511774779E-002 -1.756585770365408E-002
   13.5040352250489      -3.818290410434554E-002 -2.442476416728496E-002
   13.5627397260274      -2.093721938368310E-002 -6.516691307498711E-002
   13.6214442270059       2.622916470028710E-003 -2.304049222533783E-002
   13.6801487279843       1.761578534839482E-002 -6.970199485163599E-003
   13.7388532289628       3.396489436891070E-002  3.966513645270529E-002
   13.7975577299413       2.057311416554784E-002  1.247656383807069E-002
   13.8562622309198       4.893660745039109E-002 -2.958136212639910E-002
   13.9149667318982       7.454584384735487E-002 -4.499932695179521E-002
   13.9736712328767       9.448745284785121E-002 -1.398742933505320E-002
   14.0323757338552       0.114159203354680      -3.261889412190973E-002
   14.0910802348337       7.643596255566704E-002  6.354171509278195E-003
   14.1497847358121       6.536248334737452E-002 -6.168039277226249E-003
   14.2084892367906       2.567881731804831E-002 -2.711130221667985E-002
   14.2671937377691       2.325140541011143E-002  9.893680557942193E-003
   14.3258982387476       3.898875029605558E-002 -2.035856982558974E-002
   14.3846027397260       6.512775781729849E-002 -4.645446492823831E-003
   14.4433072407045       5.234523608640229E-002  2.997186994393926E-002
   14.5020117416830      -5.748292841915375E-003  6.347675319212413E-002
   14.5607162426614      -2.545960841493511E-002  4.736965187673868E-002
   14.6194207436399      -6.804557882945941E-002  2.089865665654388E-002
   14.6781252446184      -0.105259649526059      -5.842768478344260E-002
   14.7368297455969      -9.458606107268147E-002 -3.662544759123060E-002
   14.7955342465753      -8.292322354397755E-002  1.618103828860311E-002
   14.8542387475538      -3.970266334061767E-002  6.918698803177872E-002
   14.9129432485323      -1.309264482924453E-002  0.107214324969426     
   14.9716477495108       1.470813055514602E-002  0.113019273050767     
   15.0303522504892       5.946752915331262E-003  7.149017732439206E-002
   15.0890567514677       3.154568550714126E-002 -1.456491263588821E-002
   15.1477612524462       4.121818547040829E-002 -9.046891179432646E-002
   15.2064657534247       4.555353656170472E-002 -0.133316098813773     
   15.2651702544031      -1.203238240463093E-002 -0.105050169945661     
   15.3238747553816      -9.460766878872720E-002 -7.181459743439236E-002
   15.3825792563601      -0.179065057017704      -7.950403649284599E-002
   15.4412837573386      -0.187219719831753      -6.650943706564931E-002
   15.4999882583170      -0.169773850255755      -1.321364623486745E-002
   15.5586927592955      -9.015175519440077E-002  4.964278455447815E-002
   15.6173972602740      -3.854123389719704E-002  5.531271571622128E-002
   15.6761017612524      -2.359188923996427E-003  1.558178800920081E-002
   15.7348062622309       4.793497700018304E-002  1.022893215983558E-002
   15.7935107632094       0.106093298784203       8.199118769859197E-003
   15.8522152641879       0.100879394432365       3.594907326165554E-002
   15.9109197651663       3.298280287170393E-002  2.849421607856824E-002
   15.9696242661448      -6.268345816757223E-002 -3.701419324234949E-003
   16.0283287671233      -9.679617851708128E-002 -4.472215793034626E-002
   16.0870332681018      -7.620365916517510E-002 -7.669242404090637E-002
   16.1457377690802      -7.682909478022541E-002 -8.037468586761240E-002
   16.2044422700587      -9.942419109623570E-002 -5.127498921839890E-002
   16.2631467710372      -0.107398099843328       1.350823579248208E-002
   16.3218512720157      -0.111935861675163       2.040428551892687E-002
   16.3805557729941      -6.872067554872716E-002  5.098545844750100E-002
   16.4392602739726      -4.284475618384964E-002  9.040347459037112E-002
   16.4979647749511      -6.691378944921382E-002  0.108543751888994     
   16.5566692759296      -0.132833546164253       8.527086756372122E-002
   16.6153737769080      -7.017577252775621E-002  3.658863356969344E-002
   16.6740782778865      -4.040850611071291E-004 -4.640964249620234E-002
   16.7327827788650       3.011766884729393E-003 -6.667040431401897E-002
   16.7914872798434      -2.969009359946886E-002  1.940312962678305E-004
   16.8501917808219      -3.869726538897686E-002  1.822745388863579E-002
   16.9088962818004       1.450966021612795E-002  9.610041966448097E-003
   16.9676007827789       3.947037494663347E-003  2.636547535407964E-002
   17.0263052837573      -2.223274038736852E-002  9.367193206790662E-002
   17.0850097847358      -2.829908824105401E-002  0.125066614730310     
   17.1437142857143      -3.221950434257035E-002  0.119164160924946     
   17.2024187866928       5.033220405574299E-002  8.828837778571083E-002
   17.2611232876712       8.601425734557355E-002  2.628402766175920E-002
   17.3198277886497       8.749920481336530E-002  1.486951825153494E-002
   17.3785322896282       8.338317796216757E-002  2.022628109794124E-002
   17.4372367906067       6.128319346924135E-003  1.501578800838868E-002
   17.4959412915851      -1.566334361527579E-002  1.040047352778614E-002
   17.5546457925636      -1.439565526702365E-002  4.063849637905313E-003
   17.6133502935421      -6.459597093720959E-003 -6.668812205739342E-003
   17.6720547945205       9.446706114478648E-003 -4.867360646460597E-002
   17.7307592954990       1.686869278091492E-002 -2.810846326545970E-003
   17.7894637964775       4.304892801301236E-002  6.984236036412003E-002
   17.8481682974560       7.520566596469672E-003  7.865739253090524E-002
   17.9068727984344       2.845817469858319E-003  5.404279789663786E-002
   17.9655772994129       3.774989854824250E-002  1.892049444467524E-002
   18.0242818003914       4.218828213653987E-002 -4.523357735122770E-002
   18.0829863013699      -3.220296712425168E-002 -1.318209400402660E-002
   18.1416908023483      -5.780794220249054E-003  3.166265475301475E-002
   18.2003953033268       1.043090651110253E-002  2.501404143045675E-002
   18.2590998043053       2.774007211818312E-002  3.484562650311890E-002
   18.3178043052838       2.752298971248041E-002 -1.181886968590596E-002
   18.3765088062622      -6.355465621230696E-003 -7.069338952988535E-002
   18.4352133072407      -2.325014407213952E-002 -4.121982020008470E-002
   18.4939178082192      -1.682912824668335E-002 -4.692618622590243E-002
   18.5526223091977      -3.820709363185326E-002 -2.613384853081410E-002
   18.6113268101761      -3.251305417848270E-002 -2.623199686825770E-002
   18.6700313111546      -6.442651913746422E-002 -2.255709425840904E-002
   18.7287358121331      -9.187369674088780E-002  1.798353717452881E-002
   18.7874403131115      -8.808664064825980E-002  1.284201621590822E-002
   18.8461448140900      -5.430488157731256E-002 -2.378470288391640E-002
   18.9048493150685      -4.725908070445173E-002 -2.837220600013741E-002
   18.9635538160470      -2.220324560802124E-002 -4.320018139041627E-002
   19.0222583170254      -3.076939773519180E-002 -7.053737469957172E-002
   19.0809628180039       7.538967787459837E-003 -8.946530240154725E-002
   19.1396673189824       4.153637903601733E-002 -0.146858048511942     
   19.1983718199609       5.288690128100149E-002 -0.159952045653806     
   19.2570763209393       4.457481075857204E-002 -0.141565114398331     
   19.3157808219178       6.389356100704550E-002 -8.609487163887763E-002
   19.3744853228963       7.691629884504714E-002  2.774312832826331E-002
   19.4331898238748       3.910155146245697E-002  6.717681663744919E-002
   19.4918943248532       6.392352187412614E-003  8.268688244961846E-002
   19.5505988258317      -6.846520458382836E-002  8.711116689760023E-002
   19.6093033268102      -0.142413808006318       0.143106547669280     
   19.6680078277886      -0.131788630963189       0.143713979543354     
   19.7267123287671      -8.813404273152847E-002  0.126874383234103     
   19.7854168297456       1.970345020674349E-004  0.119373511112945     
   19.8441213307241       1.310483876998130E-003  1.522069264073287E-002
   19.9028258317025      -3.028335035566465E-002  6.439168680417211E-003
   19.9615303326810      -3.839529199002421E-002  7.212985502691750E-002
   20.0202348336595      -2.127527788284012E-004  0.106073266217247     
   20.0789393346380      -2.298030915243449E-002  0.138214968890852     
   20.1376438356164      -1.894500312406958E-002  0.107083489645403     
   20.1963483365949      -7.152866793885938E-002  5.790006423856880E-002
   20.2550528375734      -3.001784487402604E-002  3.021759777792038E-002
   20.3137573385519      -3.522845885109754E-003  1.158233281638063E-003
   20.3724618395303       1.359064207309263E-002 -2.395354983365473E-002
   20.4311663405088      -1.986652296562566E-002 -5.166355861151718E-002
   20.4898708414873       5.517221969982072E-003 -1.124918607413339E-002
   20.5485753424658       4.689734870363468E-002 -3.011646608432621E-002
   20.6072798434442       4.441996893014782E-002 -9.986765625434091E-002
   20.6659843444227       5.637299462952626E-002 -3.553227585093157E-002
   20.7246888454012       5.362427176704630E-002  4.624159020272761E-002
   20.7833933463796       1.670050327460677E-002  3.979984704341397E-002
   20.8420978473581       6.281513367152186E-004  5.265214215843501E-002
   20.9008023483366      -1.108310307148047E-002  6.668162098045403E-002
   20.9595068493151      -1.952833841681725E-003  3.633338217556817E-002
   21.0182113502935      -2.358158327820367E-002  3.101976091714267E-002
   21.0769158512720      -9.352206617981289E-003  7.491831857226150E-002
   21.1356203522505      -1.102524921328787E-002  3.238329560523197E-002
   21.1943248532290      -5.368480713282925E-002  5.947953448413049E-003
   21.2530293542074      -5.620984375174265E-002  1.409786216451864E-002
   21.3117338551859      -4.006201916166293E-002  4.323826379030185E-003
   21.3704383561644      -2.414081647402671E-002  2.120015583087080E-002
   21.4291428571429      -2.075962750004680E-002  5.448467034497392E-002
   21.4878473581213      -3.428518375909001E-002  8.162243805554267E-002
   21.5465518590998      -4.748032466795851E-002  5.695702152759977E-002
   21.6052563600783      -5.672952311899165E-002  4.835549129450993E-002
   21.6639608610568      -2.324845881478935E-002  1.087310816433322E-003
   21.7226653620352      -1.328515559258378E-002 -1.995185015485620E-002
   21.7813698630137       1.765069195062752E-002 -2.331728802828427E-002
   21.8400743639922       4.621425223932737E-002 -5.060940607812303E-002
   21.8987788649706       6.172765678282807E-002 -2.933572715851714E-002
   21.9574833659491       0.103277122954056       9.921052754935468E-003
   22.0161878669276       0.153087540359868       4.683066768133812E-002
   22.0748923679061       0.147630691793080       6.061805487321761E-002
   22.1335968688845       0.122038932657545       6.333026157752887E-002
   22.1923013698630       7.829946914847845E-002  4.627209712650118E-002
   22.2510058708415       2.388592912157839E-002  2.003834828838309E-002
   22.3097103718200       1.601412917130884E-002  1.899933627866050E-002
   22.3684148727984       5.778804931751601E-002 -4.383391910271332E-002
   22.4271193737769       6.887067020019713E-002 -6.249942915807011E-002
   22.4858238747554       5.072030977281587E-002 -3.571211905728385E-002
   22.5445283757339       5.764526895260234E-002  1.591377828714373E-003
   22.6032328767123       4.890339304414713E-002  2.803753562860670E-002
   22.6619373776908       9.500030040696720E-003  3.139397547245845E-002
   22.7206418786693      -2.063128006278781E-002  3.554170669383085E-002
   22.7793463796478       3.561867388586565E-002  2.623093935379447E-002
   22.8380508806262       1.081526582747004E-002 -2.600177535699652E-002
   22.8967553816047      -5.649374169133508E-003 -1.547470667710842E-002
   22.9554598825832      -1.841260502329468E-002 -5.027881058249395E-002
   23.0141643835616      -3.444929660510588E-002 -5.212532404810917E-002
   23.0728688845401      -2.521886411392532E-003 -1.081433369611161E-002
   23.1315733855186       5.588278669669298E-002 -4.384117538365868E-002
   23.1902778864971       9.587476304108111E-002 -3.770840583445476E-002
   23.2489823874755       7.505003266269972E-002 -6.535956992475241E-002
   23.3076868884540       3.172535533741030E-002  1.361319492900476E-002
   23.3663913894325      -9.920394743795274E-003  1.744909411511736E-002
   23.4250958904110      -4.939115536243803E-002  4.922626181486699E-002
   23.4838003913894      -4.225006112489417E-002  3.307696537123135E-002
   23.5425048923679      -3.503895691084011E-002 -4.616214763473313E-003
   23.6012093933464       3.789211045824777E-002  1.784377912832938E-002
   23.6599138943249       9.053134139610487E-002 -4.345998688401387E-002
   23.7186183953033       9.722579054078187E-002 -4.622141912695001E-002
   23.7773228962818       0.102803065079530      -1.406677450869477E-003
   23.8360273972603       5.452092174124899E-002  4.311824687048238E-002
   23.8947318982387       7.560952154963968E-002  2.401489175987716E-002
   23.9534363992172       8.913948249776599E-002 -1.452135705280115E-002
   24.0121409001957       5.131818988079613E-002  2.172596799570570E-002
   24.0708454011742       3.357906881841499E-002 -1.259216306940848E-003
   24.1295499021526       1.272894285663672E-002 -1.575875735769050E-002
   24.1882544031311       4.234800946787168E-003  2.488157334542136E-002
   24.2469589041096      -8.365891016052167E-003  6.703886443973263E-002
   24.3056634050881       1.502798565187015E-002  0.106676211894146     
   24.3643679060665      -2.589896853983758E-002  9.785899090469166E-002
   24.4230724070450      -9.802020226793455E-002  7.939368050407905E-002
   24.4817769080235      -9.271063474027907E-002  2.899873761127711E-002
   24.5404814090020      -0.121188968357636       2.244976015326843E-003
   24.5991859099804      -0.153248176268098      -4.733978761653055E-003
   24.6578904109589      -0.160187850300782      -3.109458323082404E-002
   24.7165949119374      -0.117560289435093      -4.303084591501697E-003
   24.7752994129159      -0.100578871174098       4.014286147181374E-002
   24.8340039138943      -7.610529566725743E-002  4.343212868405315E-002
   24.8927084148728      -5.316606638952212E-002  5.245930458620490E-002
   24.9514129158513      -3.204919044132285E-003  1.795625715748100E-002
   25.0101174168297       4.991771962083894E-002 -4.389365226534597E-002
   25.0688219178082       0.115481911269271      -8.603727572436237E-002
   25.1275264187867       0.128932530933763      -9.133423665515232E-002
   25.1862309197652       0.101833811805521      -3.128955015641979E-002
   25.2449354207436       6.120489184504038E-002  2.830818211597640E-002
   25.3036399217221       5.690238457258038E-002  9.650660081299467E-002
   25.3623444227006       8.471755427626818E-002  0.107319189459351     
   25.4210489236791       8.064168261843288E-002  6.365236862406402E-002
   25.4797534246575       5.031941815833757E-002  8.860485212788236E-002
   25.5384579256360       6.860369326195921E-002  4.383465076119245E-002
   25.5971624266145       2.699371954627808E-002  6.313413358135325E-002
   25.6558669275930      -1.574594723604743E-002  1.665382886441980E-002
   25.7145714285714      -4.582190251331356E-002  1.977041435513172E-002
   25.7732759295499      -7.423881976212748E-002 -1.487858716111359E-003
   25.8319804305284      -9.079635631788582E-002 -5.890122959894596E-002
   25.8906849315069      -6.922267362356425E-002  4.789012754249315E-002
   25.9493894324853      -2.039919533322405E-002  3.121138981696840E-002
   26.0080939334638      -3.229202983487404E-002  4.092891651028892E-002
   26.0667984344423      -1.945326474123904E-003  4.966591055992413E-002
   26.1255029354207      -3.407847089016432E-002  4.197821282139844E-002
   26.1842074363992       1.762299892983120E-002 -1.251692849313529E-002
   26.2429119373777       6.986912371879875E-003 -6.319879408675637E-002
   26.3016164383562       2.661892716406764E-002 -4.931055260225200E-002
   26.3603209393346       3.547352475113319E-002 -8.821303212516433E-002
   26.4190254403131       2.972460768321875E-004 -2.944240639297914E-002
   26.4777299412916       1.980783200824744E-002 -4.448354357236473E-002
   26.5364344422701       6.176700643721943E-002 -6.532157211501848E-002
   26.5951389432485       0.120714025102710      -4.827692406721704E-002
   26.6538434442270       0.113801878699513      -2.734162318360762E-002
   26.7125479452055       0.131991970788876       4.071390770024143E-002
   26.7712524461840       0.117046129899130      -1.178898057206462E-002
   26.8299569471624       7.598911699339703E-002  1.262700092319874E-002
   26.8886614481409       6.594355023846418E-002  2.082743953039472E-002
   26.9473659491194       8.603560811998540E-002 -1.721797809881872E-003
   27.0060704500978       8.119225659523258E-002  3.135521312802567E-003
   27.0647749510763       1.287849515656013E-002 -3.125124132178248E-002
   27.1234794520548      -7.143016234272617E-004 -1.345428964282135E-002
   27.1821839530333      -5.852819424472612E-002 -5.977502344299024E-002
   27.2408884540117      -8.201200150730066E-002 -7.505697195081265E-002
   27.2995929549902      -9.220915966227647E-002 -7.607206468767462E-002
   27.3582974559687      -5.622265467920660E-002 -0.112857928593440     
   27.4170019569472      -3.189626543749600E-002 -8.321868382435844E-002
   27.4757064579256       2.651646797553102E-002 -4.479361353084091E-003
   27.5344109589041       3.396576783194298E-002 -1.351769203330743E-002
   27.5931154598826       7.668773018731364E-003 -4.426437008252453E-002
   27.6518199608611      -8.614260595347145E-003 -5.080952300328533E-002
   27.7105244618395      -2.062279365517500E-002 -4.385839518914682E-002
   27.7692289628180      -3.299272564875036E-002 -0.105502925291099     
   27.8279334637965      -3.475925660295742E-002 -0.124291723356338     
   27.8866379647750       3.299974464062915E-002 -0.140450773067152     
   27.9453424657534       7.755737175745546E-002 -0.168131393994066     
   28.0040469667319       9.766643727058222E-002 -8.975569181930813E-002
   28.0627514677104       0.132900133352026      -3.888034920995086E-002
   28.1214559686888       0.111687109692222       5.835561938355312E-002
   28.1801604696673       5.288880184144552E-002  9.331739299087718E-002
   28.2388649706458       9.007586477751364E-003  0.115970605210884     
   28.2975694716243       1.168315162993865E-002  7.051449150832662E-002
   28.3562739726027      -2.972412903386587E-002  5.059458716664682E-003
   28.4149784735812      -3.721669619256813E-002  1.341430677056667E-002
   28.4736829745597      -2.004199629576305E-002 -1.872185327513476E-002
   28.5323874755382       2.557605560893468E-003  9.890300279337877E-003
   28.5910919765166       6.133514685701840E-002  2.943636783493191E-002
   28.6497964774951       5.488242046651261E-002 -5.241424504330131E-002
   28.7085009784736       1.362714525377802E-002 -4.800695450104215E-002
   28.7672054794521       3.927236414664219E-002 -4.936362159898060E-002
   28.8259099804305       3.083115002897500E-002 -2.963656349008621E-002
   28.8846144814090       9.113564684068154E-002  4.292132260617511E-002
   28.9433189823875       0.113072605507679       7.650490883805132E-002
   29.0020234833659       0.154605758961570       2.136022653337803E-002
   29.0607279843444       8.035452163836578E-002  3.014326597532601E-002
   29.1194324853229       4.740435516141742E-002  9.387754778670382E-002
   29.1781369863014       2.797876108089048E-002  5.949763935023751E-002
   29.2368414872798      -3.479655071238069E-004  2.293455051303133E-002
   29.2955459882583      -7.702959312790851E-003  2.954832630189923E-002
   29.3542504892368      -2.522208734706563E-002 -5.502743519319123E-003
   29.4129549902153      -2.000292086647378E-002 -9.705281377921548E-003
   29.4716594911937      -5.463471543261779E-003  4.345539103597727E-002
   29.5303639921722       4.944066017207746E-003  6.218245094820177E-002
   29.5890684931507       1.095808842858066E-002  9.818769400616931E-002
   29.6477729941292       3.274438270387779E-003  6.090998924682245E-002
   29.7064774951076      -6.667638773259771E-002  5.899798518201350E-002
   29.7651819960861      -5.208345252861664E-002  9.012561099778235E-002
   29.8238864970646      -4.158386301072903E-002  8.032233307473152E-002
   29.8825909980431      -2.595328667220292E-002  9.564806198318437E-002
   29.9412954990215       1.201875057106818E-002  9.897337635336924E-002
   30.0000000000000       7.113303316421909E-003  2.713923879300272E-002
