           0  0.171757881183600     
           1  0.238353388412058     
           2  0.206657495872573     
           3  0.146181217755829     
           4  9.326278447571722E-002
           5  5.639642173377365E-002
           6  3.323880601248409E-002
           7  1.941899269939813E-002
           8  1.136645767991289E-002
           9  6.711321171916342E-003
          10  4.014425787704641E-003
          11  2.438149682084700E-003
          12  1.504007332020492E-003
          13  9.403107874932236E-004
          14  5.918281177389594E-004
          15  3.695683558915202E-004
          16  2.200699765234579E-004
          17  1.136284484308253E-004
          18  3.367853103221416E-009
