  2.000000000000000E-003 -1.119805958569024E-002 -8.732272248969960E-003
  6.070450097847359E-002  1.040027265972024E-002 -2.676660422060453E-004
  0.119409001956947       6.844499497428196E-003  1.147693996972574E-002
  0.178113502935421      -1.459953610814412E-002  4.790026123498371E-003
  0.236818003913894      -8.320385084002579E-003 -3.169082870206353E-005
  0.295522504892368      -8.294442404154565E-003 -1.191374998703116E-002
  0.354227005870842       9.044221019026811E-003  2.979462581935503E-003
  0.412931506849315      -1.314507123230391E-002  3.893826329010141E-003
  0.471636007827789      -1.391761352565163E-002  1.294105514217973E-002
  0.530340508806262       1.168462802195804E-003 -1.376062230548141E-002
  0.589045009784736      -2.222918661856525E-003 -1.424523185082838E-002
  0.647749510763209      -2.980157377947757E-002 -5.066296570162755E-002
  0.706454011741683      -2.164816166866253E-002 -4.317392201590498E-002
  0.765158512720157      -2.304281057222790E-003  3.326008016857170E-003
  0.823863013698630       1.043617539630231E-002  3.670646707635037E-002
  0.882567514677104       3.777147018023955E-002  4.514777787396416E-002
  0.941272015655577       5.027966538174698E-002  4.763290669957019E-002
  0.999976516634051       6.034157833429800E-002 -1.213814074967549E-002
   1.05868101761252       4.394425750285040E-002  5.622582841930126E-003
   1.11738551859100       3.461364570827786E-002  1.564875666078708E-002
   1.17609001956947       2.250234420365553E-002  8.285010513364081E-002
   1.23479452054795      -1.276764838515326E-002  0.124047863249770     
   1.29349902152642      -0.123106509448483       0.112170767377988     
   1.35220352250489      -0.231918265356282       3.022472547983263E-002
   1.41090802348337      -0.272700334162127      -3.429960564272251E-002
   1.46961252446184      -0.255257233037346      -7.674998713199581E-002
   1.52831702544031      -0.208014698064875      -0.107660183550673     
   1.58702152641879      -0.198926346944001      -0.128986846672521     
   1.64572602739726      -0.154360375801877      -0.181568350783096     
   1.70443052837573      -0.103134165873113      -0.227086520591356     
   1.76313502935421      -4.520277983406491E-002 -0.272791357089957     
   1.82183953033268       2.605033940838956E-002 -0.274423719357491     
   1.88054403131115       9.091228287620959E-002 -0.280160650709502     
   1.93924853228963       0.106120034516478      -0.272710074922344     
   1.99795303326810       1.495807761188206E-002 -0.351889482647566     
   2.05665753424658      -5.564287458531569E-002 -0.446657002135432     
   2.11536203522505      -0.147383769953666      -0.480693336022629     
   2.17406653620352      -0.242160454320058      -0.578390478346520     
   2.23277103718200      -0.299515373762696      -0.737860095868812     
   2.29147553816047      -0.352993216729894      -0.834655830472373     
   2.35018003913894      -0.434689424757397      -0.799829747793495     
   2.40888454011742      -0.531399124461312      -0.715877767546810     
   2.46758904109589      -0.527741084515521      -0.607904922368677     
   2.52629354207436      -0.411649289223865      -0.416903152822783     
   2.58499804305284      -0.368531471715431      -0.234291637026874     
   2.64370254403131      -0.394247438550757      -5.642173014596666E-002
   2.70240704500978      -0.450733568051984       9.552258232275423E-002
   2.76111154598826      -0.482509657216074       0.190263119254907     
   2.81981604696673      -0.469800275521736       0.276651966280005     
   2.87852054794521      -0.456470920550627       0.318688097411968     
   2.93722504892368      -0.390419086696175       0.293366281738480     
   2.99592954990215      -0.375570894388983       0.252086346589978     
   3.05463405088063      -0.321744266969721       0.215819105838858     
   3.11333855185910      -0.251123839602125       0.218154195148574     
   3.17204305283757      -0.215200412488072       0.162471205966171     
   3.23074755381605      -0.161486870661217       2.893110945576129E-002
   3.28945205479452      -4.642092145896744E-002 -7.820374607944559E-002
   3.34815655577299       4.052573893138495E-002 -0.152965846016343     
   3.40686105675147       7.505550249952017E-002 -0.155415449802554     
   3.46556555772994       8.609302085876214E-002 -0.164147920253282     
   3.52427005870842       0.101985072854008      -0.173914853549475     
   3.58297455968689       4.072661865286448E-002 -0.121661789571437     
   3.64167906066536      -3.209778223666227E-003 -0.111891900512841     
   3.70038356164384      -2.523919993466432E-002 -8.897532015384879E-002
   3.75908806262231      -1.417027581898309E-002 -0.106216732931166     
   3.81779256360078       4.150721322232062E-002 -9.060566621777036E-002
   3.87649706457926       3.331763654441940E-002 -2.588466918433286E-002
   3.93520156555773      -4.980317339979248E-002  3.151051072472996E-002
   3.99390606653620      -8.115220201747129E-002  4.048307793089333E-002
   4.05261056751468      -0.109161454544888       3.096475156571893E-002
   4.11131506849315      -0.110601633688554      -8.878990807191962E-004
   4.17001956947162      -0.128876524175248      -2.185788091543734E-002
   4.22872407045010      -0.110224601329540      -4.782048190423666E-002
   4.28742857142857      -5.768929783909009E-002 -5.651282708111929E-002
   4.34613307240704       1.370198454164522E-002 -5.361641489187006E-002
   4.40483757338552       6.178160576269826E-003 -2.602743394521707E-002
   4.46354207436399      -1.373162678145402E-002 -7.757008564539196E-002
   4.52224657534247      -4.676151654063382E-002 -0.116790685900198     
   4.58095107632094      -2.713367871616103E-002 -0.129497546941111     
   4.63965557729941      -1.884649590514730E-002 -0.112371976112874     
   4.69836007827789      -2.275457126649331E-002 -9.142420642111347E-002
   4.75706457925636      -2.638876356399949E-002 -9.721928305259599E-002
   4.81576908023483       2.840655315697955E-003 -9.064572313881590E-002
   4.87447358121331       2.772997884825816E-002 -0.101154518150575     
   4.93317808219178       2.686716038325728E-002 -6.054141518144991E-002
   4.99188258317025       2.141496066622658E-003 -9.026449668603220E-002
   5.05058708414873       4.750388040574881E-002 -8.655877482624530E-002
   5.10929158512720       6.054085810724615E-002 -5.588771191914323E-002
   5.16799608610568       2.824327586619184E-002 -1.079748060349172E-002
   5.22670058708415       4.328771937957724E-002 -5.501175686780734E-002
   5.28540508806262       4.593702708287283E-002 -5.025789044474296E-002
   5.34410958904110       5.088327572268370E-002 -5.347721926907316E-002
   5.40281409001957       4.807713053571633E-002 -4.014638625611389E-002
   5.46151859099804       5.513366642399972E-002  8.893176276635724E-003
   5.52022309197652       3.135215824924997E-002  6.224836359164555E-002
   5.57892759295499       8.546956679471810E-004  0.140610052828090     
   5.63763209393346      -1.715669739454459E-002  0.131983072023347     
   5.69633659491194      -5.970307666325959E-002  0.108706524687593     
   5.75504109589041      -0.139893173930347       6.754429542467819E-002
   5.81374559686888      -0.179569051543797       3.907645110004315E-002
   5.87245009784736      -0.218926049797203       3.303052663300900E-002
   5.93115459882583      -0.227252654738457       5.676410631008064E-002
   5.98985909980431      -0.168648698051036       2.325779419056331E-002
   6.04856360078278      -3.735583080598794E-002  1.921247054840676E-002
   6.10726810176125      -6.484124845062417E-003  3.135988313272929E-002
   6.16597260273973       1.373480188469986E-002 -1.369031399525586E-003
   6.22467710371820       6.397365617502247E-002 -8.751231690523380E-002
   6.28338160469667       0.103137667158265      -4.925374134618008E-002
   6.34208610567515       0.141906322677251      -2.862779598398407E-003
   6.40079060665362       0.125890874018780       3.248898249199225E-002
   6.45949510763209       0.215358322114009       6.662903272061643E-002
   6.51819960861057       0.215978038110504       9.099848061992764E-002
   6.57690410958904       0.161887514066894       9.029768968174334E-002
   6.63560861056752       6.547730118660616E-002  7.723644636291385E-002
   6.69431311154599       4.232962209147276E-004  0.121932573629347     
   6.75301761252446      -9.102471615586712E-002  0.154372589774351     
   6.81172211350294      -0.102954341597186       0.160602721135912     
   6.87042661448141      -3.847987379780610E-002  0.147805240047894     
   6.92913111545988      -6.110700093987315E-003  8.290893790852891E-002
   6.98783561643836       1.502533264757064E-002 -8.553605195024683E-005
   7.04654011741683       4.837092229169260E-002 -4.130488936465478E-002
   7.10524461839530       0.101858003538814      -5.637764692836354E-002
   7.16394911937378       7.727280646213580E-002 -6.121047677052360E-002
   7.22265362035225       9.787965478660586E-002 -2.844546718134273E-002
   7.28135812133072       6.333142497400893E-002  5.797778413290443E-002
   7.34006262230920       2.947378739896311E-003  3.140183593116599E-002
   7.39876712328767      -1.438567084726192E-002 -4.005766654972466E-003
   7.45747162426615      -1.437869631591578E-002 -4.352584045677022E-002
   7.51617612524462      -3.868583620408526E-002 -4.285258487958382E-002
   7.57488062622309      -5.015060719755772E-002 -6.646790161427098E-002
   7.63358512720157      -1.493098915803632E-002 -6.703125162685070E-002
   7.69228962818004      -4.285882431729361E-002 -4.292052953025738E-002
   7.75099412915851      -5.684684048072776E-002 -3.730358316200124E-002
   7.80969863013699      -9.836491739822581E-003 -4.179917434461184E-002
   7.86840313111546      -8.279472134311350E-003 -8.153515861666136E-002
   7.92710763209393       3.591005574641002E-002 -9.998273728594854E-002
   7.98581213307241       1.721252536947535E-003 -0.132382612581011     
   8.04451663405088       1.317358295140380E-002 -9.594566958561304E-002
   8.10322113502936       3.170307389734121E-002 -2.964975944527827E-002
   8.16192563600783       7.321013018019304E-002  7.505819273775252E-002
   8.22063013698630       8.121204864469375E-002  0.135578851977519     
   8.27933463796478       0.119399328608837       0.159465475545181     
   8.33803913894325       5.002282523473685E-002  0.193892562129339     
   8.39674363992172       2.430450599158466E-002  0.179658124211541     
   8.45544814090020      -3.704738668078146E-002  0.130144048059018     
   8.51415264187867      -3.420317548419644E-002  7.650212345262684E-002
   8.57285714285714      -1.381973612504792E-003  1.123799681105326E-002
   8.63156164383562       2.030254298609780E-002 -6.898439417125182E-002
   8.69026614481409       0.105068681745102      -6.125285892723944E-002
   8.74897064579256       0.100643100507460      -4.025011402109591E-003
   8.80767514677104       9.163744101966007E-002  2.954591013842355E-002
   8.86637964774951       5.947316490471895E-002  0.101277239170451     
   8.92508414872799      -5.246284373935486E-002  4.570267989901328E-002
   8.98378864970646      -7.592324599052834E-002 -4.174990542361109E-002
   9.04249315068493      -7.916678537169283E-002 -9.504036684265799E-002
   9.10119765166341      -5.932106618729531E-002 -0.125578350359219     
   9.15990215264188      -3.668560515284428E-002 -0.122482080778191     
   9.21860665362035      -1.601904019085314E-002 -0.133236985173318     
   9.27731115459883      -1.559793251263638E-002 -7.749493393732404E-002
   9.33601565557730      -2.866090377797396E-002 -7.845219757695519E-002
   9.39472015655577       1.644484790166932E-002 -7.963244454019203E-002
   9.45342465753425      -5.323893856482593E-002 -3.351913884522084E-003
   9.51212915851272      -9.419872342428776E-002 -4.185956014805343E-002
   9.57083365949119      -9.926201850028336E-002 -1.365418553199254E-002
   9.62953816046967      -8.523781955822393E-002 -5.813211560028118E-002
   9.68824266144814       6.364994076638986E-003 -4.078821045819628E-002
   9.74694716242662       2.307399552117191E-002  1.102459873632611E-002
   9.80565166340509      -2.190535637870134E-003  1.169996333231656E-002
   9.86435616438356      -1.735893418124855E-002  3.814561677193753E-002
   9.92306066536204      -7.017128911324917E-002 -2.866710863836212E-003
   9.98176516634051      -2.854421478984173E-002 -1.750833878626451E-002
   10.0404696673190      -1.293954155204915E-002  1.686057928783432E-002
   10.0991741682975      -3.129948664269520E-002  2.088448213850999E-002
   10.1578786692759       3.044164715835533E-002  4.630071157989104E-002
   10.2165831702544       2.791633216163326E-002  1.977475382331755E-002
   10.2752876712329       8.907902561719243E-002 -7.035676082450928E-002
   10.3339921722114       0.176364306929528      -0.111122427318211     
   10.3926966731898       0.155769399857755      -0.163653810903264     
   10.4514011741683       0.122762653410251      -0.176383977489710     
   10.5101056751468       6.016611540018749E-002 -0.203288411742819     
   10.5688101761252      -1.632489394885146E-002 -0.222133399688515     
   10.6275146771037      -6.905825705738444E-003 -0.191868740868150     
   10.6862191780822      -4.400506022133654E-002 -0.111266153748521     
   10.7449236790607      -3.889644774913648E-002 -0.101034266006552     
   10.8036281800391       1.566424744804842E-002 -5.822897410755605E-002
   10.8623326810176       4.219414682584424E-003 -3.388472013431995E-002
   10.9210371819961      -3.613574848191550E-003 -4.188677437298267E-002
   10.9797416829746      -6.581172938316185E-004 -1.408684716502167E-002
   11.0384461839530      -5.348889501550327E-002 -1.133154423974610E-003
   11.0971506849315      -6.437464204633256E-002 -1.298686922235943E-002
   11.1558551859100      -3.474567383606812E-002 -1.286033372623632E-003
   11.2145596868885      -4.431872800982659E-003  3.351868486758376E-002
   11.2732641878669       1.398082858334614E-002  3.880391367612569E-002
   11.3319686888454      -1.327458235959728E-004 -8.861072045990431E-004
   11.3906731898239       2.365094238676457E-002  1.483938867321567E-002
   11.4493776908024       8.141531616239470E-003 -1.938553125827855E-002
   11.5080821917808      -2.831331626622947E-002 -3.717620941931138E-002
   11.5667866927593       6.368155764325888E-003 -3.809766300219437E-002
   11.6254911937378       1.377955987865046E-002  2.562519968346862E-002
   11.6841956947162      -4.937003650571223E-002  7.390003208677177E-002
   11.7429001956947      -5.508522321537869E-002  7.258695379289926E-002
   11.8016046966732      -7.326292481218608E-002  9.445190877766585E-002
   11.8603091976517      -8.403733394381824E-002  3.435215047477291E-002
   11.9190136986301      -1.945357801350815E-002 -7.529938579264116E-003
   11.9777181996086       2.336670816883804E-002  1.934197419842602E-002
   12.0364227005871       2.678140637180957E-002  5.066335205517716E-002
   12.0951272015656       2.037070269305494E-002  9.896088008737308E-002
   12.1538317025440       4.542736680649469E-003  0.153291850805730     
   12.2125362035225       1.446503557170756E-002  0.165263966502365     
   12.2712407045010       2.593122228213854E-002  0.189569549753241     
   12.3299452054795       7.055202762287496E-002  0.158066154634612     
   12.3886497064579       7.457164391652325E-002  7.548293157925832E-002
   12.4473542074364       7.169042917458901E-002  7.287269968260141E-002
   12.5060587084149       7.316189057854820E-002  4.698960974750306E-002
   12.5647632093933       5.438006308686271E-002  5.523853122769455E-002
   12.6234677103718      -1.249350114092236E-002  1.106137532232625E-002
   12.6821722113503       8.374790896775671E-003 -1.366492496345182E-002
   12.7408767123288       9.530580710970571E-003 -3.118228492759512E-003
   12.7995812133072       1.497216133191293E-002  5.959387014590737E-003
   12.8582857142857       2.763356137263500E-002 -4.049844887439977E-002
   12.9169902152642      -1.203856798417587E-002 -2.007790428002845E-002
   12.9756947162427       1.359809482894508E-002 -2.766940088995621E-002
   13.0343992172211       2.032372322006003E-002 -1.744507525833896E-002
   13.0931037181996      -1.766203662145680E-002 -5.733646659225435E-002
   13.1518082191781      -4.771424013665729E-002 -7.168776099700347E-002
   13.2105127201566      -8.146237426511391E-002 -0.101716211835567     
   13.2692172211350      -8.225935309937919E-002 -8.137697816269968E-002
   13.3279217221135      -7.203878178452430E-002 -4.996666188221820E-002
   13.3866262230920      -7.317698478522648E-002 -5.379349409997346E-002
   13.4453307240705      -8.572397318809070E-002 -1.756585722235712E-002
   13.5040352250489      -3.818290246503587E-002 -2.442476250841367E-002
   13.5627397260274      -2.093721955213852E-002 -6.516691164164326E-002
   13.6214442270059       2.622916041317994E-003 -2.304049148625267E-002
   13.6801487279843       1.761578382899747E-002 -6.970198571334628E-003
   13.7388532289628       3.396489208928519E-002  3.966513691533075E-002
   13.7975577299413       2.057311189692533E-002  1.247656386732114E-002
   13.8562622309198       4.893660538867396E-002 -2.958136156458769E-002
   13.9149667318982       7.454584162103275E-002 -4.499932678235223E-002
   13.9736712328767       9.448745065759409E-002 -1.398742976291216E-002
   14.0323757338552       0.114159200134260      -3.261889561893043E-002
   14.0910802348337       7.643596062055197E-002  6.354168992997754E-003
   14.1497847358121       6.536248319988683E-002 -6.168041208465494E-003
   14.2084892367906       2.567881738770564E-002 -2.711130289038897E-002
   14.2671937377691       2.325140651802779E-002  9.893680930370465E-003
   14.3258982387476       3.898875060749576E-002 -2.035856805205637E-002
   14.3846027397260       6.512775838990521E-002 -4.645444780189901E-003
   14.4433072407045       5.234523761540902E-002  2.997187125768120E-002
   14.5020117416830      -5.748291507027937E-003  6.347675343347498E-002
   14.5607162426614      -2.545960638490182E-002  4.736965267988317E-002
   14.6194207436399      -6.804557596042618E-002  2.089865847687672E-002
   14.6781252446184      -0.105259647232041      -5.842768225904846E-002
   14.7368297455969      -9.458606019725495E-002 -3.662544493986502E-002
   14.7955342465753      -8.292322479708242E-002  1.618103996848601E-002
   14.8542387475538      -3.970266638983536E-002  6.918698789365753E-002
   14.9129432485323      -1.309264675125948E-002  0.107214323573732     
   14.9716477495108       1.470812889996855E-002  0.113019272268940     
   15.0303522504892       5.946752260454775E-003  7.149017752800954E-002
   15.0890567514677       3.154568509916430E-002 -1.456491146550741E-002
   15.1477612524462       4.121818516502436E-002 -9.046890872517288E-002
   15.2064657534247       4.555353571277598E-002 -0.133316095783079     
   15.2651702544031      -1.203238280206422E-002 -0.105050168393684     
   15.3238747553816      -9.460766696896268E-002 -7.181459749432403E-002
   15.3825792563601      -0.179065053540094      -7.950403650538992E-002
   15.4412837573386      -0.187219717150848      -6.650943815592611E-002
   15.4999882583170      -0.169773848972681      -1.321364788274296E-002
   15.5586927592955      -9.015175563966947E-002  4.964278235634366E-002
   15.6173972602740      -3.854123553259381E-002  5.531271274941989E-002
   15.6761017612524      -2.359190954925731E-003  1.558178617617031E-002
   15.7348062622309       4.793497525056611E-002  1.022893148024486E-002
   15.7935107632094       0.106093295909293       8.199118608996338E-003
   15.8522152641879       0.100879392324603       3.594907318524555E-002
   15.9109197651663       3.298280242406474E-002  2.849421618513233E-002
   15.9696242661448      -6.268345697101779E-002 -3.701419067433605E-003
   16.0283287671233      -9.679617591614760E-002 -4.472215734691001E-002
   16.0870332681018      -7.620365742528425E-002 -7.669242458772575E-002
   16.1457377690802      -7.682909284536069E-002 -8.037468582624392E-002
   16.2044422700587      -9.942418909716386E-002 -5.127498925799168E-002
   16.2631467710372      -0.107398097555519       1.350823618258918E-002
   16.3218512720157      -0.111935861147385       2.040428567778597E-002
   16.3805557729941      -6.872067563582532E-002  5.098545895095213E-002
   16.4392602739726      -4.284475620552050E-002  9.040347413022062E-002
   16.4979647749511      -6.691379000511362E-002  0.108543751698026     
   16.5566692759296      -0.132833545218771       8.527086631189584E-002
   16.6153737769080      -7.017577107210948E-002  3.658863311276372E-002
   16.6740782778865      -4.040843533536335E-004 -4.640964292249997E-002
   16.7327827788650       3.011767216312466E-003 -6.667040598391295E-002
   16.7914872798434      -2.969009195159975E-002  1.940285619728456E-004
   16.8501917808219      -3.869726428234502E-002  1.822745253069256E-002
   16.9088962818004       1.450966163250438E-002  9.610041031563800E-003
   16.9676007827789       3.947038855742647E-003  2.636547431233631E-002
   17.0263052837573      -2.223273952522218E-002  9.367193155337593E-002
   17.0850097847358      -2.829908729567684E-002  0.125066614367319     
   17.1437142857143      -3.221950410020437E-002  0.119164160998086     
   17.2024187866928       5.033220365553924E-002  8.828837829091607E-002
   17.2611232876712       8.601425629493664E-002  2.628402876660127E-002
   17.3198277886497       8.749920310439488E-002  1.486951947047099E-002
   17.3785322896282       8.338317674326415E-002  2.022628198805106E-002
   17.4372367906067       6.128318072788339E-003  1.501578919034897E-002
   17.4959412915851      -1.566334368225066E-002  1.040047451179647E-002
   17.5546457925636      -1.439565508420248E-002  4.063850204655987E-003
   17.6133502935421      -6.459596687715709E-003 -6.668812764446464E-003
   17.6720547945205       9.446707067053806E-003 -4.867360680675307E-002
   17.7307592954990       1.686869387660665E-002 -2.810846223040703E-003
   17.7894637964775       4.304892931788007E-002  6.984235937417957E-002
   17.8481682974560       7.520567153248864E-003  7.865739237836841E-002
   17.9068727984344       2.845817810460460E-003  5.404279929881897E-002
   17.9655772994129       3.774989847410051E-002  1.892049717199504E-002
   18.0242818003914       4.218828189017784E-002 -4.523357470805581E-002
   18.0829863013699      -3.220296724883902E-002 -1.318209292465313E-002
   18.1416908023483      -5.780794858261926E-003  3.166265450066817E-002
   18.2003953033268       1.043090474138395E-002  2.501404224009787E-002
   18.2590998043053       2.774007056031115E-002  3.484562659264169E-002
   18.3178043052838       2.752298756032666E-002 -1.181887023111840E-002
   18.3765088062622      -6.355468641220788E-003 -7.069338943014852E-002
   18.4352133072407      -2.325014672492882E-002 -4.121981972637277E-002
   18.4939178082192      -1.682913052235274E-002 -4.692618556342539E-002
   18.5526223091977      -3.820709417422743E-002 -2.613384820125483E-002
   18.6113268101761      -3.251305408040089E-002 -2.623199726203457E-002
   18.6700313111546      -6.442651803835471E-002 -2.255709499661570E-002
   18.7287358121331      -9.187369574760527E-002  1.798353512361861E-002
   18.7874403131115      -8.808664012207676E-002  1.284201532401075E-002
   18.8461448140900      -5.430487926383902E-002 -2.378470380458472E-002
   18.9048493150685      -4.725907931743488E-002 -2.837220781776073E-002
   18.9635538160470      -2.220324462859494E-002 -4.320018292798122E-002
   19.0222583170254      -3.076939766751061E-002 -7.053737635321833E-002
   19.0809628180039       7.538967655187107E-003 -8.946530129131794E-002
   19.1396673189824       4.153637815805761E-002 -0.146858046783172     
   19.1983718199609       5.288690059290181E-002 -0.159952042778005     
   19.2570763209393       4.457480987898838E-002 -0.141565111376116     
   19.3157808219178       6.389355898611297E-002 -8.609487028837159E-002
   19.3744853228963       7.691629656576365E-002  2.774312767804256E-002
   19.4331898238748       3.910155033570046E-002  6.717681449972053E-002
   19.4918943248532       6.392351749774657E-003  8.268687987904980E-002
   19.5505988258317      -6.846520409427972E-002  8.711116396173002E-002
   19.6093033268102      -0.142413806894894       0.143106543847332     
   19.6680078277886      -0.131788629833834       0.143713976028620     
   19.7267123287671      -8.813404179129075E-002  0.126874380581712     
   19.7854168297456       1.970340687260687E-004  0.119373509589030     
   19.8441213307241       1.310483947094391E-003  1.522069183984445E-002
   19.9028258317025      -3.028334971890995E-002  6.439169318996123E-003
   19.9615303326810      -3.839529153961604E-002  7.212985403713613E-002
   20.0202348336595      -2.127523716258309E-004  0.106073265990354     
   20.0789393346380      -2.298030861907061E-002  0.138214968138607     
   20.1376438356164      -1.894500263963506E-002  0.107083489506707     
   20.1963483365949      -7.152866798886331E-002  5.790006457809271E-002
   20.2550528375734      -3.001784467438071E-002  3.021759785505546E-002
   20.3137573385519      -3.522845641372494E-003  1.158233023995672E-003
   20.3724618395303       1.359064191064593E-002 -2.395354982644173E-002
   20.4311663405088      -1.986652412216968E-002 -5.166355739843864E-002
   20.4898708414873       5.517220556013536E-003 -1.124918560236791E-002
   20.5485753424658       4.689734635552971E-002 -3.011646490506045E-002
   20.6072798434442       4.441996731262174E-002 -9.986765443056267E-002
   20.6659843444227       5.637299320819397E-002 -3.553227539685172E-002
   20.7246888454012       5.362427071501327E-002  4.624158987034869E-002
   20.7833933463796       1.670050169201898E-002  3.979984688168550E-002
   20.8420978473581       6.281493680403219E-004  5.265214171785462E-002
   20.9008023483366      -1.108310446001574E-002  6.668161891399091E-002
   20.9595068493151      -1.952834975058444E-003  3.633338061131613E-002
   21.0182113502935      -2.358158517740442E-002  3.101975948384064E-002
   21.0769158512720      -9.352207929338250E-003  7.491831699277055E-002
   21.1356203522505      -1.102524963110738E-002  3.238329468426784E-002
   21.1943248532290      -5.368480626251568E-002  5.947953486052857E-003
   21.2530293542074      -5.620984329329640E-002  1.409786176263315E-002
   21.3117338551859      -4.006201929016439E-002  4.323826640189002E-003
   21.3704383561644      -2.414081708614703E-002  2.120015633703167E-002
   21.4291428571429      -2.075962790469208E-002  5.448467068493471E-002
   21.4878473581213      -3.428518403073261E-002  8.162243773560114E-002
   21.5465518590998      -4.748032533463017E-002  5.695702071903192E-002
   21.6052563600783      -5.672952356904229E-002  4.835549082815378E-002
   21.6639608610568      -2.324845920225932E-002  1.087311350584664E-003
   21.7226653620352      -1.328515550572908E-002 -1.995184968569769E-002
   21.7813698630137       1.765069299439927E-002 -2.331728742075055E-002
   21.8400743639922       4.621425329493660E-002 -5.060940458541727E-002
   21.8987788649706       6.172765735673673E-002 -2.933572640282410E-002
   21.9574833659491       0.103277121674344       9.921053026261936E-003
   22.0161878669276       0.153087538360139       4.683066756735926E-002
   22.0748923679061       0.147630689245310       6.061805483375748E-002
   22.1335968688845       0.122038930599137       6.333026133205877E-002
   22.1923013698630       7.829946838799609E-002  4.627209697540180E-002
   22.2510058708415       2.388592812187254E-002  2.003834930843726E-002
   22.3097103718200       1.601412904717572E-002  1.899933794069685E-002
   22.3684148727984       5.778804788778073E-002 -4.383391769400887E-002
   22.4271193737769       6.887066851341807E-002 -6.249942796024087E-002
   22.4858238747554       5.072030773407242E-002 -3.571211832102564E-002
   22.5445283757339       5.764526726455088E-002  1.591379627661847E-003
   22.6032328767123       4.890339238388321E-002  2.803753721845234E-002
   22.6619373776908       9.500029678381185E-003  3.139397597945339E-002
   22.7206418786693      -2.063127979239639E-002  3.554170665249465E-002
   22.7793463796478       3.561867306028954E-002  2.623093727186829E-002
   22.8380508806262       1.081526443274888E-002 -2.600177604368188E-002
   22.8967553816047      -5.649374694205622E-003 -1.547470674192648E-002
   22.9554598825832      -1.841260513256744E-002 -5.027881041599053E-002
   23.0141643835616      -3.444929426423281E-002 -5.212532377125470E-002
   23.0728688845401      -2.521884737852791E-003 -1.081433355658536E-002
   23.1315733855186       5.588278611990476E-002 -4.384117623884988E-002
   23.1902778864971       9.587476072101536E-002 -3.770840661396977E-002
   23.2489823874755       7.505002925509933E-002 -6.535957015262872E-002
   23.3076868884540       3.172535391044942E-002  1.361319341337370E-002
   23.3663913894325      -9.920394923113982E-003  1.744909261657493E-002
   23.4250958904110      -4.939115556222426E-002  4.922625967702451E-002
   23.4838003913894      -4.225006044582164E-002  3.307696276625492E-002
   23.5425048923679      -3.503895758710944E-002 -4.616216523822686E-003
   23.6012093933464       3.789210946383290E-002  1.784377832718922E-002
   23.6599138943249       9.053133943934481E-002 -4.345998649406527E-002
   23.7186183953033       9.722578921687602E-002 -4.622141865225590E-002
   23.7773228962818       0.102803063877206      -1.406677263512655E-003
   23.8360273972603       5.452092057914296E-002  4.311824774702051E-002
   23.8947318982387       7.560952107000464E-002  2.401489283581782E-002
   23.9534363992172       8.913948249331316E-002 -1.452135653159818E-002
   24.0121409001957       5.131818995325117E-002  2.172596775786085E-002
   24.0708454011742       3.357906934204757E-002 -1.259217184159287E-003
   24.1295499021526       1.272894289508713E-002 -1.575875847605413E-002
   24.1882544031311       4.234800959774986E-003  2.488157124570402E-002
   24.2469589041096      -8.365890894256080E-003  6.703886271078863E-002
   24.3056634050881       1.502798612547582E-002  0.106676210432324     
   24.3643679060665      -2.589896863958777E-002  9.785898867540677E-002
   24.4230724070450      -9.802020204410646E-002  7.939367947535271E-002
   24.4817769080235      -9.271063398335103E-002  2.899873747835907E-002
   24.5404814090020      -0.121188966520125       2.244976160087776E-003
   24.5991859099804      -0.153248173544925      -4.733978173423345E-003
   24.6578904109589      -0.160187847565633      -3.109458343168461E-002
   24.7165949119374      -0.117560287801020      -4.303084758975484E-003
   24.7752994129159      -0.100578870751193       4.014286247892384E-002
   24.8340039138943      -7.610529524375623E-002  4.343213085891235E-002
   24.8927084148728      -5.316606650742984E-002  5.245930688930787E-002
   24.9514129158513      -3.204920242843141E-003  1.795625936403111E-002
   25.0101174168297       4.991771731068989E-002 -4.389365033609154E-002
   25.0688219178082       0.115481909064116      -8.603727455934057E-002
   25.1275264187867       0.128932528511587      -9.133423539458779E-002
   25.1862309197652       0.101833809546929      -3.128954920240421E-002
   25.2449354207436       6.120489073287610E-002  2.830818189179784E-002
   25.3036399217221       5.690238460703673E-002  9.650660012400898E-002
   25.3623444227006       8.471755322659959E-002  0.107319188210209     
   25.4210489236791       8.064168225726669E-002  6.365236693347287E-002
   25.4797534246575       5.031941794739564E-002  8.860485116686460E-002
   25.5384579256360       6.860369307037374E-002  4.383465038590808E-002
   25.5971624266145       2.699372086004367E-002  6.313413239888846E-002
   25.6558669275930      -1.574594586572661E-002  1.665382745843896E-002
   25.7145714285714      -4.582190163505586E-002  1.977041382696475E-002
   25.7732759295499      -7.423881992368928E-002 -1.487859011817361E-003
   25.8319804305284      -9.079635697297395E-002 -5.890122967293698E-002
   25.8906849315069      -6.922267594371954E-002  4.789012786229217E-002
   25.9493894324853      -2.039919874165944E-002  3.121139000030190E-002
   26.0080939334638      -3.229203234546019E-002  4.092891650460914E-002
   26.0667984344423      -1.945327894118096E-003  4.966590958192942E-002
   26.1255029354207      -3.407847168557925E-002  4.197821167058125E-002
   26.1842074363992       1.762299920653489E-002 -1.251693087977479E-002
   26.2429119373777       6.986912961400686E-003 -6.319879505592478E-002
   26.3016164383562       2.661892786698664E-002 -4.931055409857572E-002
   26.3603209393346       3.547352428236754E-002 -8.821303121573831E-002
   26.4190254403131       2.972455877587044E-004 -2.944240599371272E-002
   26.4777299412916       1.980783115638603E-002 -4.448354221411492E-002
   26.5364344422701       6.176700618081306E-002 -6.532157105064328E-002
   26.5951389432485       0.120714024419278      -4.827692318901021E-002
   26.6538434442270       0.113801878321308      -2.734162232270682E-002
   26.7125479452055       0.131991969623596       4.071390749418255E-002
   26.7712524461840       0.117046128571622      -1.178898001030574E-002
   26.8299569471624       7.598911588351122E-002  1.262700183954061E-002
   26.8886614481409       6.594354855748939E-002  2.082743962177163E-002
   26.9473659491194       8.603560704523662E-002 -1.721797961555489E-003
   27.0060704500978       8.119225619720576E-002  3.135521217540918E-003
   27.0647749510763       1.287849579803335E-002 -3.125124197568029E-002
   27.1234794520548      -7.143016124133740E-004 -1.345429063539135E-002
   27.1821839530333      -5.852819409341590E-002 -5.977502406022615E-002
   27.2408884540117      -8.201200011471599E-002 -7.505697096633657E-002
   27.2995929549902      -9.220915814366931E-002 -7.607206316103821E-002
   27.3582974559687      -5.622265388045519E-002 -0.112857926683451     
   27.4170019569472      -3.189626377293930E-002 -8.321868325538218E-002
   27.4757064579256       2.651646895528590E-002 -4.479361439247535E-003
   27.5344109589041       3.396576849597073E-002 -1.351769231242453E-002
   27.5931154598826       7.668774009265963E-003 -4.426437072400828E-002
   27.6518199608611      -8.614259969704600E-003 -5.080952313099369E-002
   27.7105244618395      -2.062279335334984E-002 -4.385839545120745E-002
   27.7692289628180      -3.299272515133437E-002 -0.105502923661374     
   27.8279334637965      -3.475925605415249E-002 -0.124291721843034     
   27.8866379647750       3.299974557945874E-002 -0.140450771035075     
   27.9453424657534       7.755737073894355E-002 -0.168131391729330     
   28.0040469667319       9.766643544670450E-002 -8.975568972364002E-002
   28.0627514677104       0.132900130366219      -3.888034658600775E-002
   28.1214559686888       0.111687106957165       5.835562128537144E-002
   28.1801604696673       5.288879978573696E-002  9.331739447923522E-002
   28.2388649706458       9.007585131872810E-003  0.115970604894457     
   28.2975694716243       1.168315118969276E-002  7.051449104474077E-002
   28.3562739726027      -2.972412803207762E-002  5.059458481770902E-003
   28.4149784735812      -3.721669379194774E-002  1.341430582653628E-002
   28.4736829745597      -2.004199417375203E-002 -1.872185466394251E-002
   28.5323874755382       2.557606444201541E-003  9.890299161087343E-003
   28.5910919765166       6.133514658039742E-002  2.943636760254727E-002
   28.6497964774951       5.488241889814442E-002 -5.241424374990522E-002
   28.7085009784736       1.362714386769953E-002 -4.800695325234711E-002
   28.7672054794521       3.927236402595349E-002 -4.936362045213870E-002
   28.8259099804305       3.083115139475726E-002 -2.963656327847483E-002
   28.8846144814090       9.113564823157444E-002  4.292132083989907E-002
   28.9433189823875       0.113072605779435       7.650490593763905E-002
   29.0020234833659       0.154605759802663       2.136022461728998E-002
   29.0607279843444       8.035452237054505E-002  3.014326518614404E-002
   29.1194324853229       4.740435537225164E-002  9.387754656181416E-002
   29.1781369863014       2.797876151861906E-002  5.949763795509330E-002
   29.2368414872798      -3.479658390645804E-004  2.293454994544327E-002
   29.2955459882583      -7.702960783667376E-003  2.954832652897579E-002
   29.3542504892368      -2.522208773725007E-002 -5.502741730637650E-003
   29.4129549902153      -2.000292064087684E-002 -9.705278614371409E-003
   29.4716594911937      -5.463471207234753E-003  4.345539438409125E-002
   29.5303639921722       4.944065882678931E-003  6.218245346887440E-002
   29.5890684931507       1.095808828787723E-002  9.818769565056157E-002
   29.6477729941292       3.274436330241978E-003  6.090998978695922E-002
   29.7064774951076      -6.667638844804891E-002  5.899798477840232E-002
   29.7651819960861      -5.208345399369355E-002  9.012560925518096E-002
   29.8238864970646      -4.158386286297838E-002  8.032233218580964E-002
   29.8825909980431      -2.595328672087865E-002  9.564806051869942E-002
   29.9412954990215       1.201874919097068E-002  9.897337487392796E-002
   30.0000000000000       7.113303478981178E-003  2.713923854662053E-002
