  2.000000000000000E-003  2.185002755321364E-012
  6.070450097847359E-002  2.463689915861637E-011
  0.119409001956947       2.403247766027108E-010
  0.178113502935421       2.038511580579358E-009
  0.236818003913894       1.510850297883967E-008
  0.295522504892368       9.828371115007579E-008
  0.354227005870842       5.635286801672477E-007
  0.412931506849315       2.858954406879277E-006
  0.471636007827789       1.287924777207073E-005
  0.530340508806262       5.168254451796708E-005
  0.589045009784736       1.852564255999102E-004
  0.647749510763209       5.945534043607520E-004
  0.706454011741683       1.711527635424028E-003
  0.765158512720157       4.424545850601917E-003
  0.823863013698630       1.027592778629986E-002
  0.882567514677104       2.142732208967464E-002
  0.941272015655577       4.003229822225476E-002
  0.999976516634051       6.672963008157123E-002
   1.05868101761252       9.848255699829758E-002
   1.11738551859100       0.126913730530254     
   1.17609001956947       0.139052884758124     
   1.23479452054795       0.122016344814167     
   1.29349902152642       7.091675843838829E-002
   1.35220352250489      -3.968933730312382E-003
   1.41090802348337      -7.661350685343329E-002
   1.46961252446184      -0.114911110287832     
   1.52831702544031      -9.790227165229698E-002
   1.58702152641879      -3.096070943147107E-002
   1.64572602739726       5.231502864898842E-002
   1.70443052837573       0.106064497149867     
   1.76313502935421       9.860717554836242E-002
   1.82183953033268       3.311167265747357E-002
   1.88054403131115      -5.209783099644318E-002
   1.93924853228963      -0.105704089900942     
   1.99795303326810      -9.491989582759250E-002
   2.05665753424658      -2.619616566681969E-002
   2.11536203522505       5.852456677620725E-002
   2.17406653620352       0.107759105830448     
   2.23277103718200       9.204124074765653E-002
   2.29147553816047       2.129638411926980E-002
   2.35018003913894      -6.213300004980863E-002
   2.40888454011742      -0.109476969677850     
   2.46758904109589      -9.404992210752504E-002
   2.52629354207436      -2.549919916909305E-002
   2.58499804305284       5.732363671738160E-002
   2.64370254403131       0.109174038687183     
   2.70240704500978       0.103052198870102     
   2.76111154598826       4.329396491992434E-002
   2.81981604696673      -3.860941197653730E-002
   2.87852054794521      -0.101549280842395     
   2.93722504892368      -0.115517810457210     
   2.99592954990215      -7.508902713365199E-002
   3.05463405088063      -1.282119486104635E-004
   3.11333855185910       7.506509773756385E-002
   3.17204305283757       0.117893107232618     
   3.23074755381605       0.111186039311379     
   3.28945205479452       5.903124776383029E-002
   3.34815655577299      -1.663752469718291E-002
   3.40686105675147      -8.608017117553628E-002
   3.46556555772994      -0.123626016911228     
   3.52427005870842      -0.116680076944361     
   3.58297455968689      -6.900081087455692E-002
   3.64167906066536       2.072688064216284E-003
   3.70038356164384       7.261030012879745E-002
   3.75908806262231       0.120364680087360     
   3.81779256360078       0.131495325945421     
   3.87649706457926       0.103902875104776     
   3.93520156555773       4.669991345704933E-002
   3.99390606653620      -2.342772349307018E-002
   4.05261056751468      -8.746459028801806E-002
   4.11131506849315      -0.129244285822957     
   4.17001956947162      -0.139222238347807     
   4.22872407045010      -0.116117618446891     
   4.28742857142857      -6.636982003717558E-002
   4.34613307240704      -1.894052951680158E-003
   4.40483757338552       6.307450987277383E-002
   4.46354207436399       0.115204772461578     
   4.52224657534247       0.144667305994908     
   4.58095107632094       0.146678567408620     
   4.63965557729941       0.121863492501129     
   4.69836007827789       7.556660124538034E-002
   4.75706457925636       1.641657591545754E-002
   4.81576908023483      -4.547359854478521E-002
   4.87447358121331      -0.100299950300228     
   4.93317808219178      -0.140058493136177     
   4.99188258317025      -0.159547585128207     
   5.05058708414873      -0.156811366803950     
   5.10929158512720      -0.133054983143809     
   5.16799608610568      -9.213543258679602E-002
   5.22670058708415      -3.977249256473932E-002
   5.28540508806262       1.736582310138917E-002
   5.34410958904110       7.256316202862502E-002
   5.40281409001957       0.119830394187296     
   5.46151859099804       0.154485258706348     
   5.52022309197652       0.173503146688420     
   5.57892759295499       0.175639943263009     
   5.63763209393346       0.161353810554530     
   5.69633659491194       0.132569602671453     
   5.75504109589041       9.233755030250564E-002
   5.81374559686888       4.443825444108724E-002
   5.87245009784736      -7.019241802915043E-003
   5.93115459882583      -5.796845048469020E-002
   5.98985909980431      -0.104698327561722     
   6.04856360078278      -0.144091746176422     
   6.10726810176125      -0.173783159869065     
   6.16597260273973      -0.192237279543267     
   6.22467710371820      -0.198756753508163     
   6.28338160469667      -0.193430897222639     
   6.34208610567515      -0.177039633537524     
   6.40079060665362      -0.150927279300730     
   6.45949510763209      -0.116860022252442     
   6.51819960861057      -7.687925763313036E-002
   6.57690410958904      -3.316075383964179E-002
   6.63560861056752       1.211280438380948E-002
   6.69431311154599       5.686074781822104E-002
   6.75301761252446       9.919188967396252E-002
   6.81172211350294       0.137469489363509     
   6.87042661448141       0.170354213062733     
   6.92913111545988       0.196826749797417     
   6.98783561643836       0.216192537641107     
   7.04654011741683       0.228071525227881     
   7.10524461839530       0.232376089351579     
   7.16394911937378       0.229280205406124     
   7.22265362035225       0.219182779041989     
   7.28135812133072       0.202667745893571     
   7.34006262230920       0.180463176394402     
   7.39876712328767       0.153401221791944     
   7.45747162426615       0.122380334851387     
   7.51617612524462       8.833081620112417E-002
   7.57488062622309       5.218438980122334E-002
   7.63358512720157       1.484820776435780E-002
   7.69228962818004      -2.281656989563994E-002
   7.75099412915851      -6.001168039416812E-002
   7.80969863013699      -9.601436615968573E-002
   7.86840313111546      -0.130186018524727     
   7.92710763209393      -0.161977266640428     
   7.98581213307241      -0.190929965212774     
   8.04451663405088      -0.216676551914169     
   8.10322113502936      -0.238937241299852     
   8.16192563600783      -0.257515501873503     
   8.22063013698630      -0.272292231154323     
   8.27933463796478      -0.283219004121715     
   8.33803913894325      -0.290310726528277     
   8.39674363992172      -0.293637978924933     
   8.45544814090020      -0.293319291901214     
   8.51415264187867      -0.289513549556532     
   8.57285714285714      -0.282412677682002     
   8.63156164383562      -0.272234736264735     
   8.69026614481409      -0.259217503133817     
   8.74897064579256      -0.243612607008836     
   8.80767514677104      -0.225680243856895     
   8.86637964774951      -0.205684490141569     
   8.92508414872799      -0.183889209988057     
   8.98378864970646      -0.160554540161025     
   9.04249315068493      -0.135933926688081     
   9.10119765166341      -0.110271679583045     
   9.15990215264188      -8.380100705274696E-002
   9.21860665362035      -5.674248744924990E-002
   9.27731115459883      -2.930293571999115E-002
   9.33601565557730      -1.674620905020230E-003
   9.39472015655577       2.596520794092505E-002
   9.45342465753425       5.345452840434704E-002
   9.51212915851272       8.064652274784520E-002
   9.57083365949119       0.107409363517462     
   9.62953816046967       0.133625840051357     
   9.68824266144814       0.159192856218075     
   9.74694716242662       0.184020826674127     
   9.80565166340509       0.208032995931008     
   9.86435616438356       0.231164701619984     
   9.92306066536204       0.253362600582433     
   9.98176516634051       0.274583873824567     
   10.0404696673190       0.294795423977620     
   10.0991741682975       0.313973076708956     
   10.1578786692759       0.332100795539727     
   10.2165831702544       0.349169917739152     
   10.2752876712329       0.365178417378220     
   10.3339921722114       0.380130200227715     
   10.3926966731898       0.394034433965837     
   10.4514011741683       0.406904916106770     
   10.5101056751468       0.418759481159981     
   10.5688101761252       0.429619447767318     
   10.6275146771037       0.439509105927328     
   10.6862191780822       0.448455243890637     
   10.7449236790607       0.456486713883936     
   10.8036281800391       0.463634035481213     
   10.8623326810176       0.469929035178280     
   10.9210371819961       0.475404520530021     
   10.9797416829746       0.480093987069847     
   11.0384461839530       0.484031356139087     
   11.0971506849315       0.487250741702814     
   11.1558551859100       0.489786244211129     
   11.2145596868885       0.491671769575283     
   11.2732641878669       0.492940871360723     
   11.3319686888454       0.493626614349881     
   11.3906731898239       0.493761457691974     
   11.4493776908024       0.493377155932172     
   11.5080821917808       0.492504676294943     
   11.5667866927593       0.491174130684036     
   11.6254911937378       0.489414720952123     
   11.6841956947162       0.487254696084995     
   11.7429001956947       0.484721320036935     
   11.8016046966732       0.481840849044355     
   11.8603091976517       0.478638517333066     
   11.9190136986301       0.475138530219978     
   11.9777181996086       0.471364063692012     
   12.0364227005871       0.467337269623243     
   12.0951272015656       0.463079285865456     
   12.1538317025440       0.458610250517253     
   12.2125362035225       0.453949319742517     
   12.2712407045010       0.449114688570431     
   12.3299452054795       0.444123614166401     
   12.3886497064579       0.438992441116202     
   12.4473542074364       0.433736628314679     
   12.5060587084149       0.428370777095442     
   12.5647632093933       0.422908660279424     
   12.6234677103718       0.417363251858097     
   12.6821722113503       0.411746757061771     
   12.7408767123288       0.406070642594903     
   12.7995812133072       0.400345666848937     
   12.8582857142857       0.394581909929077     
   12.9169902152642       0.388788803354769     
   12.9756947162427       0.382975159314647     
   13.0343992172211       0.377149199375617     
   13.0931037181996       0.371318582562569     
   13.1518082191781       0.365490432740296     
   13.2105127201566       0.359671365242574     
   13.2692172211350       0.353867512705208     
   13.3279217221135       0.348084550070309     
   13.3866262230920       0.342327718738305     
   13.4453307240705       0.336601849852208     
   13.5040352250489       0.330911386705729     
   13.5627397260274       0.325260406272896     
   13.6214442270059       0.319652639862103     
   13.6801487279843       0.314091492902015     
   13.7388532289628       0.308580063870567     
   13.7975577299413       0.303121162381541     
   13.8562622309198       0.297717326445867     
   13.9149667318982       0.292370838927002     
   13.9736712328767       0.287083743211540     
   14.0323757338552       0.281857858117603     
   14.0910802348337       0.276694792064636     
   14.1497847358121       0.271595956529045     
   14.2084892367906       0.266562578810619     
   14.2671937377691       0.261595714135041     
   14.3258982387476       0.256696257117891     
   14.3846027397260       0.251864952615509     
   14.4433072407045       0.247102405987950     
   14.5020117416830       0.242409092798922     
   14.5607162426614       0.237785367977248     
   14.6194207436399       0.233231474463888     
   14.6781252446184       0.228747551368034     
   14.7368297455969       0.224333641655180     
   14.7955342465753       0.219989699389435     
   14.8542387475538       0.215715596551667     
   14.9129432485323       0.211511129454351     
   14.9716477495108       0.207376024773307     
   15.0303522504892       0.203309945215747     
   15.0890567514677       0.199312494843348     
   15.1477612524462       0.195383224068299     
   15.2064657534247       0.191521634339585     
   15.2651702544031       0.187727182535989     
   15.3238747553816       0.183999285081656     
   15.3825792563601       0.180337321799276     
   15.4412837573386       0.176740639515352     
   15.4999882583170       0.173208555431275     
   15.5586927592955       0.169740360273338     
   15.6173972602740       0.166335321234150     
   15.6761017612524       0.162992684717347     
   15.7348062622309       0.159711678896859     
   15.7935107632094       0.156491516101477     
   15.8522152641879       0.153331395034889     
   15.9109197651663       0.150230502840832     
   15.9696242661448       0.147188017022524     
   16.0283287671233       0.144203107225040     
   16.0870332681018       0.141274936888842     
   16.1457377690802       0.138402664782236     
   16.2044422700587       0.135585446420110     
   16.2631467710372       0.132822435375897     
   16.3218512720157       0.130112784493330     
   16.3805557729941       0.127455647004204     
   16.4392602739726       0.124850177557981     
   16.4979647749511       0.122295533168794     
   16.5566692759296       0.119790874085038     
   16.6153737769080       0.117335364586485     
   16.6740782778865       0.114928173713552     
   16.7327827788650       0.112568475933092     
   16.7914872798434       0.110255451744819     
   16.8501917808219       0.107988288232256     
   16.9088962818004       0.105766179561838     
   16.9676007827789       0.103588327433614     
   17.0263052837573       0.101453941486773     
   17.0850097847358       9.936223966303472E-002
   17.1437142857143       9.731244853075537E-002
   17.2024187866928       9.530380357244161E-002
   17.2611232876712       9.333554943818367E-002
   17.3198277886497       9.140694016738314E-002
   17.3785322896282       8.951723938099843E-002
   17.4372367906067       8.766572044639311E-002
   17.4959412915851       8.585166661675006E-002
   17.5546457925636       8.407437114688633E-002
   17.6133502935421       8.233313738719435E-002
   17.6720547945205       8.062727885732530E-002
   17.7307592954990       7.895611930112854E-002
   17.7894637964775       7.731899272426872E-002
   17.8481682974560       7.571524341584708E-002
   17.9068727984344       7.414422595527483E-002
   17.9655772994129       7.260530520556144E-002
   18.0242818003914       7.109785629411039E-002
   18.0829863013699       6.962126458204006E-002
   18.1416908023483       6.817492562298705E-002
   18.2003953033268       6.675824511227915E-002
   18.2590998043053       6.537063882731539E-002
   18.3178043052838       6.401153255992756E-002
   18.3765088062622       6.268036204145251E-002
   18.4352133072407       6.137657286119180E-002
   18.4939178082192       6.009962037889099E-002
   18.5526223091977       5.884896963182939E-002
   18.6113268101761       5.762409523706841E-002
   18.6700313111546       5.642448128937207E-002
   18.7287358121331       5.524962125527413E-002
   18.7874403131115       5.409901786373800E-002
   18.8461448140900       5.297218299381861E-002
   18.9048493150685       5.186863755971275E-002
   18.9635538160470       5.078791139355069E-002
   19.0222583170254       4.972954312626243E-002
   19.0809628180039       4.869308006682183E-002
   19.1396673189824       4.767807808015567E-002
   19.1983718199609       4.668410146397749E-002
   19.2570763209393       4.571072282479193E-002
   19.3157808219178       4.475752295329227E-002
   19.3744853228963       4.382409069936014E-002
   19.4331898238748       4.291002284685795E-002
   19.4918943248532       4.201492398839030E-002
   19.5505988258317       4.113840640019710E-002
   19.6093033268102       4.028008991732653E-002
   19.6680078277886       3.943960180922523E-002
   19.7267123287671       3.861657665587028E-002
   19.7854168297456       3.781065622455801E-002
   19.8441213307241       3.702148934745270E-002
   19.9028258317025       3.624873179999220E-002
   19.9615303326810       3.549204618023436E-002
   20.0202348336595       3.475110178922456E-002
   20.0789393346380       3.402557451245296E-002
   20.1376438356164       3.331514670246655E-002
   20.1963483365949       3.261950706269170E-002
   20.2550528375734       3.193835053251832E-002
   20.3137573385519       3.127137817369125E-002
   20.3724618395303       3.061829705804739E-002
   20.4311663405088       2.997882015663485E-002
   20.4898708414873       2.935266623024284E-002
   20.5485753424658       2.873955972136994E-002
   20.6072798434442       2.813923064765115E-002
   20.6659843444227       2.755141449676372E-002
   20.7246888454012       2.697585212282541E-002
   20.7833933463796       2.641228964429838E-002
   20.8420978473581       2.586047834340663E-002
   20.9008023483366       2.532017456707412E-002
   20.9595068493151       2.479113962938735E-002
   21.0182113502935       2.427313971558359E-002
   21.0769158512720       2.376594578756515E-002
   21.1356203522505       2.326933349093624E-002
   21.1943248532290       2.278308306355977E-002
   21.2530293542074       2.230697924562663E-002
   21.3117338551859       2.184081119123201E-002
   21.3704383561644       2.138437238144861E-002
   21.4291428571429       2.093746053888840E-002
   21.4878473581213       2.049987754374074E-002
   21.5465518590998       2.007142935127625E-002
   21.6052563600783       1.965192591080228E-002
   21.6639608610568       1.924118108605772E-002
   21.7226653620352       1.883901257703150E-002
   21.7813698630137       1.844524184319071E-002
   21.8400743639922       1.805969402810215E-002
   21.8987788649706       1.768219788543142E-002
   21.9574833659491       1.731258570630286E-002
   22.0161878669276       1.695069324800327E-002
   22.0748923679061       1.659635966401229E-002
   22.1335968688845       1.624942743534147E-002
   22.1923013698630       1.590974230316431E-002
   22.2510058708415       1.557715320271928E-002
   22.3097103718200       1.525151219846727E-002
   22.3684148727984       1.493267442048517E-002
   22.4271193737769       1.462049800207743E-002
   22.4858238747554       1.431484401858622E-002
   22.5445283757339       1.401557642738267E-002
   22.6032328767123       1.372256200901957E-002
   22.6619373776908       1.343567030952758E-002
   22.7206418786693       1.315477358383629E-002
   22.7793463796478       1.287974674030130E-002
   22.8380508806262       1.261046728631949E-002
   22.8967553816047       1.234681527501351E-002
   22.9554598825832       1.208867325296788E-002
   23.0141643835616       1.183592620899813E-002
   23.0728688845401       1.158846152393543E-002
   23.1315733855186       1.134616892140857E-002
   23.1902778864971       1.110894041960605E-002
   23.2489823874755       1.087667028400029E-002
   23.3076868884540       1.064925498101733E-002
   23.3663913894325       1.042659313263427E-002
   23.4250958904110       1.020858547188810E-002
   23.4838003913894       9.995134799278814E-003
   23.5425048923679       9.786145940050549E-003
   23.6012093933464       9.581525702334410E-003
   23.6599138943249       9.381182836136735E-003
   23.7186183953033       9.185027993157345E-003
   23.7773228962818       8.992973687421604E-003
   23.8360273972603       8.804934256711403E-003
   23.8947318982387       8.620825824779420E-003
   23.9534363992172       8.440566264332091E-003
   24.0121409001957       8.264075160766143E-003
   24.0708454011742       8.091273776644625E-003
   24.1295499021526       7.922085016897663E-003
   24.1882544031311       7.756433394734382E-003
   24.2469589041096       7.594244998251659E-003
   24.3056634050881       7.435447457726552E-003
   24.3643679060665       7.279969913578654E-003
   24.4230724070450       7.127742984989483E-003
   24.4817769080235       6.978698739165807E-003
   24.5404814090020       6.832770661234233E-003
   24.5991859099804       6.689893624754675E-003
   24.6578904109589       6.550003862840100E-003
   24.7165949119374       6.413038939871040E-003
   24.7752994129159       6.278937723792313E-003
   24.8340039138943       6.147640358981094E-003
   24.8927084148728       6.019088239674176E-003
   24.9514129158513       5.893223983943758E-003
   25.0101174168297       5.769991408210438E-003
   25.0688219178082       5.649335502282724E-003
   25.1275264187867       5.531202404912452E-003
   25.1862309197652       5.415539379855521E-003
   25.2449354207436       5.302294792428124E-003
   25.3036399217221       5.191418086547936E-003
   25.3623444227006       5.082859762250858E-003
   25.4210489236791       4.976571353673413E-003
   25.4797534246575       4.872505407491426E-003
   25.5384579256360       4.770615461805676E-003
   25.5971624266145       4.670856025465421E-003
   25.6558669275930       4.573182557820858E-003
   25.7145714285714       4.477551448895774E-003
   25.7732759295499       4.383919999971776E-003
   25.8319804305284       4.292246404575728E-003
   25.8906849315069       4.202489729861998E-003
   25.9493894324853       4.114609898381710E-003
   26.0080939334638       4.028567670230697E-003
   26.0667984344423       3.944324625568670E-003
   26.1255029354207       3.861843147501847E-003
   26.1842074363992       3.781086405321572E-003
   26.2429119373777       3.702018338091642E-003
   26.3016164383562       3.624603638577122E-003
   26.3603209393346       3.548807737507662E-003
   26.4190254403131       3.474596788168296E-003
   26.4777299412916       3.401937651311209E-003
   26.5364344422701       3.330797880381541E-003
   26.5951389432485       3.261145707050999E-003
   26.6538434442270       3.192950027052777E-003
   26.7125479452055       3.126180386311599E-003
   26.7712524461840       3.060806967362780E-003
   26.8299569471624       2.996800576054314E-003
   26.8886614481409       2.934132628526159E-003
   26.9473659491194       2.872775138460890E-003
   27.0060704500978       2.812700704600274E-003
   27.0647749510763       2.753882498522032E-003
   27.1234794520548       2.696294252671573E-003
   27.1821839530333       2.639910248643324E-003
   27.2408884540117       2.584705305706500E-003
   27.2995929549902       2.530654769570234E-003
   27.3582974559687       2.477734501383106E-003
   27.4170019569472       2.425920866962197E-003
   27.4757064579256       2.375190726246910E-003
   27.5344109589041       2.325521422972832E-003
   27.5931154598826       2.276890774561204E-003
   27.6518199608611       2.229277062219313E-003
   27.7105244618395       2.182659021247610E-003
   27.7692289628180       2.137015831549131E-003
   27.8279334637965       2.092327108337068E-003
   27.8866379647750       2.048572893036356E-003
   27.9453424657534       2.005733644375216E-003
   28.0040469667319       1.963790229662755E-003
   28.0627514677104       1.922723916248643E-003
   28.1214559686888       1.882516363161248E-003
   28.1801604696673       1.843149612920283E-003
   28.2388649706458       1.804606083520575E-003
   28.2975694716243       1.766868560583177E-003
   28.3562739726027       1.729920189670477E-003
   28.4149784735812       1.693744468761828E-003
   28.4736829745597       1.658325240886354E-003
   28.5323874755382       1.623646686909680E-003
   28.5910919765166       1.589693318471327E-003
   28.6497964774951       1.556449971069717E-003
   28.7085009784736       1.523901797291597E-003
   28.7672054794521       1.492034260182976E-003
   28.8259099804305       1.460833126758544E-003
   28.8846144814090       1.430284461646739E-003
   28.9433189823875       1.400374620867590E-003
   29.0020234833659       1.371090245740597E-003
   29.0607279843444       1.342418256919914E-003
   29.1194324853229       1.314345848554188E-003
   29.1781369863014       1.286860482568454E-003
   29.2368414872798       1.259949883065532E-003
   29.2955459882583       1.233602030844421E-003
   29.3542504892368       1.207805158033284E-003
   29.4129549902153       1.182547742834587E-003
   29.4716594911937       1.157818504380085E-003
   29.5303639921722       1.133606397693337E-003
   29.5890684931507       1.109900608757522E-003
   29.6477729941292       1.086690549686351E-003
   29.7064774951076       1.063965853995903E-003
   29.7651819960861       1.041716371975336E-003
   29.8238864970646       1.019932166154305E-003
   29.8825909980431       9.986035068652000E-004
   29.9412954990215       9.777208678980922E-004
   30.0000000000000       9.572749222465458E-004
