  2.000000000000000E-003 -2.486537897165223E-002 -1.912215040242370E-002
  6.070450097847359E-002 -2.579734926368756E-002  6.947473572156187E-003
  0.119409001956947       5.240266451619412E-003  1.869324918310874E-002
  0.178113502935421       1.576916004401507E-002  2.046208975940960E-003
  0.236818003913894      -1.721427920630115E-002 -1.518706679413057E-002
  0.295522504892368       1.769669826471236E-003  6.644476149047846E-004
  0.354227005870842       4.444407185968285E-003 -1.422414891500933E-003
  0.412931506849315       7.646083322394381E-003  1.931815323554175E-004
  0.471636007827789      -3.745568649127284E-003 -2.269225612164782E-006
  0.530340508806262      -7.753876935228175E-003 -4.076438747144615E-002
  0.589045009784736       4.309432454262290E-002 -4.090718968779656E-003
  0.647749510763209       4.985400071345397E-002  4.406909457565924E-003
  0.706454011741683       5.469092924890229E-002  2.618602771532537E-002
  0.765158512720157       6.070444701864862E-002  3.144060382072394E-002
  0.823863013698630       3.605193181686279E-002  4.556704631508476E-002
  0.882567514677104       1.686471115001151E-002  2.787320267456081E-002
  0.941272015655577      -7.386017410101193E-003  1.969762599519995E-002
  0.999976516634051      -2.954764613415654E-002 -2.228439621898361E-003
   1.05868101761252       1.824190140809612E-002 -2.435989286770554E-002
   1.11738551859100       2.186773027914464E-002 -4.121687146504945E-002
   1.17609001956947       5.008006800801634E-002 -5.505279409180572E-002
   1.23479452054795       7.957887114879972E-002 -8.988512729182288E-002
   1.29349902152642       0.183894685315311      -0.197052030004612     
   1.35220352250489       0.299664684650864      -0.316930385551319     
   1.41090802348337       0.398477862852520      -0.351320192045805     
   1.46961252446184       0.474332227379402      -0.328880753458659     
   1.52831702544031       0.609984498549603      -0.248303557305742     
   1.58702152641879       0.709637762744872      -0.170018368362445     
   1.64572602739726       0.711318299450008      -0.141336279499077     
   1.70443052837573       0.627140591979922      -4.442483484238340E-002
   1.76313502935421       0.466343684950685       7.949159254027782E-002
   1.82183953033268       0.259152078000979       0.187489578694488     
   1.88054403131115      -1.081172270840260E-002  0.297567393926027     
   1.93924853228963      -0.275536074919835       0.323774910215446     
   1.99795303326810      -0.530215617944677       0.316704368718784     
   2.05665753424658      -0.770478142240627       0.236458944932032     
   2.11536203522505      -0.834841030413745       9.676979280914748E-002
   2.17406653620352      -0.720851822277128      -0.176701425160664     
   2.23277103718200      -0.506015449680725      -0.420385761415330     
   2.29147553816047      -0.265723684012570      -0.544148782944192     
   2.35018003913894      -3.856255832302392E-002 -0.572937252187546     
   2.40888454011742       0.171954115360617      -0.521358276025183     
   2.46758904109589       0.359175558540207      -0.449091178080908     
   2.52629354207436       0.527080362069524      -0.389499426911700     
   2.58499804305284       0.573256356632216      -0.286861786379918     
   2.64370254403131       0.601157403393223      -0.164279372913972     
   2.70240704500978       0.575135488754906      -3.492101324975282E-002
   2.76111154598826       0.497374684207447       5.281494023335284E-002
   2.81981604696673       0.429608058455404       0.139837884643296     
   2.87852054794521       0.280396679566192       0.167140832795847     
   2.93722504892368       0.138216133970031       0.159083091614647     
   2.99592954990215       0.112087963525871       0.123029083890468     
   3.05463405088063       0.159295976933808       0.128792258702593     
   3.11333855185910       0.170412798903138       0.230109709638753     
   3.17204305283757       0.129003122106599       0.182747397147091     
   3.23074755381605       0.162318038637943       0.115636732483430     
   3.28945205479452       0.174213206194456       7.979288834572318E-002
   3.34815655577299       0.134215332486380       5.886659795725891E-002
   3.40686105675147       0.101640759311690       5.029821660677541E-003
   3.46556555772994       6.061479177288748E-002 -2.646490086240563E-002
   3.52427005870842      -6.082255315966673E-004 -7.653035967524162E-002
   3.58297455968689      -6.748069967196684E-003 -8.629939791735526E-002
   3.64167906066536      -1.720483408577865E-002 -4.929302793279432E-002
   3.70038356164384      -1.180288457173532E-002 -5.552359333841479E-003
   3.75908806262231      -1.221283992807249E-002  1.716748871119213E-002
   3.81779256360078      -3.572514742338398E-002  4.535648844057749E-002
   3.87649706457926      -7.715719016399315E-002  7.463256454413467E-002
   3.93520156555773      -0.151292543844314       2.386572546612069E-002
   3.99390606653620      -0.112266607171482      -9.595652857102496E-002
   4.05261056751468       4.868472242158754E-002 -0.169833274387999     
   4.11131506849315       4.828661006239540E-002 -0.160417118990277     
   4.17001956947162       6.661625854263999E-002 -0.113752980365395     
   4.22872407045010      -2.608872404435627E-002 -6.759900126056961E-002
   4.28742857142857      -8.033524581475265E-002 -5.516916866065434E-002
   4.34613307240704      -6.709299271477735E-002 -2.934014989832725E-002
   4.40483757338552      -3.968632890540100E-003 -9.389829024011975E-002
   4.46354207436399       6.634106123858162E-002 -2.893422978330921E-002
   4.52224657534247       8.786490025921985E-002  4.434763055569661E-002
   4.58095107632094       9.507222408009801E-002  4.367876285164850E-002
   4.63965557729941       3.036884123398709E-002  5.358323686272280E-002
   4.69836007827789      -7.864264364634211E-003  2.677781786289864E-002
   4.75706457925636       1.278593979422072E-002 -3.328679447375074E-002
   4.81576908023483       3.087833172525203E-002 -3.089213857312914E-002
   4.87447358121331       3.270311431555057E-002 -3.514502697764749E-002
   4.93317808219178       4.346949079879386E-002  1.345464770926535E-002
   4.99188258317025      -2.221365053809887E-002  0.108565506949501     
   5.05058708414873      -0.124913471910428       0.129092020829084     
   5.10929158512720      -0.151680310663743       5.409100425038844E-002
   5.16799608610568      -5.651464796430415E-002 -9.464431556287664E-003
   5.22670058708415      -7.732609780014804E-002 -8.457603172480455E-003
   5.28540508806262      -0.118627643601965      -7.347645731796068E-003
   5.34410958904110      -8.470104941084182E-002 -3.861389897469900E-003
   5.40281409001957      -3.572891010811494E-002  2.882835376260139E-002
   5.46151859099804      -3.268137398634974E-002  5.737863420986437E-002
   5.52022309197652      -4.093469541519267E-002 -2.965535357916381E-002
   5.57892759295499      -1.946637491272784E-002 -4.796725967104317E-002
   5.63763209393346      -8.319605182088451E-002  4.858300316208100E-002
   5.69633659491194      -8.218036430739921E-002  8.529162909687429E-003
   5.75504109589041       5.336747322836772E-003  2.382996048249325E-002
   5.81374559686888       3.232038345033869E-002  1.756871795353578E-004
   5.87245009784736       0.107182505162209       5.945731601591960E-004
   5.93115459882583       3.052061650403527E-002  5.501087411995009E-003
   5.98985909980431       6.280536804246601E-003 -1.553403980585403E-002
   6.04856360078278       5.467807131544569E-002  6.213255007716023E-003
   6.10726810176125       8.335397149342200E-002  6.871833226958135E-002
   6.16597260273973       0.104206612945715       0.162477674973906     
   6.22467710371820       4.076734351811746E-002  0.141744021307834     
   6.28338160469667       3.470851401280800E-002  0.115654739243987     
   6.34208610567515      -3.788556156410578E-002  8.967219791824750E-002
   6.40079060665362      -0.113061983682575      -3.739982085810024E-002
   6.45949510763209      -5.766622993121256E-002 -9.543282192739236E-002
   6.51819960861057      -4.391330718005562E-002 -2.460615052407750E-002
   6.57690410958904      -3.100158543422205E-002 -1.481526348240978E-002
   6.63560861056752       5.937708909133844E-003  1.224775901106235E-002
   6.69431311154599       1.855044854267102E-003 -2.931018383343311E-002
   6.75301761252446       1.990748159733560E-002 -4.471121186141637E-002
   6.81172211350294      -2.019741266212890E-002 -3.028165839163530E-002
   6.87042661448141       1.659731186513851E-002 -5.891672241707944E-002
   6.92913111545988       1.916325876192852E-002  7.346753816830380E-003
   6.98783561643836       6.957551946233935E-002 -1.743918880068432E-002
   7.04654011741683       9.728113716519181E-002  1.614883035862408E-002
   7.10524461839530       2.065029793750930E-002  2.456321085394245E-002
   7.16394911937378       3.121768313006924E-002  3.835275384669382E-002
   7.22265362035225      -1.735166227314718E-002  7.014932595795983E-002
   7.28135812133072      -2.783061463201252E-002  6.475366168737727E-002
   7.34006262230920      -1.147183440424997E-002  2.638199955872260E-002
   7.39876712328767      -1.771762782618706E-003  4.235121398251920E-002
   7.45747162426615      -2.179979033223267E-002  1.071219297461610E-002
   7.51617612524462      -4.112154007356626E-002  4.344351724533529E-002
   7.57488062622309      -8.334656302307604E-002  1.141316666294150E-002
   7.63358512720157      -3.077589975799934E-002 -1.003155702951156E-002
   7.69228962818004       1.293996960539449E-002  7.574439673900411E-002
   7.75099412915851       2.033440897725000E-002  8.757735861435906E-002
   7.80969863013699       5.208814658757280E-002  0.123428334075381     
   7.86840313111546       6.427544329519810E-002  6.656338357852397E-002
   7.92710763209393       6.897146609360567E-002 -1.499086460567662E-002
   7.98581213307241      -1.189558018002669E-003 -6.164794884669800E-002
   8.04451663405088       1.328028533597237E-002 -8.410645139044354E-002
   8.10322113502936      -1.264266316567087E-002 -8.710310022826483E-003
   8.16192563600783      -5.135926984633451E-002 -1.225793760178718E-002
   8.22063013698630       4.503483777900445E-002 -1.286418488759744E-003
   8.27933463796478       6.281607526926573E-002  2.576031210041099E-002
   8.33803913894325       0.124151053368135       2.424921208616734E-002
   8.39674363992172       0.109834197350190       2.372791302760295E-003
   8.45544814090020       6.727402896400053E-002  9.195180198807353E-003
   8.51415264187867       6.074304490080223E-002  1.289053901561453E-002
   8.57285714285714       2.906011534127696E-002  2.324363804168982E-002
   8.63156164383562      -1.504586852916018E-002  2.954933681190438E-002
   8.69026614481409       4.507103426678975E-002  4.107128527718767E-002
   8.74897064579256       3.004412738145110E-002  6.932510033725132E-002
   8.80767514677104       6.717941025504026E-002  4.112196534407560E-002
   8.86637964774951       7.955733074955540E-002  4.505308430404956E-002
   8.92508414872799       2.647604333343258E-002  3.258654755185823E-003
   8.98378864970646       2.063499556868395E-003  1.243971975606656E-002
   9.04249315068493      -6.805063320134022E-002  8.789942522115820E-003
   9.10119765166341      -8.935815240349773E-002 -1.628595059138064E-002
   9.15990215264188      -5.799532307845987E-002  2.236095125904733E-002
   9.21860665362035      -4.684355410244673E-002  1.552994044705694E-002
   9.27731115459883       4.739614415743256E-002  5.161899835383683E-002
   9.33601565557730       4.623259909212211E-002  8.429171161878690E-002
   9.39472015655577      -4.240938050032673E-002  5.945400826646593E-002
   9.45342465753425      -2.972730344878717E-002 -1.207920346448718E-002
   9.51212915851272      -5.534075807120981E-002 -1.257286557799461E-002
   9.57083365949119      -0.101844058881400      -3.236041299615811E-002
   9.62953816046967      -0.110290665562233      -2.995596220034274E-002
   9.68824266144814      -8.371015021644053E-002 -1.682540000045828E-002
   9.74694716242662      -8.793862779985520E-002  2.350417362967249E-003
   9.80565166340509      -3.165817645792489E-002 -1.539083019331228E-002
   9.86435616438356       5.849211988986600E-002  3.005893493889780E-002
   9.92306066536204       8.008799423983419E-002  4.842878012927862E-003
   9.98176516634051       7.690874992818184E-002 -1.874392242298333E-002
   10.0404696673190       6.788129897147965E-002 -5.944197615065041E-002
   10.0991741682975       6.814546645913621E-003 -6.404118054310295E-002
   10.1578786692759      -4.464480117804370E-003 -2.724594613729883E-002
   10.2165831702544      -2.195545768188601E-002  3.359278640828300E-002
   10.2752876712329      -8.939634877960606E-002  5.197951272724982E-002
   10.3339921722114      -3.094159330225318E-002 -5.201817328514170E-003
   10.3926966731898       6.834666666173748E-002 -4.792731890197188E-003
   10.4514011741683       8.843591228399400E-002  5.272797272564111E-003
   10.5101056751468       0.145147666975249      -1.275044095093537E-002
   10.5688101761252       0.103752526889559       1.584507879765751E-002
   10.6275146771037       4.095989003928694E-002 -3.133614022817871E-002
   10.6862191780822       2.172261083351722E-002 -5.389608300722960E-002
   10.7449236790607       9.736523142283085E-005 -2.372363969695818E-002
   10.8036281800391      -1.992714020391453E-002 -4.180053880021647E-002
   10.8623326810176      -3.877807710242264E-002  1.248766567037450E-002
   10.9210371819961      -7.315173449390748E-002  7.656104625744713E-003
   10.9797416829746      -2.328558503493556E-002  4.284702301456771E-003
   11.0384461839530      -3.341016665859321E-002  2.298704157900802E-002
   11.0971506849315      -6.813185321342777E-002 -9.012284697854429E-003
   11.1558551859100      -1.676355330388358E-002 -3.862571870913069E-002
   11.2145596868885      -8.147102129845252E-003 -3.678133111583445E-002
   11.2732641878669       6.104963573252265E-002 -5.985284617789013E-002
   11.3319686888454       9.800191917331864E-002  8.709222821101665E-003
   11.3906731898239       8.277425946302699E-002  9.825236740918175E-002
   11.4493776908024       6.509007352921263E-002  0.109633463571421     
   11.5080821917808       4.351532777945015E-002  9.143120485969337E-002
   11.5667866927593       5.824098170648354E-003  6.178502174293238E-002
   11.6254911937378       2.121129404907352E-004 -2.894970454514478E-004
   11.6841956947162       5.766761058582369E-003  6.669306348140391E-003
   11.7429001956947      -2.983397748117923E-002  1.751340088247290E-002
   11.8016046966732      -6.451423384310566E-002  7.041593189040031E-002
   11.8603091976517      -6.430039424712726E-002  0.123499663877515     
   11.9190136986301      -7.034814826237654E-002  0.100014131834714     
   11.9777181996086       2.022917012475459E-003  7.551621326845276E-002
   12.0364227005871       5.147515703265645E-002  9.289051298643509E-002
   12.0951272015656       6.055768187793307E-002  9.409788045512849E-002
   12.1538317025440       4.113791122023932E-002  0.120016302118668     
   12.2125362035225      -1.016486083580542E-002  2.983614720282797E-002
   12.2712407045010       3.149024735511418E-002  2.125767539632423E-002
   12.3299452054795       4.208538899870110E-002  2.209901546318375E-002
   12.3886497064579       2.517622995241499E-002  3.848990631112513E-002
   12.4473542074364      -3.991670064868900E-002  3.355142946431940E-002
   12.5060587084149      -6.784777359284533E-002 -2.196708437706018E-003
   12.5647632093933      -5.812600490242120E-002 -2.918995939997746E-002
   12.6234677103718      -7.364925951929091E-002  1.531473356256649E-002
   12.6821722113503      -9.521193746279356E-002  1.196933841876394E-002
   12.7408767123288      -8.317421505065567E-002  3.590509197238120E-003
   12.7995812133072      -1.347497295246010E-002  4.050850303544533E-002
   12.8582857142857       1.976318775340309E-002  3.287177636941569E-002
   12.9169902152642       4.641861826407552E-002  1.790439783460736E-002
   12.9756947162427       5.094253297867395E-002 -4.553097108633830E-004
   13.0343992172211       2.552294651434248E-002 -0.128726672076125     
   13.0931037181996       7.226533519266608E-002 -0.141667611250488     
   13.1518082191781      -7.708736521933844E-004 -8.185123245072724E-002
   13.2105127201566       3.200194559780500E-003 -1.740758865784692E-002
   13.2692172211350      -1.405498334883779E-002  3.653193562594470E-002
   13.3279217221135       1.801014745321673E-002  3.420923246909654E-002
   13.3866262230920       2.797677285153531E-002  4.024980005731470E-002
   13.4453307240705       5.549563037672618E-003  0.102561336482412     
   13.5040352250489      -2.757827406386992E-002  7.386935828005031E-002
   13.5627397260274      -5.936377889454477E-002  5.245195034689011E-002
   13.6214442270059      -2.009651597319598E-002  3.123712770234063E-002
   13.6801487279843       2.698376581366652E-002  4.343346798179116E-002
   13.7388532289628       1.620871909156437E-003  5.344457479669565E-002
   13.7975577299413      -1.832545555818055E-002  5.894040666109931E-003
   13.8562622309198      -2.860321740712005E-002 -4.581282984974303E-002
   13.9149667318982      -1.211236667729393E-002 -5.270608846999154E-002
   13.9736712328767      -4.504436408479928E-003 -4.681675840515596E-002
   14.0323757338552      -7.689759316749301E-002 -2.103832942676678E-002
   14.0910802348337      -6.577670848233530E-002 -1.479443771252015E-002
   14.1497847358121      -4.869320608526188E-002 -4.887191531488412E-002
   14.2084892367906       9.869792095234302E-003 -4.525687607316548E-002
   14.2671937377691       1.017689190428290E-002  1.151864464060469E-002
   14.3258982387476      -4.237402442679077E-002  5.063858193730410E-002
   14.3846027397260      -0.108866498298665       8.086890585053758E-003
   14.4433072407045      -0.111699735776289       5.941012746733119E-003
   14.5020117416830      -7.158053545722368E-002  2.179908656999008E-002
   14.5607162426614      -4.453303214579118E-002  7.677436057118385E-002
   14.6194207436399      -1.351224826543353E-002  6.132666874728239E-002
   14.6781252446184      -6.649229048792292E-002  3.877094754573945E-002
   14.7368297455969      -9.076098779434882E-002  2.737958931199478E-002
   14.7955342465753      -2.141731866205331E-002  3.805887700506169E-002
   14.8542387475538      -1.400361904551125E-002  2.357665170497203E-002
   14.9129432485323       1.598163869888990E-002  3.927988814638585E-002
   14.9716477495108       5.038712430690770E-003  9.180001612170613E-003
   15.0303522504892      -5.028990337622388E-002  5.131764052803323E-003
   15.0890567514677      -5.895687042811729E-002 -1.957783142019037E-002
   15.1477612524462       7.468084043760974E-003 -2.011521360881339E-002
   15.2064657534247       9.054081082343783E-003  9.025467330713979E-003
   15.2651702544031      -1.890216078627110E-002  4.210395814706765E-002
   15.3238747553816      -6.935727706331891E-002  3.592399680693754E-002
   15.3825792563601      -7.798778245312921E-002  6.276116022636219E-002
   15.4412837573386      -7.429363129201925E-002  1.490446188169632E-003
   15.4999882583170      -5.167325844064718E-002 -4.168232201319719E-003
   15.5586927592955      -7.399945105596391E-002 -3.710950417728267E-002
   15.6173972602740      -2.078485085160814E-002 -4.734001809402841E-002
   15.6761017612524      -5.467635076685589E-002 -0.102075732103866     
   15.7348062622309      -8.996270277824583E-003 -6.826608955905750E-002
   15.7935107632094      -8.736565794435597E-003 -5.603268395912744E-002
   15.8522152641879      -3.648593707172736E-003 -7.693300097180324E-002
   15.9109197651663       4.083338360391774E-002 -6.881963443043778E-003
   15.9696242661448       8.714782106305595E-002  2.253884394672062E-002
   16.0283287671233       8.204110992176417E-002 -1.644883751857417E-002
   16.0870332681018       0.108964502063754      -1.091694245384578E-002
   16.1457377690802       5.512610272558013E-002 -2.006338724412221E-002
   16.2044422700587       3.685868953127855E-002  6.896141163782969E-002
   16.2631467710372       4.531881932866350E-002  5.456641059712602E-002
   16.3218512720157       8.649195867920192E-003  7.239528215860616E-002
   16.3805557729941      -2.456334381182131E-002  0.117485699416893     
   16.4392602739726      -6.916493310248155E-002  9.506252018144584E-002
   16.4979647749511      -0.104623373351136       7.704854318769255E-002
   16.5566692759296      -0.115817533904262       1.693216660429745E-002
   16.6153737769080      -0.129617402280378      -1.388222078160808E-002
   16.6740782778865      -0.109335197493988      -4.751853873772260E-002
   16.7327827788650      -0.108674397573367      -0.118636350135073     
   16.7914872798434      -5.530963062710352E-002 -0.100897568155841     
   16.8501917808219      -5.189630893205908E-002 -8.485810966875160E-002
   16.9088962818004      -6.948965593742180E-002 -2.559033110851516E-002
   16.9676007827789       1.911913268475446E-002  8.890749660466234E-003
   17.0263052837573       4.647201117423914E-003 -1.145794663010965E-002
   17.0850097847358       7.689071211569217E-003  3.398079665494074E-002
   17.1437142857143       0.107612439114356       9.092166481585333E-003
   17.2024187866928       6.945094413989843E-002 -7.134338007658986E-002
   17.2611232876712       8.895457337462805E-002 -2.722871859387211E-002
   17.3198277886497       0.139529692838465      -1.191000873059636E-002
   17.3785322896282       0.129867104502368      -3.765802038767958E-002
   17.4372367906067       4.108492780506967E-002  1.910960430028127E-003
   17.4959412915851       4.743307258092593E-002 -5.170448260466478E-003
   17.5546457925636       4.750190445700260E-002 -4.688193328340218E-002
   17.6133502935421      -3.110333738715521E-003  1.126199347476898E-002
   17.6720547945205      -7.529114618925612E-003  1.970969458103645E-002
   17.7307592954990      -3.585120378579643E-002  5.351492694203226E-002
   17.7894637964775       3.577938226706760E-003  9.540510557871187E-002
   17.8481682974560      -2.590984257976554E-002  6.052948007789451E-002
   17.9068727984344      -3.271392101332667E-002  5.764161724465058E-002
   17.9655772994129      -4.350364572153489E-002  6.880074665590268E-002
   18.0242818003914      -5.234068321923581E-002  8.114789868095590E-002
   18.0829863013699      -2.293850913730605E-002  4.087013127318736E-002
   18.1416908023483       3.729891950970989E-002 -5.681254566366935E-002
   18.2003953033268       1.631525687851477E-002 -6.067023384812044E-002
   18.2590998043053      -2.257562250648085E-003 -5.455001246653368E-002
   18.3178043052838       6.958074119470639E-002 -4.376458235689323E-002
   18.3765088062622       7.169393704631706E-002 -6.196330394465249E-002
   18.4352133072407       8.511642922463247E-002 -3.604160161573676E-002
   18.4939178082192       8.216785258411302E-002 -7.375650875814201E-002
   18.5526223091977       3.807783627077550E-002 -2.838713335226832E-002
   18.6113268101761       4.246504855788523E-002  4.336632740515190E-002
   18.6700313111546       5.324944792931868E-002  4.747723866973391E-005
   18.7287358121331      -2.177997379915471E-002  7.316477333839543E-002
   18.7874403131115      -1.596811198957232E-002  0.132486885637607     
   18.8461448140900      -9.329096960718906E-002  9.742401931674054E-002
   18.9048493150685      -8.082142630850399E-002  2.694751650403215E-002
   18.9635538160470      -2.343202587170710E-002 -3.539968694793005E-002
   19.0222583170254       6.081324599217452E-003 -8.420452630258024E-002
   19.0809628180039       2.259756826785254E-002 -6.952094323130315E-002
   19.1396673189824       6.488337048046018E-002 -7.876231487915111E-002
   19.1983718199609       7.083302475354383E-002 -1.695808175143834E-002
   19.2570763209393       3.077289733439471E-002 -1.139576922285763E-002
   19.3157808219178       1.235021628296525E-002 -6.768627023901463E-003
   19.3744853228963       2.555333218170285E-002  6.802261924818498E-003
   19.4331898238748       1.805243753430872E-002  3.772300125584018E-002
   19.4918943248532      -3.686202149277189E-002  6.849721013513847E-002
   19.5505988258317      -3.791605348923091E-002  8.039478547149662E-002
   19.6093033268102      -2.735728715628584E-002  1.924380307883820E-002
   19.6680078277886      -1.172115087624055E-002 -2.355180638737068E-002
   19.7267123287671       1.504657395741187E-002 -9.637862862417465E-002
   19.7854168297456       1.729294893005652E-002 -9.205203988844174E-002
   19.8441213307241       8.025150404910515E-002 -6.892774063678073E-002
   19.9028258317025       0.103851317080732      -0.107168264425706     
   19.9615303326810       5.830293265216668E-002 -0.136688258102568     
   20.0202348336595       9.187174035762274E-003 -7.256196391836495E-002
   20.0789393346380       3.610397323469357E-003  3.539460835221030E-002
   20.1376438356164       2.744284964827039E-002  0.114698880951616     
   20.1963483365949       7.673639654328361E-002  0.127960790812238     
   20.2550528375734       7.383102415895647E-002  0.106867752502527     
   20.3137573385519       5.043259136994280E-002  0.100643925741472     
   20.3724618395303       1.365253094273483E-002  6.426383035333243E-002
   20.4311663405088      -1.071373004126862E-002  8.977586872470242E-002
   20.4898708414873      -5.277082492082008E-003  5.774196403294789E-002
   20.5485753424658      -6.701219981416623E-002  2.133510886920274E-002
   20.6072798434442      -6.339342329294401E-002  1.330418101698923E-002
   20.6659843444227      -2.455233412565943E-002 -4.244269751096863E-002
   20.7246888454012       3.962320353784665E-002 -7.524231552515788E-003
   20.7833933463796       0.122346850477001      -5.680946862215758E-002
   20.8420978473581       7.150901288466938E-002 -4.048929927479666E-002
   20.9008023483366       4.195758768243400E-002  7.173923389259498E-002
   20.9595068493151       3.206708656278416E-002  7.155571138637529E-002
   21.0182113502935      -8.143698360866146E-003  4.028413637476252E-002
   21.0769158512720      -6.370312205860101E-003  3.177508359325756E-002
   21.1356203522505      -3.114960847854480E-002 -5.075385594031614E-002
   21.1943248532290      -7.957399807107138E-002 -8.212703481499385E-002
   21.2530293542074      -7.748160337542220E-002 -1.433661351516146E-002
   21.3117338551859      -8.303701053227866E-002 -3.484634585155356E-003
   21.3704383561644      -8.063138455185948E-002  1.347655841004871E-003
   21.4291428571429      -6.396169649034891E-002  2.016029691747599E-002
   21.4878473581213      -6.550832170797743E-002  1.355002571673616E-002
   21.5465518590998      -5.382610470029117E-002 -3.012675916642466E-002
   21.6052563600783      -6.510772631502708E-002  1.295088520199428E-002
   21.6639608610568       7.021402217596288E-003  8.041238319008669E-002
   21.7226653620352       7.265865689099929E-002  5.141646919035875E-003
   21.7813698630137       4.846569106953796E-002  2.300052672671274E-002
   21.8400743639922       2.775928505957233E-002  6.715932709472796E-003
   21.8987788649706      -5.007045546126694E-004 -7.747851335854805E-002
   21.9574833659491      -4.148762611057846E-002 -4.082088038762902E-002
   22.0161878669276      -3.919060164438788E-002  6.901630563097653E-002
   22.0748923679061       3.563101901518380E-002  0.101001664747822     
   22.1335968688845       6.037497772930950E-002  4.992878296735852E-002
   22.1923013698630       3.675796273886143E-002  0.102900112825839     
   22.2510058708415      -1.668064274950662E-002  0.107450457508700     
   22.3097103718200      -2.478453113529760E-002  7.123397139859873E-002
   22.3684148727984      -0.104488671115562       6.691438723568413E-002
   22.4271193737769      -8.192892363505214E-002  8.624621556717388E-002
   22.4858238747554      -2.314516939207398E-002  3.571163851098554E-002
   22.5445283757339      -5.531806190753677E-003  2.119284382594501E-002
   22.6032328767123       2.163682019549180E-003  4.542553250997074E-002
   22.6619373776908       3.486193285162120E-002  4.574423845345545E-002
   22.7206418786693       6.197238598280813E-002 -1.037746989094597E-003
   22.7793463796478      -1.450175622081576E-002 -2.361356337204887E-002
   22.8380508806262      -4.041925975720662E-002  3.611238828696680E-002
   22.8967553816047       4.735423692096009E-002 -1.655790490734844E-002
   22.9554598825832       6.394886939945953E-002 -3.064459454314172E-003
   23.0141643835616       8.473581460240825E-002  3.850983143740493E-003
   23.0728688845401       4.742915409022017E-002  2.807793904191943E-002
   23.1315733855186      -2.199977686853687E-002  7.456219617929635E-002
   23.1902778864971      -0.113367691357666       1.669781686237409E-002
   23.2489823874755      -8.768550423470331E-002  4.759549287434399E-002
   23.3076868884540       1.872636188450004E-004  1.869973772068746E-002
   23.3663913894325      -2.294081181951049E-002 -9.034937488276499E-003
   23.4250958904110      -2.954698631913165E-002  2.280536581645644E-002
   23.4838003913894      -4.477402744794699E-002  5.377793526687182E-002
   23.5425048923679       2.669039924636740E-002  2.022706931317609E-002
   23.6012093933464       4.290181508123772E-002 -5.338856094652435E-002
   23.6599138943249      -1.095092374574419E-003 -5.373917879901353E-002
   23.7186183953033      -5.637512231538874E-002 -3.119487922007508E-002
   23.7773228962818      -0.118681534259572      -5.031466657742760E-002
   23.8360273972603      -0.120224938134785      -1.749965064228017E-002
   23.8947318982387      -5.278613195412186E-002 -3.032348528901891E-002
   23.9534363992172       3.495882156467855E-003 -7.311723696647870E-002
   24.0121409001957      -9.607593424229717E-003 -4.824594591436569E-002
   24.0708454011742      -4.739570769413253E-002  1.542158132737979E-002
   24.1295499021526       1.165209096511562E-002  7.408957955548182E-002
   24.1882544031311       3.715599958008107E-002  8.016168355113705E-002
   24.2469589041096       4.383632777830743E-003  6.241710107862683E-002
   24.3056634050881      -1.179435381539137E-002  1.884094875870595E-002
   24.3643679060665      -2.446750523290989E-002 -3.168877342962619E-002
   24.4230724070450      -2.331649847207853E-002 -7.565548010710813E-003
   24.4817769080235       1.776205326848294E-003  1.813194461776107E-002
   24.5404814090020       5.511772753931200E-002  9.689645132656911E-002
   24.5991859099804       3.661871484004584E-003  9.366173222848499E-002
   24.6578904109589      -5.294892089231978E-002  0.104154187806791     
   24.7165949119374      -9.883954000132997E-002  9.529081362309404E-002
   24.7752994129159      -9.993233706844637E-002  9.640558252077883E-002
   24.8340039138943      -0.100387717593528       7.950964778856551E-002
   24.8927084148728      -4.728825957925104E-002  9.334303769329816E-002
   24.9514129158513      -3.745433315192843E-002  5.822004811176938E-002
   25.0101174168297      -3.426753308512698E-002  2.959324554853845E-002
   25.0688219178082      -6.460570294934048E-002 -4.392617956722465E-002
   25.1275264187867      -0.114359897827680      -6.875063594194768E-002
   25.1862309197652      -0.151437894629846       1.860761698550987E-002
   25.2449354207436      -0.111978539235472       7.147167223127436E-002
   25.3036399217221      -5.522075850959896E-002  6.148179538400045E-002
   25.3623444227006      -2.946846020613826E-002  3.350169743419385E-003
   25.4210489236791       3.662780805333170E-002  5.008033054538142E-002
   25.4797534246575       4.750044640241941E-002  6.750429884334733E-002
   25.5384579256360       5.638050682013422E-002  7.952501804570285E-002
   25.5971624266145       4.466824531732901E-002  4.387074060333107E-002
   25.6558669275930       1.237143755005051E-002 -7.600414406173341E-003
   25.7145714285714      -3.116382610874981E-002 -6.550118393337100E-002
   25.7732759295499       5.652396407015182E-004 -1.386807149077839E-002
   25.8319804305284      -3.772270662398149E-002 -1.927039090737279E-002
   25.8906849315069      -6.039805158047962E-002  1.361177874125302E-002
   25.9493894324853      -3.858701546759883E-002  7.160492150168291E-002
   26.0080939334638      -1.693733181266502E-002  8.277403430611438E-002
   26.0667984344423      -5.444920633972533E-002  2.351164890922111E-002
   26.1255029354207      -0.102030304685895       6.412699011579588E-002
   26.1842074363992      -0.107520886379682       0.106914049214077     
   26.2429119373777      -0.100141444044642       0.167472288244949     
   26.3016164383562      -5.523044576706557E-002  0.207476410576038     
   26.3603209393346      -3.653614689620892E-002  0.191334040265264     
   26.4190254403131      -1.911990727689321E-002  0.133939066175529     
   26.4777299412916       3.800375267774575E-002  1.615311310732766E-003
   26.5364344422701       3.787568987186294E-002 -5.871606951388819E-002
   26.5951389432485       1.993570150623947E-002 -3.029901794127040E-002
   26.6538434442270       2.659135774639789E-002  1.401080447104853E-002
   26.7125479452055       4.197505495624573E-002  6.194423896090177E-002
   26.7712524461840       4.572437286097530E-002 -1.191395051041916E-002
   26.8299569471624       1.360914418489159E-002 -0.109581662637962     
   26.8886614481409       2.519231076802171E-003 -0.184432212570963     
   26.9473659491194      -2.842185310448401E-003 -0.166113036658164     
   27.0060704500978      -1.586245043068917E-003 -0.105583595495217     
   27.0647749510763      -4.094228793984592E-002 -0.116881793785782     
   27.1234794520548      -6.063604452664639E-002 -7.051959772576769E-002
   27.1821839530333      -4.212927252803030E-002  2.010409935810369E-002
   27.2408884540117       5.901681491488533E-003  9.548301185412560E-002
   27.2995929549902       8.100749089092873E-003  4.890939766022906E-002
   27.3582974559687      -7.994568257414497E-002  7.487565839279130E-002
   27.4170019569472      -0.119692726158141       8.986716702529350E-002
   27.4757064579256      -9.284955749619971E-002  9.978787764755150E-002
   27.5344109589041      -5.671277977836536E-002  8.244918220274260E-002
   27.5931154598826      -1.276119493641051E-003 -2.347417589118784E-002
   27.6518199608611       4.476400765269310E-002 -2.224630031439378E-002
   27.7105244618395       8.185518785591911E-002 -6.350134160327096E-002
   27.7692289628180       0.114758782018629       3.855906205136712E-003
   27.8279334637965       7.790717094459906E-002 -2.145596960022645E-002
   27.8866379647750       3.186135373447425E-003 -5.923040247986976E-002
   27.9453424657534      -7.666181786164569E-002 -7.664340730376014E-002
   28.0040469667319      -3.806171950452712E-002 -2.039231568747248E-002
   28.0627514677104      -3.268311723490668E-002 -2.681944795902165E-002
   28.1214559686888      -2.951581331815678E-002 -8.793582236810354E-002
   28.1801604696673      -4.312329889844448E-002 -5.330975819259340E-002
   28.2388649706458      -8.552937743920129E-002 -8.677443094866502E-002
   28.2975694716243      -8.989636818437469E-002 -6.443306322357338E-002
   28.3562739726027      -8.920075301542293E-002 -4.670764126799052E-002
   28.4149784735812      -7.059469134677909E-002 -4.370081510707302E-002
   28.4736829745597      -6.982523528361279E-002 -3.411048212880614E-002
   28.5323874755382      -7.772528058677329E-002  4.381078346415720E-002
   28.5910919765166      -1.893245700991162E-002  9.074092335618786E-002
   28.6497964774951      -1.715720724148156E-002  4.855021218192485E-002
   28.7085009784736       4.499910294311020E-002  6.055983066385048E-003
   28.7672054794521       8.873428400736200E-002 -8.287738317836532E-002
   28.8259099804305       6.459831183949738E-002 -6.014070328832635E-002
   28.8846144814090       5.555928689164259E-002 -5.269937545486487E-002
   28.9433189823875       4.420977987750050E-003 -6.264796538106114E-002
   29.0020234833659       2.320776941705199E-002 -0.117402102671351     
   29.0607279843444      -1.244382405187415E-002 -5.390077578669849E-002
   29.1194324853229       7.306432301496597E-002 -9.269087352832949E-003
   29.1781369863014       6.857150889510776E-002  2.545221791683878E-002
   29.2368414872798       4.749276675387330E-003  8.067260077371237E-002
   29.2955459882583      -1.483803907844600E-002  6.915997249897690E-002
   29.3542504892368      -4.987487994973686E-002  0.101098173680570     
   29.4129549902153      -2.318184581445495E-002  9.035923255718464E-002
   29.4716594911937      -1.000669621522639E-002  5.906767363452251E-002
   29.5303639921722       3.266869812355665E-002  1.597544962020714E-002
   29.5890684931507      -9.080806699825254E-002  6.637966102708516E-002
   29.6477729941292      -0.138082301584227       1.766670767006971E-002
   29.7064774951076      -0.123343618818377      -3.859869435348735E-002
   29.7651819960861      -0.154908738216380      -2.831534403496862E-002
   29.8238864970646      -9.665198356364452E-002  4.565874734963715E-002
   29.8825909980431      -9.244234700344851E-002  6.203890473726781E-002
   29.9412954990215      -0.112797782689849       5.505341049080506E-002
   30.0000000000000      -7.389936856878979E-002  3.927460726407928E-003
