  2.000000000000000E-003 -1.650150151377436E-002 -2.089595262389731E-002
  6.070450097847359E-002 -2.367589210496577E-002  3.881822167819641E-003
  0.119409001956947      -2.726962177794188E-003  2.092603754626112E-002
  0.178113502935421       8.305786653166223E-003  6.249483339465567E-003
  0.236818003913894      -1.285361731883336E-002 -1.192290672816129E-002
  0.295522504892368      -3.543679469349425E-004 -6.410378745972876E-003
  0.354227005870842      -3.460215770632192E-004  3.074230305907488E-003
  0.412931506849315       2.097141873078186E-003  8.368284055658998E-003
  0.471636007827789       2.393337496436803E-004 -1.958380145751751E-003
  0.530340508806262       2.049494510796946E-002 -3.797977985427527E-002
  0.589045009784736       3.794184696099438E-002  8.442272268353101E-003
  0.647749510763209       3.654869923297644E-002  2.786583550891419E-002
  0.706454011741683       3.178114042837017E-002  5.479090012669155E-002
  0.765158512720157       2.189573546819215E-002  6.005538509486295E-002
  0.823863013698630       9.016337594558299E-003  6.418028814477331E-002
  0.882567514677104       6.572474609610091E-003  3.646755139297501E-002
  0.941272015655577      -1.283112090136918E-002  1.101227353913390E-002
  0.999976516634051      -1.186548629326429E-002 -1.854326462364952E-002
   1.05868101761252       2.948933976722643E-002 -2.817993205926481E-002
   1.11738551859100       2.894767189952617E-002 -4.248675004137287E-002
   1.17609001956947       4.316299322189965E-002 -6.313313365202371E-002
   1.23479452054795       7.670072185695048E-002 -9.708246995592623E-002
   1.29349902152642       0.178779941989107      -0.182544785426649     
   1.35220352250489       0.312135933429728      -0.288947900065715     
   1.41090802348337       0.416150366460832      -0.334677668546400     
   1.46961252446184       0.490590460144204      -0.342917454931547     
   1.52831702544031       0.591148529015949      -0.257027524899261     
   1.58702152641879       0.689091020699734      -0.162609462086112     
   1.64572602739726       0.723243384484243      -0.133371064077328     
   1.70443052837573       0.631865394468327      -4.580432310489634E-002
   1.76313502935421       0.455421436149465       6.203746065897150E-002
   1.82183953033268       0.258681701291446       0.172522155721649     
   1.88054403131115      -1.132748270522592E-002  0.291293387486969     
   1.93924853228963      -0.266464280690194       0.339712495710890     
   1.99795303326810      -0.540396747432417       0.328255162959286     
   2.05665753424658      -0.760477087031422       0.225311086220960     
   2.11536203522505      -0.835450398837838       7.066811173506551E-002
   2.17406653620352      -0.722823350106170      -0.172057861379423     
   2.23277103718200      -0.490941276235887      -0.403211382522016     
   2.29147553816047      -0.269986017275163      -0.544206824953082     
   2.35018003913894      -3.300154995998560E-002 -0.584728493297067     
   2.40888454011742       0.164624545875580      -0.541564199600058     
   2.46758904109589       0.348964115535375      -0.460544363702989     
   2.52629354207436       0.512938329444084      -0.371922929252951     
   2.58499804305284       0.581003316275263      -0.284345920233805     
   2.64370254403131       0.613897360238482      -0.151100813666183     
   2.70240704500978       0.584165925399207      -2.652082143908654E-002
   2.76111154598826       0.503644399264497       5.309709857692738E-002
   2.81981604696673       0.417377075525655       0.152442455049992     
   2.87852054794521       0.271020190539306       0.167752168684157     
   2.93722504892368       0.148545220946193       0.144699014427835     
   2.99592954990215       0.128486250065776       0.111721316129676     
   3.05463405088063       0.166664550174766       0.144094724769396     
   3.11333855185910       0.145508482595774       0.230673718893548     
   3.17204305283757       0.114080207543217       0.178038983776076     
   3.23074755381605       0.170478047177942       0.129308554115730     
   3.28945205479452       0.177520960669823       0.101758624693915     
   3.34815655577299       0.132154095752515       6.007413398866817E-002
   3.40686105675147       0.102030216215238       1.868429960181339E-002
   3.46556555772994       6.112381532631511E-002 -3.375661471322892E-002
   3.52427005870842       3.194078787750045E-002 -0.100570752728452     
   3.58297455968689       3.845395122738771E-002 -9.419898214402075E-002
   3.64167906066536       8.530637576940558E-003 -4.439301268403015E-002
   3.70038356164384      -3.523034505118031E-003 -8.385268674249265E-003
   3.75908806262231      -1.280153410055876E-002  2.708572213379419E-002
   3.81779256360078      -4.245339214374762E-002  3.840512162803808E-002
   3.87649706457926      -0.106607681359154       5.915298062617138E-002
   3.93520156555773      -0.150980026448160      -3.105924338203391E-002
   3.99390606653620      -8.460874833211457E-002 -0.133808379808515     
   4.05261056751468       7.486468523708507E-002 -0.146850870824932     
   4.11131506849315       7.607901964195216E-002 -0.131611479183068     
   4.17001956947162       6.031690495679021E-002 -9.558351998459705E-002
   4.22872407045010      -2.453030971131945E-002 -7.235964487061347E-002
   4.28742857142857      -5.879390950132581E-002 -7.463492122351147E-002
   4.34613307240704      -6.885988846771111E-002 -6.148768600291264E-002
   4.40483757338552       1.177803079402174E-002 -8.859961270433615E-002
   4.46354207436399       6.329159929200436E-002 -2.585521945941747E-002
   4.52224657534247       8.128980504790548E-002  5.162283218052665E-002
   4.58095107632094       8.145786219595477E-002  6.705150290044640E-002
   4.63965557729941       3.950898887820681E-002  6.127333524145260E-002
   4.69836007827789      -6.631906728168813E-003  1.839355926802030E-002
   4.75706457925636       1.950843817216051E-002 -3.718849116946048E-002
   4.81576908023483       6.081778380483806E-002 -3.704120614272662E-002
   4.87447358121331       5.661733050533544E-002 -4.169232458211409E-002
   4.93317808219178       6.555926083397190E-002  2.877691894154957E-002
   4.99188258317025      -4.677555586853380E-002  0.100725576782833     
   5.05058708414873      -0.144758489126219       9.427331688888523E-002
   5.10929158512720      -0.144281869884557       4.019854064528320E-002
   5.16799608610568      -6.040546865786064E-002  2.047785707962907E-002
   5.22670058708415      -7.406765435694512E-002  1.458489590580149E-002
   5.28540508806262      -0.102429328564959      -1.176107525303296E-002
   5.34410958904110      -8.278100389109672E-002 -3.511345979392722E-003
   5.40281409001957      -3.966461526717025E-002  4.040463779101505E-002
   5.46151859099804      -5.127592190278432E-002  4.004367441959064E-002
   5.52022309197652      -8.979641102020843E-003 -3.372134071657100E-002
   5.57892759295499      -2.043089386653610E-003 -3.903906153631913E-002
   5.63763209393346      -9.198972066780756E-002  1.386649192024790E-002
   5.69633659491194      -7.535503150627959E-002 -8.912106275204404E-003
   5.75504109589041      -1.469594525981656E-003  4.216606536130678E-002
   5.81374559686888       3.399304982421966E-002  2.287217347214665E-002
   5.87245009784736       8.694178378962814E-002  1.414334841188214E-002
   5.93115459882583       3.666895633036224E-002 -8.549116938353377E-003
   5.98985909980431       1.833988680013125E-002 -2.870375181792318E-002
   6.04856360078278       6.577885703678704E-002  2.002639133327623E-002
   6.10726810176125       7.620571968720051E-002  0.102376418261704     
   6.16597260273973       7.587418656412281E-002  0.174472673284336     
   6.22467710371820       3.209997722567896E-002  0.148198835707261     
   6.28338160469667       2.406356076430487E-002  0.128530756534508     
   6.34208610567515      -5.143952712605659E-002  7.321604055968059E-002
   6.40079060665362      -8.145821368860814E-002 -6.663843775834347E-002
   6.45949510763209      -1.577040725905355E-002 -9.874836015307945E-002
   6.51819960861057      -3.113786247564993E-002 -3.083624065417502E-002
   6.57690410958904      -3.611167487714611E-002 -2.623550714502138E-002
   6.63560861056752      -5.558655550874821E-004  6.890773694232562E-003
   6.69431311154599      -1.171052671914954E-002 -2.473537026496521E-002
   6.75301761252446       1.842278248315087E-002 -4.772519770961321E-002
   6.81172211350294      -4.742868321414503E-004 -4.009086273594525E-002
   6.87042661448141       2.631881294515890E-002 -3.755816136293947E-002
   6.92913111545988       1.564438259235357E-002  5.841219752701062E-003
   6.98783561643836       5.113060892162483E-002  4.126718522852069E-003
   7.04654011741683       6.654235801934465E-002  3.374653539420799E-002
   7.10524461839530       1.405318111568029E-002  2.811310003953649E-002
   7.16394911937378       3.500474946007733E-002  3.867680653413117E-002
   7.22265362035225      -2.589940929180263E-002  6.577600900293801E-002
   7.28135812133072      -2.973189073947533E-002  4.208687161209392E-002
   7.34006262230920       8.259480649535952E-003  2.599848858133166E-002
   7.39876712328767       1.098254990068784E-002  4.845537502486028E-002
   7.45747162426615      -1.607322590221313E-002  1.223456892031494E-002
   7.51617612524462      -5.040605432842356E-002  9.184146738472312E-003
   7.57488062622309      -6.894911939060500E-002 -1.389980346696219E-002
   7.63358512720157      -2.923480283378530E-002 -3.367458671986630E-003
   7.69228962818004      -7.493026105326900E-003  8.817411872038579E-002
   7.75099412915851       4.229979917281981E-003  9.944515847424651E-002
   7.80969863013699       3.024765103027482E-002  0.125751878046137     
   7.86840313111546       4.837643038669032E-002  8.652286560191927E-002
   7.92710763209393       7.934900904258885E-002  2.885770035316123E-003
   7.98581213307241       4.638142402979618E-002 -5.945483374643787E-002
   8.04451663405088       3.280144099206481E-002 -6.770560306095062E-002
   8.10322113502936      -1.990029431188261E-002 -2.864358336350189E-002
   8.16192563600783      -3.936611158783755E-002 -3.200833554499796E-002
   8.22063013698630       2.696246178434664E-002  5.525379262720020E-003
   8.27933463796478       4.993950407639993E-002  2.257781611567171E-002
   8.33803913894325       0.112956616919268       3.350253355418962E-002
   8.39674363992172       0.122276409254678       1.843622588323640E-002
   8.45544814090020       7.461358502222588E-002  7.322728583373142E-003
   8.51415264187867       5.859602745861006E-002  1.309192053635413E-002
   8.57285714285714       1.510533169681595E-002  1.730149361875743E-002
   8.63156164383562      -6.952356662587639E-003  5.522860675216797E-003
   8.69026614481409       3.170426736099963E-002  3.046488317993282E-002
   8.74897064579256       3.268663869816612E-002  6.269398726862742E-002
   8.80767514677104       4.937864682073742E-002  3.932626246200399E-002
   8.86637964774951       7.383091957495708E-002  4.694270269307120E-002
   8.92508414872799       3.959550301578468E-002  8.103815472081000E-003
   8.98378864970646       1.029299435615539E-002  1.705912639375326E-002
   9.04249315068493      -5.227090408715648E-002 -2.635170852088274E-003
   9.10119765166341      -5.995030106881218E-002 -1.520071695906211E-002
   9.15990215264188      -6.143343592784064E-002  7.976543542261162E-003
   9.21860665362035      -2.850478120617670E-002  1.373735853841052E-002
   9.27731115459883       2.280997987855903E-002  7.649408838683419E-002
   9.33601565557730      -8.676781103028677E-003  0.105043991388816     
   9.39472015655577      -5.866678956536481E-002  2.787416588677761E-002
   9.45342465753425      -3.719750384710076E-002  8.150204541473038E-003
   9.51212915851272      -7.858458025288752E-002 -1.624445655295499E-002
   9.57083365949119      -6.771850615421268E-002 -4.342668586739706E-002
   9.62953816046967      -8.470987574297195E-002 -4.150016778877492E-002
   9.68824266144814      -7.321676326149312E-002 -3.243800718783178E-002
   9.74694716242662      -7.580845192451371E-002 -3.548362011597260E-002
   9.80565166340509      -2.328079946750071E-002 -2.618164154795825E-002
   9.86435616438356       3.671862656315751E-002  2.674507987464580E-002
   9.92306066536204       7.625823190394571E-002  2.137366996974795E-002
   9.98176516634051       9.337443673487007E-002  2.812042696031841E-003
   10.0404696673190       8.377282906498838E-002 -3.269689738920765E-002
   10.0991741682975       5.169945697739789E-002 -5.985924134448067E-002
   10.1578786692759      -9.443410454635249E-004 -6.889755180968210E-003
   10.2165831702544      -4.777929356304567E-002  2.515190968013372E-002
   10.2752876712329      -9.004235730705745E-002  2.452888530836206E-002
   10.3339921722114      -3.865069657548806E-002 -7.691557882567972E-003
   10.3926966731898       5.895522287899373E-002 -6.955141897652641E-003
   10.4514011741683       0.101619339277267       1.213531548852857E-002
   10.5101056751468       0.143414716422243       8.032949044348314E-003
   10.5688101761252       0.113098638742012       2.211990708872136E-002
   10.6275146771037       5.884486390904031E-002 -2.015737886489539E-002
   10.6862191780822       2.154578597089812E-002 -4.279470055291271E-002
   10.7449236790607      -6.382025639497003E-003 -2.916246018429754E-002
   10.8036281800391      -2.619372130092175E-002 -2.943358256481753E-002
   10.8623326810176      -5.204486469505936E-002 -2.396708668753397E-003
   10.9210371819961      -7.382221444492409E-002 -8.551664556602065E-003
   10.9797416829746      -3.834419931147675E-002  1.445728379779633E-002
   11.0384461839530      -4.813260671489149E-002  3.446731049729247E-002
   11.0971506849315      -6.654187534317932E-002 -1.131624494889120E-002
   11.1558551859100      -3.513571631404597E-002 -3.536883522667209E-002
   11.2145596868885       3.292538028700949E-004 -5.331534947197122E-002
   11.2732641878669       7.521346322474845E-002 -3.685987691698085E-002
   11.3319686888454       0.100833453790559       2.747267999016732E-002
   11.3906731898239       6.667604504978117E-002  0.101767357369411     
   11.4493776908024       3.506014715295868E-002  0.108071554171076     
   11.5080821917808       1.467292517613869E-002  8.280175766678982E-002
   11.5667866927593       1.068464145417071E-003  5.139626456792117E-002
   11.6254911937378       5.319998522038941E-003  2.023285000362501E-003
   11.6841956947162       7.478662542968422E-003  2.356882952428360E-003
   11.7429001956947      -2.206729174635722E-002  1.499604526203434E-002
   11.8016046966732      -7.609233888634809E-002  5.141448200391546E-002
   11.8603091976517      -9.507856327590311E-002  9.906560340459630E-002
   11.9190136986301      -8.131711800026756E-002  9.337333090287768E-002
   11.9777181996086       2.816407161079441E-003  8.274118108085823E-002
   12.0364227005871       5.254557991196767E-002  0.108331876645687     
   12.0951272015656       5.595237743554011E-002  0.117915593774521     
   12.1538317025440       6.565027648760424E-003  0.122468933172220     
   12.2125362035225      -9.436656564273204E-003  3.054876283468897E-002
   12.2712407045010       1.673219169043119E-002  2.444257211960418E-002
   12.3299452054795       4.235793862229691E-002  4.009313373884034E-002
   12.3886497064579       1.646042636398263E-002  5.460011569208095E-002
   12.4473542074364      -4.163265855814119E-002  2.612764524365106E-002
   12.5060587084149      -5.804901739360413E-002 -2.879590863297403E-002
   12.5647632093933      -4.232102042823166E-002 -5.313488157580922E-002
   12.6234677103718      -6.910070660074710E-002 -1.921648086637160E-002
   12.6821722113503      -9.021130651849127E-002 -1.613072641902981E-002
   12.7408767123288      -8.838769151161305E-002 -2.280104340172501E-002
   12.7995812133072      -3.459763238625937E-002  2.397643775103595E-002
   12.8582857142857       1.337335227191407E-002  3.515190815364323E-002
   12.9169902152642       2.575660926864470E-002  5.211759679769817E-002
   12.9756947162427       2.455095234589001E-002  1.149517752745415E-002
   13.0343992172211       4.366646341303840E-002 -9.948810885712289E-002
   13.0931037181996       8.526777357857496E-002 -0.114643557547037     
   13.1518082191781       2.454207529788779E-002 -9.459608373844136E-002
   13.2105127201566      -3.415450560453972E-003 -2.725531252974550E-002
   13.2692172211350      -2.897042558290763E-002  2.667434036582462E-002
   13.3279217221135       1.752846696875116E-002  5.681195904457038E-002
   13.3866262230920       2.942617916786386E-002  5.390721498107498E-002
   13.4453307240705      -7.407447416395568E-003  9.287914645246635E-002
   13.5040352250489      -3.543781918112905E-002  5.234517563892792E-002
   13.5627397260274      -6.061787502381513E-002  1.735989128558909E-002
   13.6214442270059      -2.007584347066174E-002  2.141035370078504E-002
   13.6801487279843       1.725538637136398E-003  5.439821409176436E-002
   13.7388532289628      -2.734328040997545E-002  5.961997248283980E-002
   13.7975577299413      -3.478264846485123E-002  4.397843083316141E-003
   13.8562622309198      -1.387879868675668E-002 -4.516776877017323E-002
   13.9149667318982       4.141545656134076E-003 -4.801018851057245E-002
   13.9736712328767       1.123598580056760E-002 -4.482270141086941E-002
   14.0323757338552      -6.280791853681503E-002 -4.274028472175981E-002
   14.0910802348337      -6.402200444598036E-002 -4.410350773599008E-002
   14.1497847358121      -4.389179671573121E-002 -5.709205012598974E-002
   14.2084892367906       6.887634939898211E-003 -2.085445500467512E-002
   14.2671937377691      -1.067276502631661E-002  3.600739706972800E-002
   14.3258982387476      -5.501819579152440E-002  4.137093472391867E-002
   14.3846027397260      -9.552418379840247E-002 -1.817615727250713E-002
   14.4433072407045      -9.196074853550459E-002 -3.474824726311774E-002
   14.5020117416830      -7.025628322618142E-002  3.348433006422269E-004
   14.5607162426614      -6.018327145719773E-002  6.217005799882967E-002
   14.6194207436399      -3.171287390717423E-002  6.755619163248633E-002
   14.6781252446184      -5.742136697861380E-002  3.030572147127132E-002
   14.7368297455969      -9.386094115971091E-002  6.576711628521609E-003
   14.7955342465753      -5.482660299888788E-002  4.181075479048304E-002
   14.8542387475538      -4.816314110764444E-002  3.752669495059216E-002
   14.9129432485323      -1.280583771420297E-002  4.614867574224363E-002
   14.9716477495108      -7.458176773438650E-003  1.324593228635507E-002
   15.0303522504892      -4.062760891210187E-002 -6.814956722896861E-003
   15.0890567514677      -3.687922179720932E-002 -3.389239252751810E-002
   15.1477612524462       2.568962337907157E-002 -7.977881995621633E-003
   15.2064657534247       2.504084101705380E-002  1.333062613004175E-002
   15.2651702544031      -1.704910681898882E-002  3.282018888370020E-002
   15.3238747553816      -5.416566298674278E-002  2.382531644439057E-002
   15.3825792563601      -9.053769093918862E-002  4.256569870095160E-002
   15.4412837573386      -8.906680488271204E-002  1.783034775567356E-002
   15.4999882583170      -6.361880343140772E-002 -3.109222267771210E-003
   15.5586927592955      -7.525891154109915E-002 -3.331860067195151E-002
   15.6173972602740      -2.100922689048498E-002 -4.535402550702340E-002
   15.6761017612524      -3.240887159151486E-002 -9.878534977405051E-002
   15.7348062622309      -1.346870241237073E-002 -6.589668799518884E-002
   15.7935107632094      -1.565849452271247E-002 -6.211263810872931E-002
   15.8522152641879       1.514721932024040E-002 -8.137540553266678E-002
   15.9109197651663       2.529171123371927E-002 -6.970141707067711E-003
   15.9696242661448       6.683782691488496E-002  2.712611719454105E-002
   16.0283287671233       9.639976438406532E-002 -3.970411471045092E-003
   16.0870332681018       0.117983586860061       1.422873951455330E-002
   16.1457377690802       9.284502389706750E-002 -1.112227429549825E-002
   16.2044422700587       4.219459406695512E-002  4.629993677786899E-002
   16.2631467710372       5.095706834640513E-002  5.981180098484068E-002
   16.3218512720157       1.792022652281999E-002  8.086143732852631E-002
   16.3805557729941      -4.416445624253985E-002  0.102966491438464     
   16.4392602739726      -8.678809289984969E-002  8.965252995767811E-002
   16.4979647749511      -0.123120631194023       6.351546686758211E-002
   16.5566692759296      -0.127116566122023       1.398126078412461E-003
   16.6153737769080      -0.141548741497833      -3.090877672016521E-002
   16.6740782778865      -0.125381142707295      -5.591738594211057E-002
   16.7327827788650      -9.925546755858375E-002 -0.115641170761554     
   16.7914872798434      -5.177454362182159E-002 -9.133205663592778E-002
   16.8501917808219      -5.054451034752078E-002 -7.393899674786523E-002
   16.9088962818004      -6.819251336561900E-002 -3.048697996106347E-002
   16.9676007827789      -4.282767716885419E-003  3.232808662890073E-002
   17.0263052837573       1.638777533571389E-002  1.268151403703452E-002
   17.0850097847358      -7.098588706690558E-005  1.971089985440068E-002
   17.1437142857143       7.884046362020197E-002  7.105083963491427E-003
   17.2024187866928       8.831954829379741E-002 -5.848339389018770E-002
   17.2611232876712       0.115573883680751      -3.899109677872206E-002
   17.3198277886497       0.116435948206174      -1.753870937557753E-002
   17.3785322896282       0.117911026008917      -1.435101394326406E-002
   17.4372367906067       3.067199504355538E-002 -1.331392894158567E-002
   17.4959412915851       4.914326611996549E-002 -8.753823568279830E-003
   17.5546457925636       5.485933812294781E-002 -3.931799462519685E-002
   17.6133502935421       1.035104948334983E-002 -2.644133483255626E-003
   17.6720547945205      -3.360640200893366E-003  1.873159139454237E-002
   17.7307592954990      -3.967544115333296E-002  4.132475044864783E-002
   17.7894637964775      -1.535197762026441E-002  9.079302610921752E-002
   17.8481682974560      -2.123798513415661E-002  7.307072025106140E-002
   17.9068727984344      -1.882744657702229E-002  6.585374980853999E-002
   17.9655772994129      -4.861114352611969E-002  6.770639187164099E-002
   18.0242818003914      -7.645834455805391E-002  6.794318964045926E-002
   18.0829863013699      -3.031042030753085E-002  4.063695359204945E-002
   18.1416908023483       4.222780654481958E-002 -1.910408903773094E-002
   18.2003953033268       2.782813116281982E-002 -4.777065007714995E-002
   18.2590998043053       1.458693951622132E-002 -5.889046207353324E-002
   18.3178043052838       5.555821736940084E-002 -3.840884542416002E-002
   18.3765088062622       7.570010921483789E-002 -5.026657027377345E-002
   18.4352133072407       9.758466602445652E-002 -3.915512912783698E-002
   18.4939178082192       0.103306302670585      -5.593886614083569E-002
   18.5526223091977       6.229619390916383E-002 -1.115688429641326E-002
   18.6113268101761       5.915732802691520E-002  4.023362792788417E-002
   18.6700313111546       7.605531189154414E-002  3.114693103616881E-002
   18.7287358121331      -1.197662218938925E-002  6.478866948223395E-002
   18.7874403131115      -5.149424105012954E-002  0.129408248236711     
   18.8461448140900      -0.111305693112115       8.737871321293093E-002
   18.9048493150685      -7.105649036634058E-002  2.248371036364719E-002
   18.9635538160470      -1.123894826643363E-002 -2.869710187702907E-002
   19.0222583170254       3.732597933637859E-003 -7.467132131936512E-002
   19.0809628180039       1.891440727741642E-002 -6.322515855722592E-002
   19.1396673189824       6.584032570072018E-002 -5.461237774376147E-002
   19.1983718199609       6.549760279528583E-002  2.231646215045029E-003
   19.2570763209393       3.449313480743500E-002 -2.154903457170234E-002
   19.3157808219178       1.612589759350986E-002 -1.415902201063916E-002
   19.3744853228963       2.506241154720621E-002  2.101484712692936E-002
   19.4331898238748       2.304099257868161E-004  5.263293378014863E-002
   19.4918943248532      -5.556355401820633E-002  6.464205120999150E-002
   19.5505988258317      -5.377277351782347E-002  6.732396810241349E-002
   19.6093033268102      -1.953808859039769E-002  3.235671234475899E-003
   19.6680078277886      -1.390239116188867E-002 -3.086151683608708E-002
   19.7267123287671       3.100139074294597E-002 -8.188934038487844E-002
   19.7854168297456       3.809750255255401E-002 -6.839558524993945E-002
   19.8441213307241       7.627601073505925E-002 -3.889720919839704E-002
   19.9028258317025       0.108898779726420      -7.902253662965952E-002
   19.9615303326810       8.994417598075199E-002 -0.133750606751996     
   20.0202348336595       1.885983530878420E-002 -8.733230653146898E-002
   20.0789393346380       4.964089773046299E-004  2.001537034083287E-002
   20.1376438356164       3.739277896110606E-002  0.111636888285626     
   20.1963483365949       7.546683775232225E-002  0.140409132111299     
   20.2550528375734       5.302801825715926E-002  0.127001546837032     
   20.3137573385519       3.228862883259705E-002  0.113061863628051     
   20.3724618395303       1.924808198967922E-002  8.144448031508192E-002
   20.4311663405088      -1.272736573363828E-003  8.650717047489834E-002
   20.4898708414873       1.243614583839164E-003  4.336726647067058E-002
   20.5485753424658      -5.538206554187378E-002 -1.518999764675571E-002
   20.6072798434442      -7.531807643780596E-002 -4.838622852779220E-003
   20.6659843444227      -5.910647917907963E-003 -3.588719750104778E-002
   20.7246888454012       5.747733406578777E-002 -1.848694408267736E-002
   20.7833933463796       0.126266409362559      -1.579735860030160E-002
   20.8420978473581       9.911210443853072E-002 -5.230438710016543E-003
   20.9008023483366       4.410836041695666E-002  7.772679223033624E-002
   20.9595068493151       1.910547167126779E-002  8.106673651702037E-002
   21.0182113502935      -7.401057831338088E-003  6.030648761741538E-002
   21.0769158512720      -4.459996071226581E-003  2.267596107879027E-002
   21.1356203522505      -2.465876466474875E-002 -5.522610813003802E-002
   21.1943248532290      -6.581534688130918E-002 -7.772258358828663E-002
   21.2530293542074      -7.537382702766643E-002 -2.118758035577673E-002
   21.3117338551859      -7.369537540959178E-002 -1.565926070498892E-003
   21.3704383561644      -7.804839991173493E-002 -4.799676532812039E-003
   21.4291428571429      -7.056747393919144E-002  1.931271229287150E-002
   21.4878473581213      -6.197248153571541E-002  9.198747418594295E-003
   21.5465518590998      -5.318983773289680E-002 -3.145781022811590E-002
   21.6052563600783      -6.540034185443432E-002  1.855918517136506E-002
   21.6639608610568      -1.432849034989636E-004  9.233990288396270E-002
   21.7226653620352       8.751466342041177E-002  4.847433337793344E-002
   21.7813698630137       5.536573093898468E-002 -7.848785171505543E-004
   21.8400743639922       3.329594966197274E-002 -1.361743218512657E-002
   21.8987788649706       3.482285745900622E-002 -6.468740418223724E-002
   21.9574833659491      -7.580293351008852E-003 -5.757737159823087E-002
   22.0161878669276      -6.197913774406361E-002  1.537484840321312E-002
   22.0748923679061      -1.669161547336192E-002  9.667657574747188E-002
   22.1335968688845       5.141879727664558E-002  5.527655774661121E-002
   22.1923013698630       1.072342765485369E-002  7.658614614136709E-002
   22.2510058708415      -4.780900657306522E-002  9.126246239693601E-002
   22.3097103718200      -4.314863220130633E-002  8.084585214648077E-002
   22.3684148727984      -9.220503770130603E-002  5.463536397019944E-002
   22.4271193737769      -9.571779429366575E-002  4.551681441450934E-002
   22.4858238747554      -3.460660748367286E-002  5.449981314135938E-002
   22.5445283757339       4.216196987033259E-002  3.315139896655701E-002
   22.6032328767123       2.669726978461358E-002  3.541422336666317E-002
   22.6619373776908       1.939130488702074E-002  4.609042317571925E-002
   22.7206418786693       5.259967357914665E-002  3.184526852503530E-002
   22.7793463796478       1.572689389529155E-002 -1.192197988365478E-002
   22.8380508806262      -3.047745250188513E-002  1.727381065420589E-003
   22.8967553816047       5.341495895028227E-002  1.208672457826196E-002
   22.9554598825832       8.883182595411095E-002  3.766610379088586E-002
   23.0141643835616       9.364526661716970E-002  4.354082460360399E-002
   23.0728688845401       2.318418611254090E-002  4.808800544789332E-002
   23.1315733855186      -4.266389113139916E-002  7.982456947086457E-002
   23.1902778864971      -7.465478804423942E-002  1.777841273390599E-002
   23.2489823874755      -6.573360905572614E-002  2.734100645093018E-002
   23.3076868884540       8.067886193569334E-003  1.597773168513992E-002
   23.3663913894325      -1.092523550216147E-002  6.124191779803723E-003
   23.4250958904110      -2.235019913514804E-002  3.425100108446703E-003
   23.4838003913894      -4.715765500572996E-002  2.825993903590735E-002
   23.5425048923679       2.440648573572805E-002  3.474676070660368E-002
   23.6012093933464       6.880514703984598E-002 -2.525012729180654E-002
   23.6599138943249       8.094993864121200E-003 -5.962064088056393E-002
   23.7186183953033      -7.679704939422495E-002 -2.990906503690701E-002
   23.7773228962818      -0.108447331570479      -5.006292445763803E-002
   23.8360273972603      -8.758219028005562E-002 -5.063856374344695E-002
   23.8947318982387      -5.371812697003987E-002 -5.986063653619306E-002
   23.9534363992172       3.972348538922095E-003 -6.174594235566336E-002
   24.0121409001957       1.632301343191311E-002 -3.875615192418977E-002
   24.0708454011742      -3.803436071108580E-002  1.531547548194651E-003
   24.1295499021526      -1.047204373591394E-002  8.899183363269807E-002
   24.1882544031311       3.944322303643632E-002  0.103521605195506     
   24.2469589041096       3.625706569551375E-002  4.203365320659432E-002
   24.3056634050881      -9.048345833037541E-003 -1.188972341603122E-002
   24.3643679060665      -9.041356840990347E-005 -2.692951451118276E-002
   24.4230724070450       4.171629716546257E-002 -1.994374850708980E-002
   24.4817769080235       9.410164656120924E-003  1.049868413138153E-003
   24.5404814090020       5.705289423169686E-003  0.111595098793304     
   24.5991859099804      -1.904390225128150E-002  0.110113758098129     
   24.6578904109589      -6.311289438464764E-002  6.793922276026973E-002
   24.7165949119374      -0.143095554245426       7.936276604349515E-002
   24.7752994129159      -9.211167909646681E-002  0.119486669630959     
   24.8340039138943      -6.524952378706118E-002  8.017621824735278E-002
   24.8927084148728      -6.692396230023499E-002  8.231341186458310E-002
   24.9514129158513      -5.441529072055983E-002  9.237825118450556E-002
   25.0101174168297      -3.026687515209141E-002  4.918431280126690E-002
   25.0688219178082      -6.450771887595454E-002 -4.998364366666322E-002
   25.1275264187867      -0.104444249513967      -5.180913091271102E-002
   25.1862309197652      -0.125575121833844      -1.560759926919671E-003
   25.2449354207436      -0.118235423013224       2.649334066421963E-002
   25.3036399217221      -5.029777205382627E-002  4.955046191506936E-002
   25.3623444227006       1.464343793139077E-002 -1.643999072792209E-002
   25.4210489236791       1.753060192816160E-002  2.474769737766850E-002
   25.4797534246575      -2.946892319905679E-003  7.717841462030214E-002
   25.5384579256360       4.342842360515036E-002  0.110583845645808     
   25.5971624266145       3.465916402167743E-002  4.029860336528927E-002
   25.6558669275930       1.993688235680038E-005  2.963007200022412E-003
   25.7145714285714       7.820749644909336E-003 -5.531634997168821E-002
   25.7732759295499      -3.412805635784587E-003 -2.308152434598539E-002
   25.8319804305284      -2.376130365649737E-002 -1.068226177723019E-002
   25.8906849315069      -4.724559509723461E-002  1.375973041917724E-002
   25.9493894324853      -3.473244047965074E-002  8.010655321936024E-002
   26.0080939334638      -2.365829395957818E-002  8.334926677877265E-002
   26.0667984344423      -5.049148753428578E-002  3.667657690643381E-002
   26.1255029354207      -0.101235104730754       4.778675157381276E-002
   26.1842074363992      -0.127012187660689       0.108025051588255     
   26.2429119373777      -0.104319426740903       0.188522488481968     
   26.3016164383562      -7.639654914558647E-002  0.245945778260292     
   26.3603209393346      -5.866088666718663E-002  0.226293646915911     
   26.4190254403131      -4.059024428623766E-002  0.134161070468024     
   26.4777299412916       3.913843126407744E-002  2.051296339823623E-002
   26.5364344422701       5.107548860196733E-002 -4.064072188874197E-002
   26.5951389432485       2.760057066678928E-002 -3.963027933411185E-002
   26.6538434442270       3.536870865553516E-002  1.647236134791922E-002
   26.7125479452055       3.592322159044804E-002  6.539246257332298E-002
   26.7712524461840       6.131288796567521E-002 -3.474599743946170E-003
   26.8299569471624       5.213033161173770E-002 -0.115024044307897     
   26.8886614481409       5.215045214557397E-002 -0.168794050618590     
   26.9473659491194       2.795796109065179E-002 -0.158688245657963     
   27.0060704500978      -8.699795597317310E-003 -0.113331327757193     
   27.0647749510763      -4.295357550820384E-002 -0.122281121340332     
   27.1234794520548      -7.188448115049681E-002 -8.731828092347302E-002
   27.1821839530333      -6.971608042528067E-002 -9.680836685067546E-003
   27.2408884540117      -3.423397897727151E-002  7.803002091388041E-002
   27.2995929549902       1.248917203896015E-002  7.566310243569443E-002
   27.3582974559687      -5.593308823853017E-002  8.664386357131168E-002
   27.4170019569472      -0.102062243484470       0.135246051420569     
   27.4757064579256      -0.104907331954210       0.158307742781783     
   27.5344109589041      -6.150397444029738E-002  0.124721534051639     
   27.5931154598826       1.059478922829024E-004 -6.101314534091273E-003
   27.6518199608611       3.857527697933549E-002 -2.712791486927783E-002
   27.7105244618395       8.866791430530138E-002 -6.864191726346082E-002
   27.7692289628180       8.793802676169840E-002 -5.175677916084212E-004
   27.8279334637965       6.747652828162821E-002 -1.253476780066404E-002
   27.8866379647750       2.664888944840143E-002 -5.641548145885129E-002
   27.9453424657534      -2.241005007135161E-002 -8.303008513475996E-002
   28.0040469667319      -1.612955131370341E-002 -2.282427237845451E-002
   28.0627514677104      -1.118225214176331E-002 -2.554693950177298E-002
   28.1214559686888       8.218448141498740E-003 -0.102836235182898     
   28.1801604696673      -4.679596210720058E-002 -9.270914832026604E-002
   28.2388649706458      -8.567574849142721E-002 -9.971366420109973E-002
   28.2975694716243      -0.102595408978277      -7.683110017048063E-002
   28.3562739726027      -8.174251117011655E-002 -8.132514498592454E-002
   28.4149784735812      -3.208467575402140E-002 -6.386443328606844E-002
   28.4736829745597       5.639754371352015E-003 -2.628607267253524E-002
   28.5323874755382      -2.319251074472462E-002  3.380330346190497E-002
   28.5910919765166      -1.826634982091718E-002  0.109607342125475     
   28.6497964774951      -2.668317590531474E-003  6.779635760819736E-002
   28.7085009784736       3.817130108632853E-002  2.978975043433149E-002
   28.7672054794521       7.734610537331270E-002 -4.928604162901108E-002
   28.8259099804305       5.866637085866346E-002 -5.480493052755617E-002
   28.8846144814090       4.155921878281579E-002 -5.563333282135431E-002
   28.9433189823875       1.844631330660334E-002 -8.002552907506422E-002
   29.0020234833659       4.615584001251871E-002 -0.102982482473345     
   29.0607279843444       1.852264183617890E-002 -7.786236794437662E-002
   29.1194324853229       4.500305804608477E-002  1.649522106541170E-002
   29.1781369863014       3.443733854909033E-002  6.143048300917200E-002
   29.2368414872798      -5.412036941647835E-003  8.610768483547170E-002
   29.2955459882583      -9.559930475773137E-003  6.797432164554441E-002
   29.3542504892368      -4.249414379937721E-002  7.520473280236917E-002
   29.4129549902153      -2.057408725330245E-002  6.592830076465694E-002
   29.4716594911937      -3.388998255891576E-003  6.070354763418124E-002
   29.5303639921722       2.338882992131160E-002  6.721524513488711E-002
   29.5890684931507      -7.081119592770978E-002  6.357095744636876E-002
   29.6477729941292      -0.120324483570579       1.269641067169780E-002
   29.7064774951076      -0.100399669473134      -3.185329190296800E-002
   29.7651819960861      -0.133424945400031      -5.617951902232349E-002
   29.8238864970646      -0.123081693885156       3.356559411647809E-002
   29.8825909980431      -0.135284220740424       6.046504330693665E-002
   29.9412954990215      -0.125767963911142       4.743137097852917E-002
   30.0000000000000      -6.200133939949224E-002 -6.773668510598248E-004
  2.000000000000000E-003 -3.355798049451739E-002 -8.363950483695110E-003
  6.070450097847359E-002 -1.301288990715919E-002  1.940883199317471E-002
  0.119409001956947       1.089371845784273E-002  1.564059504625730E-002
  0.178113502935421       7.018379907114290E-003 -1.885301854602596E-003
  0.236818003913894      -1.502247092053476E-002  9.979696370877132E-005
  0.295522504892368      -5.480477501127554E-003 -7.717006106245860E-003
  0.354227005870842       2.536328649461158E-003  2.913591680461231E-003
  0.412931506849315       4.077450929546961E-003  7.453219121836812E-003
  0.471636007827789       6.385821805371216E-003 -2.842580877461998E-003
  0.530340508806262       1.833938110835233E-004 -3.496148230547547E-002
  0.589045009784736       4.377070595489094E-002 -4.706887748168989E-003
  0.647749510763209       3.721815671471108E-002  2.574650061174415E-002
  0.706454011741683       4.061982404612650E-002  4.831968030258074E-002
  0.765158512720157       2.476118831816950E-002  5.947914698425164E-002
  0.823863013698630       1.825339648196767E-002  6.304810050408501E-002
  0.882567514677104       5.674087677884638E-003  3.466540134972198E-002
  0.941272015655577      -1.151372134684593E-002  1.197346446018919E-002
  0.999976516634051      -1.369812646132175E-002 -1.088318817149318E-002
   1.05868101761252       2.806020659723065E-002 -3.619965793669599E-002
   1.11738551859100       3.176878904934581E-002 -3.870430550057233E-002
   1.17609001956947       4.460166231306467E-002 -6.131781316446531E-002
   1.23479452054795       8.737975861101514E-002 -8.551208383789570E-002
   1.29349902152642       0.188816563846369      -0.172730973178303     
   1.35220352250489       0.316866740348337      -0.276225652645270     
   1.41090802348337       0.430957588660237      -0.318149311713549     
   1.46961252446184       0.497195950950385      -0.307740598779741     
   1.52831702544031       0.605103277881435      -0.219680467171303     
   1.58702152641879       0.710010149919903      -0.125707900149291     
   1.64572602739726       0.721422589129796      -9.733202342126912E-002
   1.70443052837573       0.631806272759411      -1.247550440700028E-002
   1.76313502935421       0.452586073269408       9.478130313594525E-002
   1.82183953033268       0.240111668126652       0.181601061963156     
   1.88054403131115      -2.146240357221092E-002  0.292633758534019     
   1.93924853228963      -0.287695815937602       0.316646815463133     
   1.99795303326810      -0.551546839887457       0.292041651067005     
   2.05665753424658      -0.772656642658306       0.186730147922822     
   2.11536203522505      -0.826454540357749       2.881646224829318E-002
   2.17406653620352      -0.710735082941024      -0.210778584315454     
   2.23277103718200      -0.472444661908852      -0.443150352182338     
   2.29147553816047      -0.238714707873303      -0.559092776980239     
   2.35018003913894      -1.827352577978308E-003 -0.592650094972384     
   2.40888454011742       0.199303719493952      -0.529252367807166     
   2.46758904109589       0.380680174692098      -0.434685137085240     
   2.52629354207436       0.536326414938632      -0.347735897590607     
   2.58499804305284       0.592789444099084      -0.242146339803663     
   2.64370254403131       0.622207289508931      -0.113636757610525     
   2.70240704500978       0.589688777184986       7.728030817707177E-003
   2.76111154598826       0.492917723449899       9.315536116826191E-002
   2.81981604696673       0.417323160597286       0.169944831055930     
   2.87852054794521       0.263561682131894       0.190296136653542     
   2.93722504892368       0.142177087281007       0.167642110635326     
   2.99592954990215       0.115957545760588       0.127188749379556     
   3.05463405088063       0.150155732072496       0.147253277635229     
   3.11333855185910       0.154889504204520       0.232981080291986     
   3.17204305283757       0.105049310148044       0.200912555108816     
   3.23074755381605       0.159302058132375       0.130261830256997     
   3.28945205479452       0.172918590042177       0.104642770174202     
   3.34815655577299       0.127758847358077       7.078325914659334E-002
   3.40686105675147       0.100230142141915       2.215340938956580E-002
   3.46556555772994       6.424922405249710E-002 -3.115146386344757E-002
   3.52427005870842       2.693220462095935E-002 -9.238783436853856E-002
   3.58297455968689       3.315074804726286E-002 -0.100499615476887     
   3.64167906066536       1.195931435120902E-002 -4.299254449092663E-002
   3.70038356164384      -9.738881894231836E-003 -8.064329201020636E-003
   3.75908806262231      -1.434544866841335E-002  2.133466888329334E-002
   3.81779256360078      -5.435963857876285E-002  3.164094467324779E-002
   3.87649706457926      -9.691639246920636E-002  4.993424278040947E-002
   3.93520156555773      -0.154449711016256      -2.943730582661087E-002
   3.99390606653620      -8.950192314564678E-002 -0.124867926923414     
   4.05261056751468       7.100670413821748E-002 -0.173043871137064     
   4.11131506849315       8.154457648464369E-002 -0.124922740170464     
   4.17001956947162       5.873920223200330E-002 -0.104629866825054     
   4.22872407045010      -1.535313753198952E-002 -6.370534526055381E-002
   4.28742857142857      -6.839530282146679E-002 -7.305148025421751E-002
   4.34613307240704      -5.732911915550384E-002 -5.494476016433440E-002
   4.40483757338552      -1.353522118523437E-003 -9.345401644701032E-002
   4.46354207436399       6.621237802780611E-002 -2.863840423371765E-002
   4.52224657534247       9.015939432394714E-002  5.262194288275056E-002
   4.58095107632094       8.401077006591325E-002  6.372513728945142E-002
   4.63965557729941       4.574092185188118E-002  6.221505361135499E-002
   4.69836007827789      -1.511209032200239E-003  2.754464923506345E-002
   4.75706457925636       1.418680704741447E-002 -3.180559026317525E-002
   4.81576908023483       6.535643260144078E-002 -4.305822907498347E-002
   4.87447358121331       5.141197606776177E-002 -2.909366456820319E-002
   4.93317808219178       6.401213812407570E-002  1.323294669868896E-002
   4.99188258317025      -3.437017180472816E-002  0.102392820259053     
   5.05058708414873      -0.137862976720304       9.999220690996349E-002
   5.10929158512720      -0.145955480736832       4.911554852477097E-002
   5.16799608610568      -6.578493874313260E-002  3.192888037230817E-003
   5.22670058708415      -7.022110811602678E-002  1.531150001588802E-002
   5.28540508806262      -0.111042460422802      -5.277382952523453E-003
   5.34410958904110      -8.825018341093749E-002  3.697938486539494E-004
   5.40281409001957      -3.920023476878059E-002  3.152973974054066E-002
   5.46151859099804      -4.149890183006265E-002  4.641263803388712E-002
   5.52022309197652      -1.898698031831201E-002 -3.996022300334745E-002
   5.57892759295499      -1.397477108478297E-002 -5.389970068715719E-002
   5.63763209393346      -7.426817661409746E-002  2.067001857184602E-002
   5.69633659491194      -8.873367636418794E-002  1.858792012217731E-003
   5.75504109589041       8.099826385702627E-003  3.012435371889663E-002
   5.81374559686888       3.203403495193120E-002  3.187203633901974E-002
   5.87245009784736       8.169839350441524E-002 -3.285018531650506E-003
   5.93115459882583       3.280077378701281E-002 -5.042289929555854E-003
   5.98985909980431       9.071844098395175E-003 -2.034043239751687E-002
   6.04856360078278       6.360002603725266E-002  1.286659000071964E-002
   6.10726810176125       8.499612215920802E-002  0.109515350861972     
   6.16597260273973       9.484929984991111E-002  0.167495184258819     
   6.22467710371820       3.910818044959952E-002  0.158541360458858     
   6.28338160469667       2.893263044766220E-002  0.118668457370282     
   6.34208610567515      -3.802960611270665E-002  7.645881252220062E-002
   6.40079060665362      -9.339739975161077E-002 -4.715526174848259E-002
   6.45949510763209      -3.433094098146813E-002 -0.103786605534293     
   6.51819960861057      -2.168804332900377E-002 -2.675558510408465E-002
   6.57690410958904      -4.471967505661447E-002 -1.424341233403186E-002
   6.63560861056752       6.920039201652246E-003 -7.837176671393217E-003
   6.69431311154599      -7.960252814057395E-003 -1.890697748620559E-002
   6.75301761252446       1.259258042698531E-002 -5.625322644921991E-002
   6.81172211350294       6.340581052893566E-003 -2.814645516461785E-002
   6.87042661448141       1.295780967873039E-002 -3.490470016521451E-002
   6.92913111545988       2.731859336090695E-002  2.022138678418862E-002
   6.98783561643836       4.160391859125904E-002  1.489232173520771E-002
   7.04654011741683       6.503152351318156E-002  2.423976682053545E-002
   7.10524461839530       1.392314404514608E-002  4.379011133451136E-002
   7.16394911937378       2.497636540629150E-002  2.308609986991444E-002
   7.22265362035225      -1.517471128231564E-002  6.969340631844023E-002
   7.28135812133072      -2.426052192366586E-002  3.873361138951179E-002
   7.34006262230920       1.080373275203100E-002  1.912441846269055E-002
   7.39876712328767       2.538103708707657E-002  3.975374856753130E-002
   7.45747162426615      -1.897655590696196E-002  1.124037778771485E-002
   7.51617612524462      -4.262094895695659E-002  1.053816192973867E-002
   7.57488062622309      -6.671658543552526E-002 -6.726626677714294E-004
   7.63358512720157      -3.638625574923018E-002  4.211447608137860E-003
   7.69228962818004       1.367943764794423E-002  9.209256629783813E-002
   7.75099412915851       4.054661338754026E-003  0.113850438465584     
   7.80969863013699       3.963730610349016E-002  0.123109823949642     
   7.86840313111546       5.594549250751711E-002  9.250872647521249E-002
   7.92710763209393       7.423609215871776E-002 -4.258417263382512E-003
   7.98581213307241       4.465470172424053E-002 -4.748214688806680E-002
   8.04451663405088       2.418968491154759E-002 -6.370154876836776E-002
   8.10322113502936      -7.947555124444672E-003 -2.045546239491114E-002
   8.16192563600783      -3.877158585361103E-002 -1.116773513710612E-002
   8.22063013698630       3.167461627972570E-002 -7.583750174578401E-003
   8.27933463796478       5.271763599573073E-002  2.502957105090247E-002
   8.33803913894325       0.110963880844644       1.777380206162569E-002
   8.39674363992172       0.113487080463654       2.733339193303867E-003
   8.45544814090020       7.000853834531688E-002  8.015921037683883E-003
   8.51415264187867       5.758088204207942E-002  1.541159346166959E-003
   8.57285714285714       2.595244778292261E-002  1.461601214541793E-002
   8.63156164383562      -1.477529605560232E-003  1.163766442946051E-002
   8.69026614481409       3.517694730305040E-002  2.099271277694012E-002
   8.74897064579256       4.367851144169136E-002  5.991052764176625E-002
   8.80767514677104       4.254716920870272E-002  4.314884345245942E-002
   8.86637964774951       7.689956377062687E-002  3.285628885301781E-002
   8.92508414872799       2.739077970619191E-002  1.111970316212674E-002
   8.98378864970646       8.117591753904141E-003  6.618259598228753E-004
   9.04249315068493      -5.247651560363358E-002  1.424005855432276E-004
   9.10119765166341      -6.502468960830984E-002 -2.219087714567815E-002
   9.15990215264188      -4.566144080837903E-002  6.399614281809241E-003
   9.21860665362035      -2.637733806393183E-002  1.712497590735922E-002
   9.27731115459883       3.095452706837221E-002  6.087379748867450E-002
   9.33601565557730       7.253973058444711E-003  9.238361323350039E-002
   9.39472015655577      -6.808858379574885E-002  3.692604115139106E-002
   9.45342465753425      -4.251127248135420E-002 -1.029293012896162E-002
   9.51212915851272      -7.050214490009532E-002 -4.805574484240221E-003
   9.57083365949119      -7.112208300373517E-002 -4.568480327188451E-002
   9.62953816046967      -7.789803334704495E-002 -3.562528019767978E-002
   9.68824266144814      -6.912576355896009E-002 -4.130748847293237E-002
   9.74694716242662      -7.265094385448988E-002 -3.048291226641075E-002
   9.80565166340509      -3.123050469419610E-002 -2.627106916617825E-002
   9.86435616438356       4.331552784317785E-002  2.147096364806399E-002
   9.92306066536204       7.481555364836034E-002  2.265751879534628E-002
   9.98176516634051       9.444118865882739E-002  3.051408828900325E-003
   10.0404696673190       8.328232825264510E-002 -3.673714093047920E-002
   10.0991741682975       3.896837000919065E-002 -5.753335207595577E-002
   10.1578786692759      -5.610241613055681E-004 -5.564207792592635E-003
   10.2165831702544      -5.531004876829786E-002  2.031623738987601E-002
   10.2752876712329      -8.746232034878831E-002  3.236269067558465E-002
   10.3339921722114      -4.083819143664055E-002 -3.132765693397809E-003
   10.3926966731898       6.046801108438420E-002 -8.739007165030375E-003
   10.4514011741683       0.109664125664426       2.385967405182622E-002
   10.5101056751468       0.130001124978470       5.194094775554131E-003
   10.5688101761252       0.110740829903931       1.442568141926999E-002
   10.6275146771037       3.783735783043514E-002 -2.681859734582563E-002
   10.6862191780822      -2.559000873219766E-003 -5.454195222526909E-002
   10.7449236790607      -2.072059040333354E-002 -3.923585630791859E-002
   10.8036281800391      -4.458268656015658E-002 -3.209605097875855E-002
   10.8623326810176      -5.527471768398516E-002 -1.909620732402445E-003
   10.9210371819961      -7.895062505809287E-002  7.151608962982458E-003
   10.9797416829746      -4.366660154231382E-002  1.686097937275685E-002
   11.0384461839530      -4.097038568861637E-002  4.114988209968493E-002
   11.0971506849315      -7.142890831513365E-002  1.254248400486112E-003
   11.1558551859100      -3.496197797255818E-002 -3.695957137562945E-002
   11.2145596868885       5.918060066304090E-003 -4.244500094103272E-002
   11.2732641878669       7.444938256947113E-002 -3.601445546535213E-002
   11.3319686888454       9.779727610732461E-002  2.848091953431428E-002
   11.3906731898239       6.904929287109364E-002  0.103926952802998     
   11.4493776908024       2.214358407873531E-002  0.111570076009270     
   11.5080821917808       8.517234713020759E-004  7.913835693483974E-002
   11.5667866927593      -8.234898015606279E-003  5.025940178622589E-002
   11.6254911937378      -1.383250146744179E-002  4.634456213742803E-003
   11.6841956947162      -1.002544948428363E-003 -1.491440230760314E-003
   11.7429001956947      -3.056259524220188E-002  1.286539987532713E-002
   11.8016046966732      -7.638488306811345E-002  5.297227847193264E-002
   11.8603091976517      -8.726591280879302E-002  9.201659751308133E-002
   11.9190136986301      -7.128217439825821E-002  9.476606863651782E-002
   11.9777181996086       8.675969827248248E-003  7.967686353415578E-002
   12.0364227005871       6.426092479602837E-002  0.104983372584133     
   12.0951272015656       5.235386835990868E-002  0.117780284225213     
   12.1538317025440       2.522037653861789E-002  0.118857116181572     
   12.2125362035225      -1.614983995514001E-002  3.688894365124203E-002
   12.2712407045010       3.137378121623111E-002  2.382972145541085E-002
   12.3299452054795       4.992266004951149E-002  4.580833778425933E-002
   12.3886497064579       2.105165811364595E-002  6.094913913101789E-002
   12.4473542074364      -4.030534847740601E-002  4.533630459952265E-002
   12.5060587084149      -6.139134867343132E-002 -7.708638761581687E-003
   12.5647632093933      -5.895815670704260E-002 -4.175517486821283E-002
   12.6234677103718      -7.060148475772243E-002 -5.130142641827044E-003
   12.6821722113503      -0.101087546137726      -1.408186575100169E-002
   12.7408767123288      -0.101957087074179      -1.998171369516513E-002
   12.7995812133072      -2.951458227685310E-002  1.252655155373743E-002
   12.8582857142857       1.021395646189223E-002  2.589710205944906E-002
   12.9169902152642       3.390609903045534E-002  4.155354547633430E-002
   12.9756947162427       3.952822309464617E-002 -6.460222250146828E-003
   13.0343992172211       3.992628719904706E-002 -0.101967726369111     
   13.0931037181996       7.846522028575920E-002 -0.137503801139074     
   13.1518082191781       1.518836910572961E-002 -7.763019981099765E-002
   13.2105127201566      -1.840381038631596E-002 -2.219371441570524E-002
   13.2692172211350      -3.151467481991730E-002  5.034868471619743E-002
   13.3279217221135       1.713826549741816E-002  6.153439342939238E-002
   13.3866262230920       1.942256690901582E-002  6.588424586692267E-002
   13.4453307240705       4.269675771159133E-003  9.306258483459752E-002
   13.5040352250489      -3.807652445745422E-002  4.730228645528905E-002
   13.5627397260274      -5.338055575840626E-002  1.469835612940525E-002
   13.6214442270059      -1.949248780589127E-002  4.330068766823365E-003
   13.6801487279843      -2.571127800891811E-003  3.338410715803642E-002
   13.7388532289628      -3.213945690130780E-002  5.006400418848726E-002
   13.7975577299413      -4.208668585594395E-002 -6.420826862820958E-003
   13.8562622309198      -2.624107079757475E-002 -5.196703780646020E-002
   13.9149667318982       9.814317769817990E-003 -4.675463788333189E-002
   13.9736712328767       7.766616946558499E-003 -5.194681743236310E-002
   14.0323757338552      -5.773646251023677E-002 -2.882776941070236E-002
   14.0910802348337      -5.314854841398028E-002 -4.370349808948978E-002
   14.1497847358121      -3.272541283842906E-002 -4.114447241899707E-002
   14.2084892367906       1.945087614702790E-002 -1.349063493572998E-002
   14.2671937377691       1.310278744418846E-002  4.665000872219456E-002
   14.3258982387476      -2.956844965610785E-002  3.752110479906151E-002
   14.3846027397260      -8.424500289763096E-002 -2.024673792577535E-002
   14.4433072407045      -8.438292160874007E-002 -4.006912664888420E-002
   14.5020117416830      -7.312342303291276E-002 -3.457135741916551E-003
   14.5607162426614      -6.343706460133444E-002  6.282176844178361E-002
   14.6194207436399      -5.795551161665408E-002  5.091828951703128E-002
   14.6781252446184      -9.489312513577156E-002  2.443463036260109E-002
   14.7368297455969      -0.126025936714939       2.826642930937527E-002
   14.7955342465753      -6.525977082196456E-002  4.149488552141663E-002
   14.8542387475538      -5.955416317371849E-002  5.805985370164128E-002
   14.9129432485323      -1.109272561141285E-002  4.174702286786461E-002
   14.9716477495108      -1.964330041261572E-002  1.148312972043860E-002
   15.0303522504892      -3.886749590708627E-002 -8.614808709262791E-003
   15.0890567514677      -3.097669155457208E-002 -3.366700244384696E-002
   15.1477612524462       3.806513814412500E-002 -3.695746664980276E-002
   15.2064657534247       2.994842686529471E-002 -7.133289842024710E-003
   15.2651702544031      -1.934260888463708E-002  7.705414043875248E-003
   15.3238747553816      -7.304149737105560E-002  1.036857865217519E-002
   15.3825792563601      -9.898928923289252E-002  4.015680196386381E-002
   15.4412837573386      -0.100571306548121       3.410909667114937E-002
   15.4999882583170      -7.675531450434230E-002  8.855950601870794E-003
   15.5586927592955      -7.171539695480428E-002  7.871609782456390E-003
   15.6173972602740      -1.693427291956407E-002 -3.780426961091848E-002
   15.6761017612524      -3.952601241809168E-002 -6.773413746631092E-002
   15.7348062622309      -1.076976020439335E-002 -6.921973123659834E-002
   15.7935107632094      -1.143653493905736E-002 -5.732755369814324E-002
   15.8522152641879      -1.713705411972483E-003 -9.433086721108966E-002
   15.9109197651663       2.919332020982232E-002 -1.353946280458491E-002
   15.9696242661448       7.235527399844778E-002  5.905887310891257E-003
   16.0283287671233       8.063828009579652E-002 -8.924215895359851E-003
   16.0870332681018       0.119616859010460       2.596968138646648E-003
   16.1457377690802       7.138890323209471E-002  7.927195926673153E-004
   16.2044422700587       4.279871084222776E-002  6.405361764103186E-002
   16.2631467710372       4.258746281028003E-002  6.323400685839103E-002
   16.3218512720157       1.274620384067453E-002  8.294382964141128E-002
   16.3805557729941      -3.956368854005700E-002  0.101589424556573     
   16.4392602739726      -8.228087899055160E-002  7.569034053038129E-002
   16.4979647749511      -0.110327610256042       5.288516824938062E-002
   16.5566692759296      -0.129484138919075      -1.247063469610355E-002
   16.6153737769080      -0.146058608111262      -4.199904790054195E-002
   16.6740782778865      -0.128102826969905      -6.606669859592072E-002
   16.7327827788650      -0.119961894214499      -0.111275466403039     
   16.7914872798434      -6.056822069611210E-002 -9.049816546642951E-002
   16.8501917808219      -6.095569129309959E-002 -5.475439680530167E-002
   16.9088962818004      -7.486241466552278E-002  2.824191090599495E-003
   16.9676007827789       9.187400434936724E-003  4.309735290675274E-002
   17.0263052837573       2.038121354092513E-002  1.910599438877952E-002
   17.0850097847358       1.783577372457635E-002  3.620701596752435E-002
   17.1437142857143       8.581953156361116E-002 -7.331790184599019E-003
   17.2024187866928       8.321211973702336E-002 -5.196157665115102E-002
   17.2611232876712       9.911732618958519E-002 -5.116372866339117E-002
   17.3198277886497       9.883143448721377E-002 -1.957678963758778E-002
   17.3785322896282       8.568912253340669E-002 -5.061645683584696E-002
   17.4372367906067       1.550662364887913E-002 -1.636595130061603E-002
   17.4959412915851       4.854306897442236E-002 -3.324731667364119E-002
   17.5546457925636       4.417439769319197E-002 -5.662522127853590E-002
   17.6133502935421       1.764359734128011E-002 -1.719349514358038E-003
   17.6720547945205      -2.641239228198929E-003  2.403329338031558E-002
   17.7307592954990      -3.527408810061629E-002  6.536638086048049E-002
   17.7894637964775      -3.737572055619649E-003  0.100098300529699     
   17.8481682974560      -2.191733056612034E-002  9.614411346730870E-002
   17.9068727984344      -3.516808861999468E-002  8.138273381344296E-002
   17.9655772994129      -6.102292418276190E-002  9.366621018399215E-002
   18.0242818003914      -7.448668712339705E-002  9.033402952865262E-002
   18.0829863013699      -2.224173556459189E-002  4.456498355910249E-002
   18.1416908023483       3.261762323143193E-002 -3.288494383128032E-002
   18.2003953033268       2.355602627868144E-002 -5.116340418834900E-002
   18.2590998043053       1.001105126820854E-002 -5.035443268160210E-002
   18.3178043052838       6.956438710557898E-002 -5.176799948626444E-002
   18.3765088062622       8.224272136824681E-002 -6.282953407735328E-002
   18.4352133072407       0.106774821536634      -6.315334163531247E-002
   18.4939178082192       9.994015951016247E-002 -7.052305112948798E-002
   18.5526223091977       7.262117780919888E-002 -1.104240115849330E-002
   18.6113268101761       8.580185650696384E-002  4.383023760289345E-002
   18.6700313111546       7.964881367539527E-002  2.250425151556020E-002
   18.7287358121331      -1.210248992161552E-002  9.427424170707110E-002
   18.7874403131115      -4.090724098802982E-002  0.140531457052523     
   18.8461448140900      -9.070822190756564E-002  0.110219822879675     
   18.9048493150685      -6.638542375026905E-002  2.883590659250065E-002
   18.9635538160470      -9.010066590276911E-003 -2.274895109765015E-002
   19.0222583170254      -1.002273102042139E-002 -5.156507044732020E-002
   19.0809628180039       2.033836377040070E-002 -3.646018962073008E-002
   19.1396673189824       5.294697446925619E-002 -2.352515731100253E-002
   19.1983718199609       7.179501704361221E-002  2.238255249188837E-002
   19.2570763209393       1.163463082992659E-002  1.109264019487217E-002
   19.3157808219178       6.140869551419105E-003  4.075847762421734E-003
   19.3744853228963       1.470551383389516E-002  1.719695332587855E-002
   19.4331898238748      -4.631253286693011E-003  3.286284198597526E-002
   19.4918943248532      -5.932512917289050E-002  5.271966181968507E-002
   19.5505988258317      -3.402412952684020E-002  4.754041001137712E-002
   19.6093033268102      -2.828436792779108E-002 -2.304137719822536E-002
   19.6680078277886      -1.481414192071649E-002 -3.269678610656406E-002
   19.7267123287671       1.610238382123959E-002 -8.179495254387131E-002
   19.7854168297456       3.543870590205780E-002 -5.413636401870438E-002
   19.8441213307241       8.112305492881002E-002 -2.415485246103636E-002
   19.9028258317025       0.109992290063438      -7.194939867082253E-002
   19.9615303326810       5.570145265246979E-002 -0.125667291437010     
   20.0202348336595      -1.522287657396565E-004 -5.322789805818223E-002
   20.0789393346380       1.366290712741224E-002  3.858480884256617E-002
   20.1376438356164       6.904254194756697E-002  9.761906908551926E-002
   20.1963483365949       0.105375110277732       0.112403304537126     
   20.2550528375734       6.968929586405623E-002  0.115460539026589     
   20.3137573385519       4.226647022248264E-002  0.104870956017384     
   20.3724618395303       1.273208787896939E-002  7.944332045794189E-002
   20.4311663405088       8.585840222680181E-003  8.445565521859499E-002
   20.4898708414873       4.972901191105362E-003  2.707045765742339E-002
   20.5485753424658      -6.586551810318231E-002 -7.735026960788395E-003
   20.6072798434442      -5.725473534509552E-002  2.387300775217818E-002
   20.6659843444227      -2.761816189993164E-003 -2.525927479201637E-002
   20.7246888454012       6.185661325729853E-002 -2.063675077328735E-002
   20.7833933463796       0.120570983751339      -2.253145563312367E-002
   20.8420978473581       8.832899425953097E-002 -2.781167053208231E-003
   20.9008023483366       6.197133112965944E-002  8.173262164453901E-002
   20.9595068493151       2.911722965865754E-002  9.047788024119688E-002
   21.0182113502935       7.711962158414321E-003  6.677825499250220E-002
   21.0769158512720       2.367973673640068E-004  2.081658772810282E-002
   21.1356203522505      -4.245228651081810E-002 -5.248177429319693E-002
   21.1943248532290      -8.735995959675719E-002 -6.025406630651747E-002
   21.2530293542074      -6.876982671865003E-002 -1.919272909280943E-002
   21.3117338551859      -6.590808105769155E-002 -4.841113488310282E-003
   21.3704383561644      -7.277609447693818E-002  3.296362062001346E-003
   21.4291428571429      -5.630995018541730E-002  1.867536252041841E-002
   21.4878473581213      -5.720047220099382E-002  1.515005843687772E-002
   21.5465518590998      -7.152059681463328E-002 -9.758796432619626E-003
   21.6052563600783      -5.465099764669686E-002  4.471521503765966E-002
   21.6639608610568       4.001376512951190E-002  0.101375408776945     
   21.7226653620352       0.109870738032093       2.928195135927351E-002
   21.7813698630137       6.862439339827570E-002 -1.035981922496104E-002
   21.8400743639922       4.854114012992138E-002 -2.334166917492991E-002
   21.8987788649706       1.367742037162487E-002 -7.770100752045242E-002
   21.9574833659491      -2.640601586716109E-002 -6.701872041077360E-002
   22.0161878669276      -7.216812319766305E-002  7.795662435202091E-003
   22.0748923679061      -7.033700913193636E-003  5.644602888487209E-002
   22.1335968688845       2.678061340724771E-002  6.718845649950348E-003
   22.1923013698630       7.633184859631992E-003  3.400716334134613E-002
   22.2510058708415      -5.261742229465232E-002  7.611262098486304E-002
   22.3097103718200      -4.763803494521734E-002  7.019730290827783E-002
   22.3684148727984      -8.493876130269656E-002  6.787647712696251E-002
   22.4271193737769      -9.124623634294565E-002  6.029511079646685E-002
   22.4858238747554      -1.793213104504820E-002  5.689600133411995E-002
   22.5445283757339       4.059586712021829E-002  2.598514100287044E-002
   22.6032328767123       3.591269537779883E-002  3.440928728808624E-002
   22.6619373776908       2.375981732086057E-002  3.677263644130255E-002
   22.7206418786693       5.751957181361443E-002  1.187044537815448E-002
   22.7793463796478       1.288177685810224E-002 -3.252653640994880E-003
   22.8380508806262      -8.042526910901668E-003  3.381652911385867E-002
   22.8967553816047       5.600561675636215E-002  2.197293631873823E-002
   22.9554598825832       9.547450975397040E-002  5.951704124911364E-002
   23.0141643835616       8.725004930047356E-002  5.499462777467104E-002
   23.0728688845401       1.030315334916137E-002  7.894647357938371E-002
   23.1315733855186      -3.438551510762054E-002  0.110536514655285     
   23.1902778864971      -8.269861854917414E-002  6.456954172659761E-002
   23.2489823874755      -3.935799447089164E-002  4.544992840472079E-002
   23.3076868884540       2.212535170351468E-002 -2.497961790881541E-003
   23.3663913894325       8.566300902470493E-003  4.719059811086210E-003
   23.4250958904110      -7.747604335104687E-003  6.640818790829423E-004
   23.4838003913894      -1.339429153895125E-002  2.906303586375184E-002
   23.5425048923679       4.338769308063301E-002  7.972114433491381E-003
   23.6012093933464       5.189613298311396E-002 -6.286297290669367E-002
   23.6599138943249      -9.021991274018620E-003 -8.004514143085456E-002
   23.7186183953033      -7.335200236817734E-002 -2.939954487446006E-002
   23.7773228962818      -0.111755522055728      -3.584517699770820E-002
   23.8360273972603      -7.900594799602678E-002 -5.027082591198751E-002
   23.8947318982387      -3.948497716145561E-002 -7.375837203078951E-002
   23.9534363992172       3.095399571573898E-003 -7.723955143122332E-002
   24.0121409001957       3.189234294685800E-002 -3.807069774045659E-002
   24.0708454011742      -1.279666149755047E-002  3.379183308525791E-002
   24.1295499021526       3.011366905788142E-002  9.751013331592606E-002
   24.1882544031311       8.404182452510944E-002  8.055906680401065E-002
   24.2469589041096       7.595082725436909E-002  1.928879307944719E-002
   24.3056634050881       1.862226818112860E-002 -2.884179230272602E-002
   24.3643679060665       1.819408552695210E-002 -2.691220073953525E-002
   24.4230724070450       5.954558399717845E-002 -3.836180462623317E-002
   24.4817769080235       9.350598136182724E-004  1.253366668509771E-002
   24.5404814090020       6.591319010963000E-003  0.107354732304187     
   24.5991859099804      -4.163429913359981E-002  0.125108818532133     
   24.6578904109589      -0.103681569516431       7.216702946875611E-002
   24.7165949119374      -0.170823939911997       0.109719850678505     
   24.7752994129159      -9.852976906194549E-002  0.108635529435470     
   24.8340039138943      -5.954174577376892E-002  6.015715444253839E-002
   24.8927084148728      -5.515279203836720E-002  5.210834805810533E-002
   24.9514129158513      -3.823342935267312E-002  7.963415527907226E-002
   25.0101174168297      -2.332043081406131E-002  2.219425244107678E-002
   25.0688219178082      -8.972757510348903E-002 -6.525456537049412E-002
   25.1275264187867      -0.131803289864324      -4.826909436195995E-002
   25.1862309197652      -0.107996054956131       6.352366680877512E-003
   25.2449354207436      -7.988140761440575E-002  2.005316299327213E-002
   25.3036399217221      -2.187618978206969E-003  1.157514956658890E-002
   25.3623444227006       1.531192464896105E-002 -3.674994907826237E-002
   25.4210489236791       2.896762530465003E-002  6.880923387187828E-003
   25.4797534246575       1.660405723718074E-002  8.549143676841821E-002
   25.5384579256360       7.399117989406279E-002  0.101535160221180     
   25.5971624266145       2.018083917832673E-002  5.240696694920475E-002
   25.6558669275930      -9.878208587672330E-003  1.372330321007639E-002
   25.7145714285714      -1.885384071146490E-002 -4.113730046796393E-002
   25.7732759295499      -1.278956949346056E-002 -1.985479196671078E-002
   25.8319804305284      -4.059174533050683E-002 -5.399439091263503E-003
   25.8906849315069      -6.707054326888330E-002  3.244858052685543E-002
   25.9493894324853      -3.004180201752643E-002  7.672360683555554E-002
   26.0080939334638      -3.228786851966252E-002  6.107509146738953E-002
   26.0667984344423      -7.567674737167646E-002  4.107497149816770E-002
   26.1255029354207      -0.117452972873486       7.173422369174183E-002
   26.1842074363992      -0.131948985687058       0.151524143728502     
   26.2429119373777      -8.126742842589622E-002  0.211625501842893     
   26.3016164383562      -4.077040214935151E-002  0.261768089713429     
   26.3603209393346      -2.926392427713140E-002  0.233161149005713     
   26.4190254403131      -1.678210700720879E-002  0.137585964533159     
   26.4777299412916       2.746311227897148E-002  6.826364907471660E-003
   26.5364344422701       3.057794785953030E-002 -5.014176415577461E-002
   26.5951389432485       1.372477428633440E-002 -3.592158946986346E-002
   26.6538434442270       5.305283278592366E-002 -4.108383962603268E-005
   26.7125479452055       7.141005151120230E-002  4.779846881579761E-002
   26.7712524461840       7.471942273165587E-002 -3.395802412179517E-002
   26.8299569471624       2.695506010451722E-002 -0.124234450978273     
   26.8886614481409       2.935188064113526E-002 -0.158928102261550     
   26.9473659491194       1.006334397057273E-002 -0.133968642086513     
   27.0060704500978      -1.156388277545953E-002 -8.469017473647586E-002
   27.0647749510763      -7.339359500113331E-002 -9.534333507831466E-002
   27.1234794520548      -0.104605883716866      -5.052743233853504E-002
   27.1821839530333      -8.785353910072827E-002  9.052745072484254E-003
   27.2408884540117      -1.997523362147335E-002  7.611732945629436E-002
   27.2995929549902       1.306609867428333E-002  7.116850858384294E-002
   27.3582974559687      -3.311252376774566E-002  0.134560831372354     
   27.4170019569472      -5.622155494277212E-002  0.213633905524171     
   27.4757064579256      -4.939296428885905E-002  0.234755916387451     
   27.5344109589041      -9.499899177059568E-003  0.178480664968890     
   27.5931154598826      -3.100299515932019E-002  3.125434357496699E-002
   27.6518199608611       1.013596948989409E-002 -3.257584637402186E-002
   27.7105244618395       3.710928635830159E-002 -0.102605167659955     
   27.7692289628180       8.437767377997177E-002 -5.895110804220631E-002
   27.8279334637965       5.621009382610406E-002 -5.183857730046668E-002
   27.8866379647750       2.348510718739597E-003 -8.284078816702917E-002
   27.9453424657534      -3.566655502736527E-002 -7.365763229732078E-002
   28.0040469667319       8.121296833318251E-004 -3.895816465472050E-002
   28.0627514677104       1.748925720007150E-002 -4.942271344592537E-002
   28.1214559686888      -9.512052039905610E-003 -0.136770822782032     
   28.1801604696673      -6.643775297917782E-002 -0.105779878102870     
   28.2388649706458      -9.732339512296725E-002 -0.105783863391943     
   28.2975694716243      -7.874669095574838E-002 -7.195456485479232E-002
   28.3562739726027      -4.203259976571411E-002 -7.894282555753053E-002
   28.4149784735812       3.382834809140921E-002 -5.453320982590573E-002
   28.4736829745597       8.590561577224005E-002 -2.621038786337357E-002
   28.5323874755382       6.078904722221354E-002  6.560044948186546E-002
   28.5910919765166       6.085167058109937E-002  0.137862585352380     
   28.6497964774951       3.147647656116730E-002  9.689037595805856E-002
   28.7085009784736       5.270468670295435E-002  2.872923597873209E-002
   28.7672054794521       3.596611262031552E-002 -4.526830816336758E-002
   28.8259099804305       4.689254701554819E-002 -4.921113444499611E-002
   28.8846144814090       4.445860544498060E-002 -5.261383550895037E-002
   28.9433189823875       1.610235120128590E-002 -6.011369604691813E-002
   29.0020234833659       1.781324070120229E-002 -8.860450751702648E-002
   29.0607279843444      -1.395405869449650E-002 -5.639814940600416E-002
   29.1194324853229       2.043993131974677E-002  1.952991668129934E-002
   29.1781369863014      -4.964000869066563E-003  7.588940009114259E-002
   29.2368414872798      -2.709319778331438E-002  8.624947270782864E-002
   29.2955459882583      -2.460693663847438E-002  6.453320817147236E-002
   29.3542504892368      -2.064095981444113E-002  6.931541258498249E-002
   29.4129549902153      -2.445490500659411E-004  3.500308319018466E-002
   29.4716594911937       9.720853867101045E-003  2.828278798308837E-002
   29.5303639921722       1.907348681802872E-002  2.647906117908622E-002
   29.5890684931507      -4.227550690005945E-002  4.552198387268843E-002
   29.6477729941292      -8.816608819150890E-002  3.310806171512677E-002
   29.7064774951076      -8.487050178433758E-002 -3.311870156508963E-002
   29.7651819960861      -0.141092221983518      -4.223134415589352E-002
   29.8238864970646      -0.100151409673582       3.255949007855885E-002
   29.8825909980431      -0.114489333589485       7.371632672638168E-002
   29.9412954990215      -0.112089293587892       7.039317311064329E-002
   30.0000000000000      -6.319968348416090E-002  7.355827989613199E-003
