  2.000000000000000E-003 -4.029964304749113E-012
  6.070450097847359E-002 -4.593795438631841E-011
  0.119409001956947      -4.533306196204831E-010
  0.178113502935421      -3.892971674608962E-009
  0.236818003913894      -2.923422013080250E-008
  0.295522504892368      -1.928583071962178E-007
  0.354227005870842      -1.122493777870329E-006
  0.412931506849315      -5.787048047830293E-006
  0.471636007827789      -2.652455285581502E-005
  0.530340508806262      -1.084428215982173E-004
  0.589045009784736      -3.966443712299956E-004
  0.647749510763209      -1.301250348574257E-003
  0.706454011741683      -3.837001219398675E-003
  0.765158512720157      -1.018527408701096E-002
  0.823863013698630      -2.436097050572352E-002
  0.882567514677104      -5.250271985166751E-002
  0.941272015655577      -0.101850745905012     
  0.999976516634051      -0.177363885897288     
   1.05868101761252      -0.275819401805081     
   1.11738551859100      -0.379463008838833     
   1.17609001956947      -0.453958051899974     
   1.23479452054795      -0.456153137292436     
   1.29349902152642      -0.353472649306802     
   1.35220352250489      -0.148487768718541     
   1.41090802348337       0.106038270837259     
   1.46961252446184       0.317114834973189     
   1.52831702544031       0.390517319085629     
   1.58702152641879       0.283125159347762     
   1.64572602739726       3.791816062436040E-002
   1.70443052837573      -0.225743161706771     
   1.76313502935421      -0.369660183768433     
   1.82183953033268      -0.313522636141064     
   1.88054403131115      -8.500539741132856E-002
   1.93924853228963       0.190615259493701     
   1.99795303326810       0.359231548804842     
   2.05665753424658       0.325892230287358     
   2.11536203522505       0.109543571698891     
   2.17406653620352      -0.168185607670563     
   2.23277103718200      -0.352862645616706     
   2.29147553816047      -0.343956633298069     
   2.35018003913894      -0.148485397089997     
   2.40888454011742       0.126654689372215     
   2.46758904109589       0.335726640916160     
   2.52629354207436       0.372031359985670     
   2.58499804305284       0.220381721198210     
   2.64370254403131      -4.055599663626800E-002
   2.70240704500978      -0.282476331498285     
   2.76111154598826      -0.391839536776188     
   2.81981604696673      -0.321570826911371     
   2.87852054794521      -0.107487483838128     
   2.93722504892368       0.153766797858836     
   2.99592954990215       0.350808768185397     
   3.05463405088063       0.404869422332936     
   3.11333855185910       0.298648439105763     
   3.17204305283757       7.764077852831376E-002
   3.23074755381605      -0.172672550290314     
   3.28945205479452      -0.361661009255936     
   3.34815655577299      -0.425916178189216     
   3.40686105675147      -0.348128800819759     
   3.46556555772994      -0.158154546144748     
   3.52427005870842       8.123479817011933E-002
   3.58297455968689       0.296891023791060     
   3.64167906066536       0.427832514052253     
   3.70038356164384       0.441123559462932     
   3.75908806262231       0.337708973603816     
   3.81779256360078       0.148357742866997     
   3.87649706457926      -7.745255849404444E-002
   3.93520156555773      -0.285602517881431     
   3.99390606653620      -0.430355189764207     
   4.05261056751468      -0.483454411082246     
   4.11131506849315      -0.437968409767035     
   4.17001956947162      -0.307041773153254     
   4.22872407045010      -0.118803887207263     
   4.28742857142857       9.078244342669289E-002
   4.34613307240704       0.285332069548183     
   4.40483757338552       0.434270120879002     
   4.46354207436399       0.517005611450799     
   4.52224657534247       0.524749034923764     
   4.58095107632094       0.460163329456736     
   4.63965557729941       0.335361218780312     
   4.69836007827789       0.168909641813279     
   4.75706457925636      -1.750168676839310E-002
   4.81576908023483      -0.202180663684036     
   4.87447358121331      -0.365961848169055     
   4.93317808219178      -0.493943039775372     
   4.99188258317025      -0.576387751909956     
   5.05058708414873      -0.608873154416258     
   5.10929158512720      -0.591839393335719     
   5.16799608610568      -0.529730164566385     
   5.22670058708415      -0.429914101379202     
   5.28540508806262      -0.301552417728729     
   5.34410958904110      -0.154540797443392     
   5.40281409001957       1.388363934962887E-003
   5.46151859099804       0.157356981806944     
   5.52022309197652       0.305812601990897     
   5.57892759295499       0.440792172562630     
   5.63763209393346       0.558006952850318     
   5.69633659491194       0.654786015158161     
   5.75504109589041       0.729918279460858     
   5.81374559686888       0.783430925563569     
   5.87245009784736       0.816337003258768     
   5.93115459882583       0.830378531756086     
   5.98985909980431       0.827784455249491     
   6.04856360078278       0.811056283933694     
   6.10726810176125       0.782788581847726     
   6.16597260273973       0.745526900941166     
   6.22467710371820       0.701662355966832     
   6.28338160469667       0.653359712706758     
   6.34208610567515       0.602514473707208     
   6.40079060665362       0.550733808239751     
   6.45949510763209       0.499336099020496     
   6.51819960861057       0.449364194110153     
   6.57690410958904       0.401608010338628     
   6.63560861056752       0.356632816085169     
   6.69431311154599       0.314810237445352     
   6.75301761252446       0.276349720769018     
   6.81172211350294       0.241328807019736     
   6.87042661448141       0.209721108188681     
   6.92913111545988       0.181421315376615     
   6.98783561643836       0.156266913834153     
   7.04654011741683       0.134056539944909     
   7.10524461839530       0.114565099930419     
   7.16394911937378       9.755589241305355E-002
   7.22265362035225       8.279004935880810E-002
   7.28135812133072       7.003364391735967E-002
   7.34006262230920       5.906281947709800E-002
   7.39876712328767       4.966728044609012E-002
   7.45747162426615       4.165245881234415E-002
   7.51617612524462       3.484063685382395E-002
   7.57488062622309       2.907126952790520E-002
   7.63358512720157       2.420071298631224E-002
   7.69228962818004       2.010153030854890E-002
   7.75099412915851       1.666151315593946E-002
   7.80969863013699       1.378252928698896E-002
   7.86840313111546       1.137928099779204E-002
   7.92710763209393       9.378038525836723E-003
   7.98581213307241       7.715395060126468E-003
   8.04451663405088       6.337075900627082E-003
   8.10322113502936       5.196823114677225E-003
   8.16192563600783       4.255368339817927E-003
   8.22063013698630       3.479499784885604E-003
   8.27933463796478       2.841224615473694E-003
   8.33803913894325       2.317024444873495E-003
   8.39674363992172       1.887199298073516E-003
   8.45544814090020       1.535293927408793E-003
   8.51415264187867       1.247599527525305E-003
   8.57285714285714       1.012723555016283E-003
   8.63156164383562       8.212203678250136E-004
   8.69026614481409       6.652756531642292E-004
   8.74897064579256       5.384380262345024E-004
   8.80767514677104       4.353916913986167E-004
   8.86637964774951       3.517646149824052E-004
   8.92508414872799       2.839672299262171E-004
   8.98378864970646       2.290572528486979E-004
   9.04249315068493       1.846267274708922E-004
   9.10119765166341       1.487079046580790E-004
   9.15990215264188       1.196950229978024E-004
   9.21860665362035       9.627946259002562E-005
   9.27731115459883       7.739610866415866E-005
   9.33601565557730       6.217908242962229E-005
   9.39472015655577       4.992527689694757E-005
   9.45342465753425       4.006437854694072E-005
   9.51212915851272       3.213426522293220E-005
   9.57083365949119       2.576085007692145E-005
   9.62953816046967       2.064159431948881E-005
   9.68824266144814       1.653204121669375E-005
   9.74694716242662       1.323483330349908E-005
   9.80565166340509       1.059076691947140E-005
   9.86435616438356       8.471515404498149E-006
   9.92306066536204       6.773716819925918E-006
   9.98176516634051       5.414175811645128E-006
   10.0404696673190       4.325973881623992E-006
   10.0991741682975       3.455319328725451E-006
   10.1578786692759       2.758998697616223E-006
   10.2165831702544       2.202316792725478E-006
   10.2752876712329       1.757433068765298E-006
   10.3339921722114       1.402019257114886E-006
   10.3926966731898       1.118177064914577E-006
   10.4514011741683       8.915662243709691E-007
   10.5101056751468       7.107025189479023E-007
   10.5688101761252       5.663930416198774E-007
   10.6275146771037       4.512821560273347E-007
   10.6862191780822       3.594866890723916E-007
   10.7449236790607       2.863029937503250E-007
   10.8036281800391       2.279718573162967E-007
   10.8623326810176       1.814899349131712E-007
   10.9210371819961       1.444585796382957E-007
   10.9797416829746       1.149627126439923E-007
   11.0384461839530       9.147380971461614E-008
   11.0971506849315       7.277223791530894E-008
   11.1558551859100       5.788510960510813E-008
   11.2145596868885       4.603657388394569E-008
   11.2732641878669       3.660807198420776E-008
   11.3319686888454       2.910657130892432E-008
   11.3906731898239       2.313918554185181E-008
   11.4493776908024       1.839290396806836E-008
   11.5080821917808       1.461840678693918E-008
   11.5667866927593       1.161714685241611E-008
   11.6254911937378       9.231041696933132E-009
   11.6841956947162       7.334250760567329E-009
   11.7429001956947       5.826617807911720E-009
   11.8016046966732       4.628442688891063E-009
   11.8603091976517       3.676314007049055E-009
   11.9190136986301       2.919788214920130E-009
   11.9777181996086       2.318743826532741E-009
   12.0364227005871       1.841273963666920E-009
   12.0951272015656       1.462008055085148E-009
   12.1538317025440       1.160775566834103E-009
   12.2125362035225       9.215422639657635E-010
   12.2712407045010       7.315635771612230E-010
   12.3299452054795       5.807108828810689E-010
   12.3886497064579       4.609354723250367E-010
   12.4473542074364       3.658421385583242E-010
   12.5060587084149       2.903500174349504E-010
   12.5647632093933       2.304228681805092E-010
   12.6234677103718       1.828546069476085E-010
   12.6821722113503       1.450987977474880E-010
   12.7408767123288       1.151331088219328E-010
   12.7995812133072       9.135157769137313E-011
   12.8582857142857       7.247898975555143E-011
   12.9169902152642       5.750283921911844E-011
   12.9756947162427       4.561926773413700E-011
   13.0343992172211       3.619011372656843E-011
   13.0931037181996       2.870879236557596E-011
   13.1518082191781       2.277319320479906E-011
   13.2105127201566       1.806415411144692E-011
   13.2692172211350       1.432836567491453E-011
   13.3279217221135       1.136479536436095E-011
   13.3866262230920       9.013907639724771E-012
   13.4453307240705       7.149104851616083E-012
   13.5040352250489       5.669931925343089E-012
   13.5627397260274       4.496681747952171E-012
   13.6214442270059       3.566112826606906E-012
   13.6801487279843       2.828050110234171E-012
   13.7388532289628       2.242687005286933E-012
   13.7975577299413       1.778444069345101E-012
   13.8562622309198       1.410269620313815E-012
   13.9149667318982       1.118291134430134E-012
   13.9736712328767       8.867450796031017E-013
   14.0323757338552       7.031277406488815E-013
   14.0910802348337       5.575214337247622E-013
   14.1497847358121       4.420599097616358E-013
   14.2084892367906       3.505042124349498E-013
   14.2671937377691       2.779061836876110E-013
   14.3258982387476       2.203415156320341E-013
   14.3846027397260       1.746979833374517E-013
   14.4433072407045       1.385074583545641E-013
   14.5020117416830       1.098126565417297E-013
   14.5607162426614       8.706144187688971E-014
   14.6194207436399       6.902299056204255E-014
   14.6781252446184       5.472129633585167E-014
   14.7368297455969       4.338243161586583E-014
   14.7955342465753       3.439272000230760E-014
   14.8542387475538       2.726556357044121E-014
   14.9129432485323       2.161513483744643E-014
   14.9716477495108       1.713551337955079E-014
   15.0303522504892       1.358414069278031E-014
   15.0890567514677       1.076869982789768E-014
   15.1477612524462       8.536711120036060E-015
   15.2064657534247       6.767281922452366E-015
   15.2651702544031       5.364564534630561E-015
   15.3238747553816       4.252568750787920E-015
   15.3825792563601       3.371048615334117E-015
   15.4412837573386       2.672241000099671E-015
   15.4999882583170       2.118279642656728E-015
   15.5586927592955       1.679144787823319E-015
   15.6173972602740       1.331037524547303E-015
   15.6761017612524       1.055090869875823E-015
   15.7348062622309       8.363478597828336E-016
   15.7935107632094       6.629513461918272E-016
   15.8522152641879       5.255016502838582E-016
   15.9109197651663       4.165473025596639E-016
   15.9696242661448       3.301813006527592E-016
   16.0283287671233       2.617210256201965E-016
   16.0870332681018       2.074544849330546E-016
   16.1457377690802       1.644391403686469E-016
   16.2044422700587       1.303424255509632E-016
   16.2631467710372       1.033153149102963E-016
   16.3218512720157       8.189209539601492E-017
   16.3805557729941       6.491091117332448E-017
   16.4392602739726       5.145077652223179E-017
   16.4979647749511       4.078164410206999E-017
   16.5566692759296       3.232482291228252E-017
   16.6153737769080       2.562160094131994E-017
   16.6740782778865       2.030837199651572E-017
   16.7327827788650       1.609691861096757E-017
   16.7914872798434       1.275878230731426E-017
   16.8501917808219       1.011287399026827E-017
   16.9088962818004       8.015652833757685E-018
   16.9676007827789       6.353341234153913E-018
   17.0263052837573       5.035753757943337E-018
   17.0850097847358       3.991405498033710E-018
   17.1437142857143       3.163634606979499E-018
   17.2024187866928       2.507528755109356E-018
   17.2611232876712       1.987488845733409E-018
   17.3198277886497       1.575297869920146E-018
   17.3785322896282       1.248590172041371E-018
   17.4372367906067       9.896381086781807E-019
   17.4959412915851       7.843902942738133E-019
   17.5546457925636       6.217092699472960E-019
   17.6133502935421       4.927672466694095E-019
   17.6720547945205       3.905671467927718E-019
   17.7307592954990       3.095629634666481E-019
   17.7894637964775       2.453588441688920E-019
   17.8481682974560       1.944705745050967E-019
   17.9068727984344       1.541365230755166E-019
   17.9655772994129       1.221677911177595E-019
   18.0242818003914       9.682943728131186E-020
   18.0829863013699       7.674633360144425E-020
   18.1416908023483       6.082854493273195E-020
   18.2003953033268       4.821218324108686E-020
   18.2590998043053       3.821252768071783E-020
   18.3178043052838       3.028686683187851E-020
   18.3765088062622       2.400504694038528E-020
   18.4352133072407       1.902612809068757E-020
   18.4939178082192       1.507988163936735E-020
   18.5526223091977       1.195212491170531E-020
   18.6113268101761       9.473097369582486E-021
   18.6700313111546       7.508247489285195E-021
   18.7287358121331       5.950930395521044E-021
   18.7874403131115       4.716619979662130E-021
   18.8461448140900       3.738321410851793E-021
   18.9048493150685       2.962935086816523E-021
   18.9635538160470       2.348374701068615E-021
   19.0222583170254       1.861283025953882E-021
   19.0809628180039       1.475221447049976E-021
   19.1396673189824       1.169234993717862E-021
   19.1983718199609       9.267149881252713E-022
   19.2570763209393       7.344975865162298E-022
   19.3157808219178       5.821492882989636E-022
   19.3744853228963       4.614006353379159E-022
   19.4331898238748       3.656973662683500E-022
   19.4918943248532       2.898446651287716E-022
   19.5505988258317       2.297251960433083E-022
   19.6093033268102       1.820756202618621E-022
   19.6680078277886       1.443094658999329E-022
   19.7267123287671       1.143767364605964E-022
   19.7854168297456       9.065263819594945E-023
   19.8441213307241       7.184938678636331E-023
   19.9028258317025       5.694630645347410E-023
   19.9615303326810       4.513442745869359E-023
   20.0202348336595       3.577257485632675E-023
   20.0789393346380       2.835256507656212E-023
   20.1376438356164       2.247162125928950E-023
   20.1963483365949       1.781051007444932E-023
   20.2550528375734       1.411621331392340E-023
   20.3137573385519       1.118819367862255E-023
   20.3724618395303       8.867509271582516E-024
   20.4311663405088       7.028185932003089E-024
   20.4898708414873       5.570379098540296E-024
   20.5485753424658       4.414954024588589E-024
   20.6072798434442       3.499190155842625E-024
   20.6659843444227       2.773376499801202E-024
   20.7246888454012       2.198113180011758E-024
   20.7833933463796       1.742172699818820E-024
   20.8420978473581       1.380804821738269E-024
   20.9008023483366       1.094393048401275E-024
   20.9595068493151       8.673897763063775E-025
   21.0182113502935       6.874723203244011E-025
   21.0769158512720       5.448739960834930E-025
   21.1356203522505       4.318539497878649E-025
   21.1943248532290       3.422769564865914E-025
   21.2530293542074       2.712803771140841E-025
   21.3117338551859       2.150101957903662E-025
   21.3704383561644       1.704118087051924E-025
   21.4291428571429       1.350642079615958E-025
   21.4878473581213       1.070485593461299E-025
   21.5465518590998       8.484403999049713E-026
   21.6052563600783       6.724528163486374E-026
   21.6639608610568       5.329693802073647E-026
   21.7226653620352       4.224182449281139E-026
   21.7813698630137       3.347981463316961E-026
   21.8400743639922       2.653526267924002E-026
   21.8987788649706       2.103118328631113E-026
   21.9574833659491       1.666878700833133E-026
   22.0161878669276       1.321126059894336E-026
   22.0748923679061       1.047091165966343E-026
   22.1335968688845       8.298979791946096E-027
   22.1923013698630       6.577561158329712E-027
   22.2510058708415       5.213208082278941E-027
   22.3097103718200       4.131856244388740E-027
   22.3684148727984       3.274804100149054E-027
   22.4271193737769       2.595526263581782E-027
   22.4858238747554       2.057147872369113E-027
   22.5445283757339       1.630442831107136E-027
   22.6032328767123       1.292247267779283E-027
   22.6619373776908       1.024202078217585E-027
   22.7206418786693       8.117562977381979E-028
   22.7793463796478       6.433771980592756E-028
   22.8380508806262       5.099242296390352E-028
   22.8967553816047       4.041528238863659E-028
   22.9554598825832       3.203211191208059E-028
   23.0141643835616       2.538782613631456E-028
   23.0728688845401       2.012173593237258E-028
   23.1315733855186       1.594796827075905E-028
   23.1902778864971       1.263994747011378E-028
   23.2489823874755       1.001809542485512E-028
   23.3076868884540       7.940083115298156E-029
   23.3663913894325       6.293104200485561E-029
   23.4250958904110       4.987751263126504E-029
   23.4838003913894       3.953162276362239E-029
   23.5425048923679       3.133173816399238E-029
   23.6012093933464       2.483272196544653E-029
   23.6599138943249       1.968177013596133E-029
   23.7186183953033       1.559925928268195E-029
   23.7773228962818       1.236356711014207E-029
   23.8360273972603       9.799041503198758E-030
   23.8947318982387       7.766465129872001E-030
   23.9534363992172       6.155497929739666E-030
   24.0121409001957       4.878687223996912E-030
   24.0708454011742       3.866720282432203E-030
   24.1295499021526       3.064661629993423E-030
   24.1882544031311       2.428970832753369E-030
   24.2469589041096       1.925138871845957E-030
   24.3056634050881       1.525814794360736E-030
   24.3643679060665       1.209320945162587E-030
   24.4230724070450       9.584761779634449E-031
   24.4817769080235       7.596631628232036E-031
   24.5404814090020       6.020891581927650E-031
   24.5991859099804       4.772001179651514E-031
   24.6578904109589       3.782163278968399E-031
   24.7165949119374       2.997643630695196E-031
   24.7752994129159       2.375853869182189E-031
   24.8340039138943       1.883039566105453E-031
   24.8927084148728       1.492447841930624E-031
   24.9514129158513       1.182875062365667E-031
   25.0101174168297       9.375157803214490E-032
   25.0688219178082       7.430504372474363E-032
   25.1275264187867       5.889222989505981E-032
   25.1862309197652       4.667643737504027E-032
   25.2449354207436       3.699452027361991E-032
   25.3036399217221       2.932088649614018E-032
   25.3623444227006       2.323896549459405E-032
   25.4210489236791       1.841859435063489E-032
   25.4797534246575       1.459809457501749E-032
   25.5384579256360       1.157006664666988E-032
   25.5971624266145       9.170131135292144E-033
   25.6558669275930       7.268005209221662E-033
   25.7145714285714       5.760430108736439E-033
   25.7732759295499       4.565565646259114E-033
   25.8319804305284       3.618547433782864E-033
   25.8906849315069       2.867965657524935E-033
   25.9493894324853       2.273074246839916E-033
   26.0080939334638       1.801578934531342E-033
   26.0667984344423       1.427884131354532E-033
   26.1255029354207       1.131703444647871E-033
   26.1842074363992       8.969584117884080E-034
   26.2429119373777       7.109056651759032E-034
   26.3016164383562       5.634451460677015E-034
   26.3603209393346       4.465718129931491E-034
   26.4190254403131       3.539410802140517E-034
   26.4777299412916       2.805243956412361E-034
   26.5364344422701       2.223362609221345E-034
   26.5951389432485       1.762178747214486E-034
   26.6538434442270       1.396656540604584E-034
   26.7125479452055       1.106953248292370E-034
   26.7712524461840       8.773420349272353E-035
   26.8299569471624       6.953582239776906E-035
   26.8886614481409       5.511226403229246E-035
   26.9473659491194       4.368053093529904E-035
   27.0060704500978       3.462003989557127E-035
   27.0647749510763       2.743893296959522E-035
   27.1234794520548       2.174737647906123E-035
   27.1821839530333       1.723639849753003E-035
   27.2408884540117       1.366111599822235E-035
   27.2995929549902       1.082744113196191E-035
   27.3582974559687       8.581544972320595E-036
   27.4170019569472       6.801506756852478E-036
   27.4757064579256       5.390695295127015E-036
   27.5344109589041       4.272523246664761E-036
   27.5931154598826       3.386289499496744E-036
   27.6518199608611       2.683883948685191E-036
   27.7105244618395       2.127175790397537E-036
   27.7692289628180       1.685943552444612E-036
   27.8279334637965       1.336234490903952E-036
   27.8866379647750       1.059064291017221E-036
   27.9453424657534       8.393864843105388E-037
   28.0040469667319       6.652756357032120E-037
   28.0627514677104       5.272799590892287E-037
   28.1214559686888       4.179082174724668E-037
   28.1801604696673       3.312230535078171E-037
   28.2388649706458       2.625186739841880E-037
   28.2975694716243       2.080653910232017E-037
   28.3562739726027       1.649071521529025E-037
   28.4149784735812       1.307010679701065E-037
   28.4736829745597       1.035902259869970E-037
   28.5323874755382       8.210288623187818E-038
   28.5910919765166       6.507258633430905E-038
   28.6497964774951       5.157481891762132E-038
   28.7085009784736       4.087684376624153E-038
   28.7672054794521       3.239791027005148E-038
   28.8259099804305       2.567773078042591E-038
   28.8846144814090       2.035149342180076E-038
   28.9433189823875       1.613005790364100E-038
   29.0020234833659       1.278425924215411E-038
   29.0607279843444       1.013246730318131E-038
   29.1194324853229       8.030726823283446E-039
   29.1781369863014       6.364942649942123E-039
   29.2368414872798       5.044685968612589E-039
   29.2955459882583       3.998285281296820E-039
   29.3542504892368       3.168935645363943E-039
   29.4129549902153       2.511614958643349E-039
   29.4716594911937       1.990639888154697E-039
   29.5303639921722       1.577728763549970E-039
   29.5890684931507       1.250466277443495E-039
   29.6477729941292       9.910866473060740E-040
   29.7064774951076       7.855091816123454E-040
   29.7651819960861       6.225738949566509E-040
   29.8238864970646       4.934356767146978E-040
   29.8825909980431       3.910841250731686E-040
   29.9412954990215       3.099629801213934E-040
   30.0000000000000       2.456684965383508E-040
