  2.000000000000000E-003  1.128556320295549E-015
  6.070450097847359E-002  1.437101371800896E-014
  0.119409001956947       1.594653980814969E-013
  0.178113502935421       1.550724691541281E-012
  0.236818003913894       1.328813453061671E-011
  0.295522504892368       1.008621288720542E-010
  0.354227005870842       6.815640412236227E-010
  0.412931506849315       4.119922540498920E-009
  0.471636007827789       2.238093466380967E-008
  0.530340508806262       1.097473960550088E-007
  0.589045009784736       4.878402754594486E-007
  0.647749510763209       1.973753497319238E-006
  0.706454011741683       7.296782367902505E-006
  0.765158512720157       2.474084233358683E-005
  0.823863013698630       7.721407292727058E-005
  0.882567514677104       2.225703404775764E-004
  0.941272015655577       5.945046574385135E-004
  0.999976516634051       1.476146823632140E-003
   1.05868101761252       3.417454108246412E-003
   1.11738551859100       7.398315737671963E-003
   1.17609001956947       1.501848728101086E-002
   1.23479452054795       2.866413796872425E-002
   1.29349902152642       5.156788267946205E-002
   1.35220352250489       8.766170612938139E-002
   1.41090802348337       0.141139720691882     
   1.46961252446184       0.215711681110272     
   1.52831702544031       0.313631084195130     
   1.58702152641879       0.434693130349182     
   1.64572602739726       0.575472770267296     
   1.70443052837573       0.729070611582632     
   1.76313502935421       0.885538774458533     
   1.82183953033268        1.03299067722752     
   1.88054403131115        1.15921061611392     
   1.93924853228963        1.25343455726099     
   1.99795303326810        1.30792177047381     
   2.05665753424658        1.31899292280853     
   2.11536203522505        1.28735130112325     
   2.17406653620352        1.21768103167681     
   2.23277103718200        1.11767481691579     
   2.29147553816047       0.996742855555660     
   2.35018003913894       0.864678098273969     
   2.40888454011742       0.730509609527158     
   2.46758904109589       0.601690968812379     
   2.52629354207436       0.483674708108737     
   2.58499804305284       0.379841968145173     
   2.64370254403131       0.291703378121314     
   2.70240704500978       0.219265759346469     
   2.76111154598826       0.161464219070262     
   2.81981604696673       0.116580851612093     
   2.87852054794521       8.259954230455960E-002
   2.93722504892368       5.747340643037094E-002
   2.99592954990215       3.930252565332369E-002
   3.05463405088063       2.643322082457896E-002
   3.11333855185910       1.749664509079880E-002
   3.17204305283757       1.140567921934627E-002
   3.23074755381605       7.326961886799141E-003
   3.28945205479452       4.641159427623202E-003
   3.34815655577299       2.900556192025415E-003
   3.40686105675147       1.789494382379713E-003
   3.46556555772994       1.090449748297152E-003
   3.52427005870842       6.566434777376458E-004
   3.58297455968689       3.909448260634096E-004
   3.64167906066536       2.302329793872146E-004
   3.70038356164384       1.341781315945945E-004
   3.75908806262231       7.741870366980997E-005
   3.81779256360078       4.424253789398606E-005
   3.87649706457926       2.505167286053827E-005
   3.93520156555773       1.406052171451035E-005
   3.99390606653620       7.825151151183360E-006
   4.05261056751468       4.319790251415910E-006
   4.11131506849315       2.366229951017666E-006
   4.17001956947162       1.286516327511944E-006
   4.22872407045010       6.944990388435105E-007
   4.28742857142857       3.723525808786558E-007
   4.34613307240704       1.983291398164125E-007
   4.40483757338552       1.049750531404704E-007
   4.46354207436399       5.522887349283692E-008
   4.52224657534247       2.888917802844490E-008
   4.58095107632094       1.502785612766204E-008
   4.63965557729941       7.775912030797421E-009
   4.69836007827789       4.003073979701611E-009
   4.75706457925636       2.050762697676555E-009
   4.81576908023483       1.045693665064773E-009
   4.87447358121331       5.308171511318307E-010
   4.93317808219178       2.682980178563273E-010
   4.99188258317025       1.350514766100342E-010
   5.05058708414873       6.771184906822864E-011
   5.10929158512720       3.382084977768623E-011
   5.16799608610568       1.683166053168681E-011
   5.22670058708415       8.347516778058958E-012
   5.28540508806262       4.126084403090206E-012
   5.34410958904110       2.032962536102213E-012
   5.40281409001957       9.985932177194514E-013
   5.46151859099804       4.890699121207386E-013
   5.52022309197652       2.388521871455979E-013
   5.57892759295499       1.163359932105745E-013
   5.63763209393346       5.651635532018839E-014
   5.69633659491194       2.738772195140528E-014
   5.75504109589041       1.324048878849133E-014
   5.81374559686888       6.386475486240314E-015
   5.87245009784736       3.073750510180169E-015
   5.93115459882583       1.476268735841587E-015
   5.98985909980431       7.076025022424395E-016
   6.04856360078278       3.385139352558653E-016
   6.10726810176125       1.616447586010440E-016
   6.16597260273973       7.705091191912515E-017
   6.22467710371820       3.666543506641513E-017
   6.28338160469667       1.741924435571767E-017
   6.34208610567515       8.262746574889898E-018
   6.40079060665362       3.913544168682835E-018
   6.45949510763209       1.850945387071009E-018
   6.51819960861057       8.742190966751577E-019
   6.57690410958904       4.123585338260156E-019
   6.63560861056752       1.942590991550600E-019
   6.69431311154599       9.140335411919416E-020
   6.75301761252446       4.295750284226105E-020
   6.81172211350294       2.016661038069143E-020
   6.87042661448141       9.457225921927191E-021
   6.92913111545988       4.430479780032885E-021
   6.98783561643836       2.073539258719040E-021
   7.04654011741683       9.695403409116023E-022
   7.10524461839530       4.529273065487674E-022
   7.16394911937378       2.114055119267185E-022
   7.22265362035225       9.859270941922172E-023
   7.28135812133072       4.594400607813419E-023
   7.34006262230920       2.139354420260423E-023
   7.39876712328767       9.954514893673376E-024
   7.45747162426615       4.628646841468922E-024
   7.51617612524462       2.150785659453289E-024
   7.57488062622309       9.987605883915693E-025
   7.63358512720157       4.635092213829982E-025
   7.69228962818004       2.149805356112387E-025
   7.75099412915851       9.965389688393272E-026
   7.80969863013699       4.616937340542937E-026
   7.86840313111546       2.137902859964050E-026
   7.92710763209393       9.894767423169075E-027
   7.98581213307241       4.577367713622815E-027
   8.04451663405088       2.116543441029845E-027
   8.10322113502936       9.782457573499511E-028
   8.16192563600783       4.519454823593958E-028
   8.22063013698630       2.087127487690700E-028
   8.27933463796478       9.634828899280213E-029
   8.33803913894325       4.446088311149834E-029
   8.39674363992172       2.050963224791284E-029
   8.45544814090020       9.457791981344770E-030
   8.51415264187867       4.359933441462950E-030
   8.57285714285714       2.009250319842247E-030
   8.63156164383562       9.256737386197427E-031
   8.69026614481409       4.263408454849478E-031
   8.74897064579256       1.963071928038959E-031
   8.80767514677104       9.036509505843937E-032
   8.86637964774951       4.158676932941720E-032
   8.92508414872799       1.913393028503930E-032
   8.98378864970646       8.801406630924588E-033
   9.04249315068493       4.047651048250920E-033
   9.10119765166341       1.861063251097945E-033
   9.15990215264188       8.555199442110655E-034
   9.21860665362035       3.932002318368366E-034
   9.27731115459883       1.806822738432738E-034
   9.33601565557730       8.301161673377179E-035
   9.39472015655577       3.813177193256733E-035
   9.45342465753425       1.751309904419437E-035
   9.51212915851272       8.042108110556099E-036
   9.57083365949119       3.692415428301650E-036
   9.62953816046967       1.695070225729192E-036
   9.68824266144814       7.780436295090802E-037
   9.74694716242662       3.570769722867105E-037
   9.80565166340509       1.638565431917551E-037
   9.86435616438356       7.518169297510752E-038
   9.92306066536204       3.449125533905497E-038
   9.98176516634051       1.582182645096478E-038
   10.0404696673190       7.256997720113789E-039
   10.0991741682975       3.328220314505839E-039
   10.1578786692759       1.526243165315086E-039
   10.2165831702544       6.998319706675388E-040
   10.2752876712329       3.208661689697515E-040
   10.3339921722114       1.471010708871641E-040
   10.3926966731898       6.743278205705898E-041
   10.4514011741683       3.090944279052127E-041
   10.5101056751468       1.416698989531868E-041
   10.5688101761252       6.492795079920157E-042
   10.6275146771037       2.975465019965176E-042
   10.6862191780822       1.363478592614333E-042
   10.7449236790607       6.247601903025164E-043
   10.8036281800391       2.862536948007733E-043
   10.8623326810176       1.311483134033321E-043
   10.9210371819961       6.008267457314548E-044
   10.9797416829746       2.752401460939073E-044
   11.0384461839530       1.260814724821897E-044
   11.0971506849315       5.775222060021250E-045
   11.1558551859100       2.645239138727644E-045
   11.2145596868885       1.211548779803678E-045
   11.2732641878669       5.548778917653488E-046
   11.3319686888454       2.541179219603008E-046
   11.3906731898239       1.163738219674032E-046
   11.4493776908024       5.329152747342019E-047
   11.5080821917808       2.440307846757543E-047
   11.5667866927593       1.117417120924721E-047
   11.6254911937378       5.116475921646729E-048
   11.6841956947162       2.342675205701040E-048
   11.7429001956947       1.072603869442221E-048
   11.8016046966732       4.910812395271633E-049
   11.8603091976517       2.248301671383647E-049
   11.9190136986301       1.029303872467057E-049
   11.9777181996086       4.712169663901820E-050
   12.0364227005871       2.157183079221654E-050
   12.0951272015656       9.875118808333570E-051
   12.1538317025440       4.520508990757974E-051
   12.2125362035225       2.069295226691182E-051
   12.2712407045010       9.472139696821468E-052
   12.3299452054795       4.335754118208980E-052
   12.3886497064579       1.984597703337445E-052
   12.4473542074364       9.083892216303868E-053
   12.5060587084149       4.157798661849262E-053
   12.5647632093933       1.903037137683666E-053
   12.6234677103718       8.710111520072979E-054
   12.6821722113503       3.986512364169401E-054
   12.7408767123288       1.824549940157896E-054
   12.7995812133072       8.350489114628722E-055
   12.8582857142857       3.821746365204562E-055
   12.9169902152642       1.749064612138218E-055
   12.9756947162427       8.004682971454823E-056
   13.0343992172211       3.663337628895927E-056
   13.0931037181996       1.676503682765935E-056
   13.1518082191781       7.672325998254736E-057
   13.2105127201566       3.511112646655312E-057
   13.2692172211350       1.606785327408655E-057
   13.3279217221135       7.353033108474636E-058
   13.3866262230920       3.364890523936793E-058
   13.4453307240705       1.539824714620932E-058
   13.5040352250489       7.046407096449937E-059
   13.5627397260274       3.224485541531731E-059
   13.6214442270059       1.475535122156089E-059
   13.6801487279843       6.752043497408149E-060
   13.7388532289628       3.089709270770930E-060
   13.7975577299413       1.413828856999126E-060
   13.8562622309198       6.469534586711666E-061
   13.9149667318982       2.960372310769486E-061
   13.9736712328767       1.354618009480712E-061
   14.0323757338552       6.198472650916469E-062
   14.0910802348337       2.836285706163885E-062
   14.1497847358121       1.297815067234130E-062
   14.2084892367906       5.938452644162404E-063
   14.2671937377691       2.717262095349948E-063
   14.3258982387476       1.243333411021545E-063
   14.3846027397260       5.689074326885412E-064
   14.4433072407045       2.603116631917939E-064
   14.5020117416830       1.191087711218756E-064
   14.5607162426614       5.449943969518935E-065
   14.6194207436399       2.493667715648471E-065
   14.6781252446184       1.140994240952765E-065
   14.7368297455969       5.220675691519421E-066
   14.7955342465753       2.388737563995743E-066
   14.8542387475538       1.092971119485978E-066
   14.9129432485323       5.000892495458472E-067
   14.9716477495108       2.288152650303667E-067
   15.0303522504892       1.046938497377242E-067
   15.0890567514677       4.790227046822993E-068
   15.1477612524462       2.191744030999756E-068
   15.2064657534247       1.002818693187252E-068
   15.2651702544031       4.588322242412306E-069
   15.3238747553816       2.099347580589538E-069
   15.3825792563601       9.605362899892754E-070
   15.4412837573386       4.394831603572299E-070
   15.4999882583170       2.010804150352780E-070
   15.5586927592955       9.200181986605284E-071
   15.6173972602740       4.209419524870147E-071
   15.6761017612524       1.925959664161785E-071
   15.7348062622309       8.811936938385623E-072
   15.7935107632094       4.031761403996555E-072
   15.8522152641879       1.844665162724434E-072
   15.9109197651663       8.439944274953999E-073
   15.9696242661448       3.861543674604879E-073
   16.0283287671233       1.766776805762974E-073
   16.0870332681018       8.083544242966459E-074
   16.1457377690802       3.698463760332223E-074
   16.2044422700587       1.692155840117135E-074
   16.2631467710372       7.742100622415214E-075
   16.3218512720157       3.542229965306352E-075
   16.3805557729941       1.620668540470567E-075
   16.4392602739726       7.415000415159079E-076
   16.4979647749511       3.392561313967695E-076
   16.5566692759296       1.552186128308225E-076
   16.6153737769080       7.101653440104211E-077
   16.6740782778865       3.249187350918966E-077
   16.7327827788650       1.486584673792225E-077
   16.7914872798434       6.801491855510195E-078
   16.8501917808219       3.111847909758309E-078
   16.9088962818004       1.423744984461829E-078
   16.9676007827789       6.513969625487285E-079
   17.0263052837573       2.980292858333595E-079
   17.0850097847358       1.363552484008096E-079
   17.1437142857143       6.238561944856768E-080
   17.2024187866928       2.854281826607433E-080
   17.2611232876712       1.305897083819422E-080
   17.3198277886497       5.974764634126299E-081
   17.3785322896282       2.733583922249978E-081
   17.4372367906067       1.250673049526001E-081
   17.4959412915851       5.722093514286266E-082
   17.5546457925636       2.617977438179818E-082
   17.6133502935421       1.197778864381102E-082
   17.6720547945205       5.480083769406202E-083
   17.7307592954990       2.507249555527020E-083
   17.7894637964775       1.147117090984970E-083
   17.8481682974560       5.248289303576261E-084
   17.9068727984344       2.401196044848987E-084
   17.9655772994129       1.098594232580357E-084
   18.0242818003914       5.026282097515106E-085
   18.0829863013699       2.299620967908957E-085
   18.1416908023483       1.052120594919093E-085
   18.2003953033268       4.813651569155880E-086
   18.2590998043053       2.202336381876797E-086
   18.3178043052838       1.007610149499103E-086
   18.3765088062622       4.610003941670479E-087
   18.4352133072407       2.109162047439330E-087
   18.4939178082192       9.649803988150671E-088
   18.5526223091977       4.414961621676275E-088
   18.6113268101761       2.019925142000366E-088
   18.6700313111546       9.241522441246859E-089
   18.7287358121331       4.228162589781347E-089
   18.7874403131115       1.934459978887150E-089
   18.8461448140900       8.850498561219169E-090
   18.9048493150685       4.049259805129435E-090
   18.9635538160470       1.852607733267001E-090
   19.0222583170254       8.476005488154386E-091
   19.0809628180039       3.877920625190263E-091
   19.1396673189824       1.774216175298769E-091
   19.1983718199609       8.117346568286414E-092
   19.2570763209393       3.713826241709236E-092
   19.3157808219178       1.699139410893173E-092
   19.3744853228963       7.773854162781255E-093
   19.4331898238748       3.556671133440581E-093
   19.4918943248532       1.627237630337389E-093
   19.5505988258317       7.444888493294153E-094
   19.6093033268102       3.406162536062935E-094
   19.6680078277886       1.558376864935163E-094
   19.7267123287671       7.129836524886585E-095
   19.7854168297456       3.262019929485072E-095
   19.8441213307241       1.492428751733745E-095
   19.9028258317025       6.828110886516784E-096
   19.9615303326810       3.123974542591820E-096
   20.0202348336595       1.429270306341635E-096
   20.0789393346380       6.539148829024603E-097
   20.1376438356164       2.991768875360335E-097
   20.1963483365949       1.368783703785362E-097
   20.2550528375734       6.262411220315146E-098
   20.3137573385519       2.865156238171148E-098
   20.3724618395303       1.310856067312697E-098
   20.4311663405088       5.997381577233644E-099
   20.4898708414873       2.743900308058964E-099
   20.5485753424658       1.255379265012626E-099
   20.6072798434442       5.743565133499665E-100
   20.6659843444227       2.627774701590624E-100
   20.7246888454012       1.202249714097013E-100
   20.7833933463796       5.500487942941320E-101
   20.8420978473581       2.516562563996553E-101
   20.9008023483366       1.151368192667978E-101
   20.9595068493151       5.267696017180144E-102
   21.0182113502935       2.410056174159766E-102
   21.0769158512720       1.102639658778206E-102
   21.1356203522505       5.044754496861953E-103
   21.1943248532290       2.308056565026220E-103
   21.2530293542074       1.055973076581229E-103
   21.3117338551859       4.831246855470768E-104
   21.3704383561644       2.210373158987270E-104
   21.4291428571429       1.011281249360744E-104
   21.4878473581213       4.626774134738654E-105
   21.5465518590998       2.116823417774939E-105
   21.6052563600783       9.684806592219600E-106
   21.6639608610568       4.430954210643997E-106
   21.7226653620352       2.027232506393831E-106
   21.7813698630137       9.274913132272113E-107
   21.8400743639922       4.243421088977460E-107
   21.8987788649706       1.941432970623920E-107
   21.9574833659491       8.882365957556318E-108
   22.0161878669276       4.063824229462477E-108
   22.0748923679061       1.859264427616707E-108
   22.1335968688845       8.506431268688143E-109
   22.1923013698630       3.891827897415515E-109
   22.2510058708415       1.780573269120756E-109
   22.3097103718200       8.146406264665081E-110
   22.3684148727984       3.727110541948700E-110
   22.4271193737769       1.705212376874263E-110
   22.4858238747554       7.801617840186033E-111
   22.5445283757339       3.569364199732834E-111
   22.6032328767123       1.633040849709961E-111
   22.6619373776908       7.471421336652678E-112
   22.7206418786693       3.418293923355219E-112
   22.7793463796478       1.563923741931380E-112
   22.8380508806262       7.155199344802635E-113
   22.8967553816047       3.273617233332828E-113
   22.9554598825832       1.497731812524026E-113
   23.0141643835616       6.852360556979521E-114
   23.0728688845401       3.135063592864582E-114
   23.1315733855186       1.434341284782318E-114
   23.1902778864971       6.562338667113454E-115
   23.2489823874755       3.002373904429222E-115
   23.3076868884540       1.373633615942056E-115
   23.3663913894325       6.284591316510480E-116
   23.4250958904110       2.875300027367015E-116
   23.4838003913894       1.315495276420360E-116
   23.5425048923679       6.018599083647214E-117
   23.6012093933464       2.753604315605554E-117
   23.6599138943249       1.259817538280112E-117
   23.7186183953033       5.763864516192110E-118
   23.7773228962818       2.637059174720651E-118
   23.8360273972603       1.206496272546017E-118
   23.8947318982387       5.519911203550906E-119
   23.9534363992172       2.525446637550922E-119
   24.0121409001957       1.155431755013947E-119
   24.0708454011742       5.286282888299135E-120
   24.1295499021526       2.418557957609154E-120
   24.1882544031311       1.106528480207816E-120
   24.2469589041096       5.062542614898889E-121
   24.3056634050881       2.316193219565124E-121
   24.3643679060665       1.059694983149399E-121
   24.4230724070450       4.848271914188129E-122
   24.4817769080235       2.218160966097255E-122
   24.5404814090020       1.014843668621031E-122
   24.5991859099804       4.643070022154708E-123
   24.6578904109589       2.124277840439094E-123
   24.7165949119374       9.718906476114174E-124
   24.7752994129159       4.446553131590531E-124
   24.8340039138943       2.034368243972900E-124
   24.8927084148728       9.307555806467167E-125
   24.9514129158513       4.258353675258959E-125
   25.0101174168297       1.948264008243829E-125
   25.0688219178082       8.913615277232753E-126
   25.1275264187867       4.078119639264895E-126
   25.1862309197652       1.865804080798154E-126
   25.2449354207436       8.536348045647078E-127
   25.3036399217221       3.905513905374990E-127
   25.3623444227006       1.786834224268551E-127
   25.4210489236791       8.175048449414527E-128
   25.4797534246575       3.740213621078151E-128
   25.5384579256360       1.711206728152176E-128
   25.5971624266145       7.829040687993745E-129
   25.6558669275930       3.581909596224878E-129
   25.7145714285714       1.638780132753607E-129
   25.7732759295499       7.497677559539412E-130
   25.8319804305284       3.430305725137948E-130
   25.8906849315069       1.569418964781081E-130
   25.9493894324853       7.180339251174797E-131
   26.0080939334638       3.285118433123324E-131
   26.0667984344423       1.502993484109043E-131
   26.1255029354207       6.876432180349989E-132
   26.1842074363992       3.146076146359859E-132
   26.2429119373777       1.439379441236538E-132
   26.3016164383562       6.585387885150536E-133
   26.3603209393346       3.012918784183016E-133
   26.4190254403131       1.378457844994179E-133
   26.4777299412916       6.306661961494623E-134
   26.5364344422701       2.885397272824787E-134
   26.5951389432485       1.320114740067581E-134
   26.6538434442270       6.039733045242725E-135
   26.7125479452055       2.763273079705328E-135
   26.7712524461840       1.264240993923572E-135
   26.8299569471624       5.784101837337426E-136
   26.8886614481409       2.646317767409371E-136
   26.9473659491194       1.210732092744740E-136
   27.0060704500978       5.539290170156412E-137
   27.0647749510763       2.534312566521457E-137
   27.1234794520548       1.159487945991853E-137
   27.1821839530333       5.304840113338569E-138
   27.2408884540117       2.427047966523281E-138
   27.2995929549902       1.110412699229798E-138
   27.3582974559687       5.080313117426304E-139
   27.4170019569472       2.324323323989918E-139
   27.4757064579256       1.063414554869953E-139
   27.5344109589041       4.865289193722254E-140
   27.5931154598826       2.225946487358980E-140
   27.6518199608611       1.018405600493704E-140
   27.7105244618395       4.659366128836641E-141
   27.7692289628180       2.131733437568612E-141
   27.8279334637965       9.753016444379341E-142
   27.8866379647750       4.462158732455340E-142
   27.9453424657534       2.041507943898106E-142
   28.0040469667319       9.340220583348194E-143
   28.0627514677104       4.273298116932156E-143
   28.1214559686888       1.955101234367574E-143
   28.1801604696673       8.944896263134178E-144
   28.2388649706458       4.092431007357377E-144
   28.2975694716243       1.872351680079735E-144
   28.3562739726027       8.566304005810059E-145
   28.4149784735812       3.919219080813432E-145
   28.4736829745597       1.793104492919614E-145
   28.5323874755382       8.203735631140512E-146
   28.5910919765166       3.753338333588456E-146
   28.6497964774951       1.717211436042094E-146
   28.7085009784736       7.856512932016863E-147
   28.7672054794521       3.594478475163957E-147
   28.8259099804305       1.644530546610051E-147
   28.8846144814090       7.523986405936875E-148
   28.9433189823875       3.442342347842281E-148
   29.0020234833659       1.574925870264804E-148
   29.0607279843444       7.205534040156118E-149
   29.1194324853229       3.296645370934709E-149
   29.1781369863014       1.508267206831908E-149
   29.2368414872798       6.900560148250495E-150
   29.2955459882583       3.157115008467662E-150
   29.3542504892368       1.444429866788166E-150
   29.4129549902153       6.608494255911051E-151
   29.4716594911937       3.023490259414988E-151
   29.5303639921722       1.383294438033333E-151
   29.5890684931507       6.328790033884491E-152
   29.6477729941292       2.895521169500540E-152
   29.7064774951076       1.324746562532445E-152
   29.7651819960861       6.060924276076828E-153
   29.8238864970646       2.772968363662365E-153
   29.8825909980431       1.268676722410341E-153
   29.9412954990215       5.804395920894130E-154
   30.0000000000000       2.655602598302583E-154
