  2.000000000000000E-003  1.024281084473738E-012
  6.070450097847359E-002  1.201768621147776E-011
  0.119409001956947       1.222817430541458E-010
  0.178113502935421       1.084817586987891E-009
  0.236818003913894       8.433376977568469E-009
  0.295522504892368       5.772619187394307E-008
  0.354227005870842       3.494861768540130E-007
  0.412931506849315       1.879376641834766E-006
  0.471636007827789       9.012512378152221E-006
  0.530340508806262       3.868344769301666E-005
  0.589045009784736       1.491157020968951E-004
  0.647749510763209       5.178181673004307E-004
  0.706454011741683       1.624343213872220E-003
  0.765158512720157       4.613748484567046E-003
  0.823863013698630       1.188911317229716E-002
  0.882567514677104       2.783485934256412E-002
  0.941272015655577       5.925529135461857E-002
  0.999976516634051       0.114701777811418     
   1.05868101761252       0.201674894153886     
   1.11738551859100       0.321236452553750     
   1.17609001956947       0.461197935644017     
   1.23479452054795       0.591363253486575     
   1.29349902152642       0.665809579027400     
   1.35220352250489       0.635879095194592     
   1.41090802348337       0.472454059996962     
   1.46961252446184       0.188897966259244     
   1.52831702544031      -0.148784668718685     
   1.58702152641879      -0.435711200712877     
   1.64572602739726      -0.566225265688745     
   1.70443052837573      -0.482188889322220     
   1.76313502935421      -0.207636745163232     
   1.82183953033268       0.151275073407565     
   1.88054403131115       0.446257028754107     
   1.93924853228963       0.550936607013383     
   1.99795303326810       0.418781540551681     
   2.05665753424658       0.106016001528650     
   2.11536203522505      -0.252503683501751     
   2.17406653620352      -0.503184135105911     
   2.23277103718200      -0.540891242719616     
   2.29147553816047      -0.352575659425226     
   2.35018003913894      -1.912081061882877E-002
   2.40888454011742       0.322569260133064     
   2.46758904109589       0.537902655532051     
   2.52629354207436       0.547290431216577     
   2.58499804305284       0.352574450514323     
   2.64370254403131       2.991433507193039E-002
   2.70240704500978      -0.303915620906963     
   2.76111154598826      -0.535799013952089     
   2.81981604696673      -0.593825506460010     
   2.87852054794521      -0.466235314733881     
   2.93722504892368      -0.198492342076917     
   2.99592954990215       0.126845280422216     
   3.05463405088063       0.418176268685806     
   3.11333855185910       0.601022847183907     
   3.17204305283757       0.635202021258432     
   3.23074755381605       0.520093088273242     
   3.28945205479452       0.289088826050166     
   3.34815655577299      -3.036635132840365E-003
   3.40686105675147      -0.295198105611894     
   3.46556555772994      -0.533432725486927     
   3.52427005870842      -0.680074444134475     
   3.58297455968689      -0.717730842749395     
   3.64167906066536      -0.648536334210761     
   3.70038356164384      -0.490035804572618     
   3.75908806262231      -0.269362477866723     
   3.81779256360078      -1.722930157289206E-002
   3.87649706457926       0.237161426895539     
   3.93520156555773       0.469688735231968     
   3.99390606653620       0.663218332701947     
   4.05261056751468       0.808029262482355     
   4.11131506849315       0.901135205167926     
   4.17001956947162       0.944931271720547     
   4.22872407045010       0.945561343886061     
   4.28742857142857       0.911312433244632     
   4.34613307240704       0.851236065452339     
   4.40483757338552       0.774097063601824     
   4.46354207436399       0.687671161647499     
   4.52224657534247       0.598359442957994     
   4.58095107632094       0.511058265279313     
   4.63965557729941       0.429213285131277     
   4.69836007827789       0.354989451306348     
   4.75706457925636       0.289499749824962     
   4.81576908023483       0.233049527020108     
   4.87447358121331       0.185367248529537     
   4.93317808219178       0.145804715600574     
   4.99188258317025       0.113499229278374     
   5.05058708414873       8.749685426540242E-002
   5.10929158512720       6.684009905593823E-002
   5.16799608610568       5.062550708832191E-002
   5.22670058708415       3.803739656092375E-002
   5.28540508806262       2.836379412278236E-002
   5.34410958904110       2.099988384449521E-002
   5.40281409001957       1.544333466349199E-002
   5.46151859099804       1.128487549280584E-002
   5.52022309197652       8.196575730168267E-003
   5.57892759295499       5.919518697460306E-003
   5.63763209393346       4.251944718390775E-003
   5.69633659491194       3.038482358098697E-003
   5.75504109589041       2.160760883755979E-003
   5.81374559686888       1.529479211616926E-003
   5.87245009784736       1.077871331034758E-003
   5.93115459882583       7.564329513875405E-004
   5.98985909980431       5.287402884439417E-004
   6.04856360078278       3.681849747512168E-004
   6.10726810176125       2.554582922687611E-004
   6.16597260273973       1.766357074158173E-004
   6.22467710371820       1.217339738737436E-004
   6.28338160469667       8.363467847554198E-005
   6.34208610567515       5.728821246362717E-005
   6.40079060665362       3.912984744526843E-005
   6.45949510763209       2.665457050671116E-005
   6.51819960861057       1.810963273415118E-005
   6.57690410958904       1.227363153818268E-005
   6.63560861056752       8.298708835158322E-006
   6.69431311154599       5.598453955664652E-006
   6.75301761252446       3.768683845811856E-006
   6.81172211350294       2.531728096396893E-006
   6.87042661448141       1.697422349622969E-006
   6.92913111545988       1.135915728724688E-006
   6.98783561643836       7.587901783106818E-007
   7.04654011741683       5.060005977738400E-007
   7.10524461839530       3.368734960425428E-007
   7.16394911937378       2.239238548446970E-007
   7.22265362035225       1.486214041733229E-007
   7.28135812133072       9.850045665549891E-008
   7.34006262230920       6.519257238287742E-008
   7.39876712328767       4.309102767846790E-008
   7.45747162426615       2.844651980235447E-008
   7.51617612524462       1.875636036920666E-008
   7.57488062622309       1.235286376393103E-008
   7.63358512720157       8.126581640557912E-009
   7.69228962818004       5.340597788504045E-009
   7.75099412915851       3.506171817190012E-009
   7.80969863013699       2.299622964363010E-009
   7.86840313111546       1.506878146559988E-009
   7.92710763209393       9.865403047779322E-010
   7.98581213307241       6.453318853243000E-010
   8.04451663405088       4.217923324438825E-010
   8.10322113502936       2.754713845410004E-010
   8.16192563600783       1.797756600604893E-010
   8.22063013698630       1.172399412506288E-010
   8.27933463796478       7.640533920945238E-011
   8.33803913894325       4.976084971274560E-011
   8.39674363992172       3.238767973426482E-011
   8.45544814090020       2.106741937481638E-011
   8.51415264187867       1.369598569097847E-011
   8.57285714285714       8.898897719699177E-012
   8.63156164383562       5.778966457836359E-012
   8.69026614481409       3.750980498331583E-012
   8.74897064579256       2.433488718549680E-012
   8.80767514677104       1.578020341792442E-012
   8.86637964774951       1.022829016736878E-012
   8.92508414872799       6.626874700942463E-013
   8.98378864970646       4.291780513998091E-013
   9.04249315068493       2.778412301360981E-013
   9.10119765166341       1.798015504804447E-013
   9.15990215264188       1.163146785961410E-013
   9.21860665362035       7.521881475606356E-014
   9.27731115459883       4.862678474572995E-014
   9.33601565557730       3.142589872556934E-014
   9.39472015655577       2.030339506768051E-014
   9.45342465753425       1.311365978252109E-014
   9.51212915851272       8.467568096317976E-015
   9.57083365949119       5.466106027767098E-015
   9.62953816046967       3.527660568732718E-015
   9.68824266144814       2.276090520470110E-015
   9.74694716242662       1.468218494460148E-015
   9.80565166340509       9.468790478155608E-016
   9.86435616438356       6.105272268593605E-016
   9.92306066536204       3.935737874609743E-016
   9.98176516634051       2.536656257913058E-016
   10.0404696673190       1.634613065026847E-016
   10.0991741682975       1.053148520298339E-016
   10.1578786692759       6.784047241688179E-017
   10.2165831702544       4.369339881671031E-017
   10.2752876712329       2.813672363080399E-017
   10.3339921722114       1.811610513874749E-017
   10.3926966731898       1.166252298533720E-017
   10.4514011741683       7.506875458138930E-018
   10.5101056751468       4.831338445552114E-018
   10.5688101761252       3.108992646057883E-018
   10.6275146771037       2.000406409841765E-018
   10.6862191780822       1.286960805281575E-018
   10.7449236790607       8.278717852902621E-019
   10.8036281800391       5.324925907568202E-019
   10.8623326810176       3.424670135341800E-019
   10.9210371819961       2.202320365398299E-019
   10.9797416829746       1.416121828369932E-019
   11.0384461839530       9.105018684329995E-020
   11.0971506849315       5.853597053883874E-020
   11.1558551859100       3.762947424914698E-020
   11.2145596868885       2.418790997355558E-020
   11.2732641878669       1.554657979368428E-020
   11.3319686888454       9.991693371397167E-021
   11.3906731898239       6.421143788686271E-021
   11.4493776908024       4.126254735593492E-021
   11.5080821917808       2.651375565157321E-021
   11.5667866927593       1.703566987009920E-021
   11.6254911937378       1.094513350308207E-021
   11.6841956947162       7.031660206588887E-022
   11.7429001956947       4.517214272781135E-022
   11.8016046966732       2.901753421110507E-022
   11.8603091976517       1.863924298463728E-022
   11.9190136986301       1.197222582185814E-022
   11.9777181996086       7.689556128352485E-023
   12.0364227005871       4.938649711669129E-023
   12.0951272015656       3.171732568403512E-023
   12.1538317025440       2.036887565272425E-023
   12.2125362035225       1.308038264365442E-023
   12.2712407045010       8.399577581537763E-024
   12.3299452054795       5.393599903324843E-024
   12.3886497064579       3.463258786791040E-024
   12.4473542074364       2.223702692841431E-024
   12.5060587084149       1.427758180935250E-024
   12.5647632093933       9.166833098509343E-025
   12.6234677103718       5.885336135729295E-025
   12.6821722113503       3.778426933580360E-025
   12.7408767123288       2.425711222871581E-025
   12.7995812133072       1.557241481596744E-025
   12.8582857142857       9.996825041539425E-026
   12.9169902152642       6.417382489201600E-026
   12.9756947162427       4.119494152380132E-026
   13.0343992172211       2.644358893886901E-026
   13.0931037181996       1.697414223487789E-026
   13.1518082191781       1.089548544277772E-026
   13.2105127201566       6.993538993783757E-027
   13.2692172211350       4.488894823664229E-027
   13.3279217221135       2.881205286338766E-027
   13.3866262230920       1.849275589445418E-027
   13.4453307240705       1.186921606990877E-027
   13.5040352250489       7.617907430565300E-028
   13.5627397260274       4.889257172154760E-028
   13.6214442270059       3.137934507509860E-028
   13.6801487279843       2.013904759781971E-028
   13.7388532289628       1.292493260488946E-028
   13.7975577299413       8.294919725181226E-029
   13.8562622309198       5.323421509969183E-029
   13.9149667318982       3.416366909919416E-029
   13.9736712328767       2.192468437807279E-029
   14.0323757338552       1.407011296258026E-029
   14.0910802348337       9.029368965678935E-030
   14.1497847358121       5.794460145056743E-030
   14.2084892367906       3.718471867418359E-030
   14.2671937377691       2.386229047717236E-030
   14.3258982387476       1.531284988704687E-030
   14.3846027397260       9.826443143956461E-031
   14.4433072407045       6.305699024948913E-031
   14.5020117416830       4.046381657662184E-031
   14.5607162426614       2.596553638301936E-031
   14.6194207436399       1.666190805321862E-031
   14.6781252446184       1.069176177454382E-031
   14.7368297455969       6.860741219005564E-032
   14.7955342465753       4.402406519820137E-032
   14.8542387475538       2.824923538213812E-032
   14.9129432485323       1.812678597654470E-032
   14.9716477495108       1.163141559027542E-032
   15.0303522504892       7.463492370339323E-033
   15.0890567514677       4.789050973535941E-033
   15.1477612524462       3.072944819067519E-033
   15.2064657534247       1.971778309801635E-033
   15.2651702544031       1.265200955426597E-033
   15.3238747553816       8.118188273189664E-034
   15.3825792563601       5.209031500347775E-034
   15.4412837573386       3.342359632041708E-034
   15.4999882583170       2.144607247020256E-034
   15.5586927592955       1.376070946378497E-034
   15.6173972602740       8.829424754026242E-035
   15.6761017612524       5.665295702794624E-035
   15.7348062622309       3.635058492404375E-035
   15.7935107632094       2.332377952461789E-035
   15.8522152641879       1.496529245584769E-035
   15.9109197651663       9.602190056107001E-036
   15.9696242661448       6.161043069904113E-036
   16.0283287671233       3.953093594846399E-036
   16.0870332681018       2.536406745403182E-036
   16.1457377690802       1.627420175792309E-036
   16.2044422700587       1.044189994841510E-036
   16.2631467710372       6.699747491143654E-037
   16.3218512720157       4.298693250978402E-037
   16.3805557729941       2.758122979695330E-037
   16.4392602739726       1.769660606115465E-037
   16.4979647749511       1.135443580145993E-037
   16.5566692759296       7.285181674611384E-038
   16.6153737769080       4.674277549046197E-038
   16.6740782778865       2.999079086683770E-038
   16.7327827788650       1.924246392868616E-038
   16.7914872798434       1.234618589484250E-038
   16.8501917808219       7.921443639524811E-039
   16.9088962818004       5.082475345023494E-039
   16.9676007827789       3.260961472668179E-039
   17.0263052837573       2.092259368876532E-039
   17.0850097847358       1.342409024517024E-039
   17.1437142857143       8.612985468194261E-040
   17.2024187866928       5.526142703915721E-040
   17.2611232876712       3.545602347145306E-040
   17.3198277886497       2.274874930184327E-040
   17.3785322896282       1.459568926818668E-040
   17.4372367906067       9.364644518847865E-041
   17.4959412915851       6.008382920459961E-041
   17.5546457925636       3.854992564714398E-041
   17.6133502935421       2.473370273333417E-041
   17.6720547945205       1.586917661618924E-041
   17.7307592954990       1.018167731810477E-041
   17.7894637964775       6.532568259571341E-042
   17.8481682974560       4.191295570676658E-042
   17.9068727984344       2.689133340956176E-042
   17.9655772994129       1.725345656119232E-042
   18.0242818003914       1.106979637072444E-042
   18.0829863013699       7.102363568968455E-043
   18.1416908023483       4.556862548102677E-043
   18.2003953033268       2.923672538406202E-043
   18.2590998043053       1.875820632613348E-043
   18.3178043052838       1.203521014468683E-043
   18.3765088062622       7.721751929503901E-044
   18.4352133072407       4.954248872547661E-044
   18.4939178082192       3.178627289533751E-044
   18.5526223091977       2.039394380100149E-044
   18.6113268101761       1.308466651184386E-044
   18.6700313111546       8.395062522957674E-045
   18.7287358121331       5.386231989720816E-045
   18.7874403131115       3.455779505568678E-045
   18.8461448140900       2.217210111833953E-045
   18.9048493150685       1.422549994847733E-045
   18.9635538160470       9.127000912517445E-046
   19.0222583170254       5.855830841336169E-046
   19.0809628180039       3.757066047441824E-046
   19.1396673189824       2.410510460341823E-046
   19.1983718199609       1.546568282631537E-046
   19.2570763209393       9.922681947990701E-047
   19.3157808219178       6.366326975168585E-047
   19.3744853228963       4.084592268802466E-047
   19.4331898238748       2.620646165881412E-047
   19.4918943248532       1.681388115308342E-047
   19.5505988258317       1.078766552608283E-047
   19.6093033268102       6.921287487077748E-048
   19.6680078277886       4.440646734519568E-048
   19.7267123287671       2.849085519148073E-048
   19.7854168297456       1.827951515266119E-048
   19.8441213307241       1.172799545598901E-048
   19.9028258317025       7.524589955529752E-049
   19.9615303326810       4.827717217650793E-049
   20.0202348336595       3.097424624296201E-049
   20.0789393346380       1.987282510867947E-049
   20.1376438356164       1.275024170218933E-049
   20.1963483365949       8.180449543045382E-050
   20.2550528375734       5.248508086780022E-050
   20.3137573385519       3.367398554060828E-050
   20.3724618395303       2.160494293208938E-050
   20.4311663405088       1.386154629989555E-050
   20.4898708414873       8.893448454113771E-051
   20.5485753424658       5.705959205317542E-051
   20.6072798434442       3.660893474989389E-051
   20.6659843444227       2.348796995314999E-051
   20.7246888454012       1.506967326420791E-051
   20.7833933463796       9.668567955545013E-052
   20.8420978473581       6.203266474905581E-052
   20.9008023483366       3.979959827558502E-052
   20.9595068493151       2.553506148172383E-052
   21.0182113502935       1.638306284191728E-052
   21.0769158512720       1.051122318311827E-052
   21.1356203522505       6.743904166547267E-053
   21.1943248532290       4.326826653312951E-053
   21.2530293542074       2.776051872699346E-053
   21.3117338551859       1.781089048517797E-053
   21.3704383561644       1.142730097782715E-053
   21.4291428571429       7.331649195547448E-054
   21.4878473581213       4.703917169169195E-054
   21.5465518590998       3.017988871905933E-054
   21.6052563600783       1.936313095923729E-054
   21.6639608610568       1.242320101616389E-054
   21.7226653620352       7.970607509923406E-055
   21.7813698630137       5.113865697731511E-055
   21.8400743639922       3.281007293075999E-055
   21.8987788649706       2.105062803225614E-055
   21.9574833659491       1.350588052188086E-055
   22.0161878669276       8.665242776702645E-056
   22.0748923679061       5.559536071932151E-056
   22.1335968688845       3.566944535878303E-056
   22.1923013698630       2.288517023420935E-056
   22.2510058708415       1.468290287167886E-056
   22.3097103718200       9.420407566556923E-057
   22.3684148727984       6.044041642605183E-057
   22.4271193737769       3.877798088916287E-057
   22.4858238747554       2.487957321423477E-057
   22.5445283757339       1.596249043444841E-057
   22.6032328767123       1.024137725467674E-057
   22.6619373776908       6.570767028792041E-058
   22.7206418786693       4.215739484410256E-058
   22.7793463796478       2.704776927188865E-058
   22.8380508806262       1.735358201325904E-058
   22.8967553816047       1.113388687475435E-058
   22.9554598825832       7.143391762749098E-059
   23.0141643835616       4.583129468512489E-059
   23.0728688845401       2.940490468784075E-059
   23.1315733855186       1.886589529143421E-059
   23.1902778864971       1.210417118355964E-059
   23.2489823874755       7.765915994855623E-060
   23.3076868884540       4.982534493243640E-060
   23.3663913894325       3.196744553401792E-060
   23.4250958904110       2.050999471899892E-060
   23.4838003913894       1.315900821602613E-060
   23.5425048923679       8.442688438012766E-061
   23.6012093933464       5.416744645270885E-061
   23.6599138943249       3.475329270244239E-061
   23.7186183953033       2.229736531376925E-061
   23.7773228962818       1.430576663513723E-061
   23.8360273972603       9.178436746758277E-062
   23.8947318982387       5.888793136784378E-062
   23.9534363992172       3.778190695637034E-062
   24.0121409001957       2.424049289268161E-062
   24.0708454011742       1.555245720740143E-062
   24.1295499021526       9.978300543328901E-063
   24.1882544031311       6.401977494635650E-063
   24.2469589041096       4.107444487734428E-063
   24.3056634050881       2.635295129386480E-063
   24.3643679060665       1.690778876353167E-063
   24.4230724070450       1.084786732139585E-063
   24.4817769080235       6.959882595764866E-064
   24.5404814090020       4.465390665790593E-064
   24.5991859099804       2.864949719877192E-064
   24.6578904109589       1.838122903526723E-064
   24.7165949119374       1.179321147828886E-064
   24.7752994129159       7.566405709842875E-065
   24.8340039138943       4.854529677240366E-065
   24.8927084148728       3.114617321679882E-065
   24.9514129158513       1.998307079332974E-065
   25.0101174168297       1.282093674838292E-065
   25.0688219178082       8.225783724068770E-066
   25.1275264187867       5.277579864832378E-066
   25.1862309197652       3.386041995251777E-066
   25.2449354207436       2.172450374854062E-066
   25.3036399217221       1.393822233408155E-066
   25.3623444227006       8.942622740310225E-067
   25.4210489236791       5.737496455836042E-067
   25.4797534246575       3.681119783838846E-067
   25.5384579256360       2.361769271839056E-067
   25.5971624266145       1.515287305664868E-067
   25.6558669275930       9.721930251342213E-068
   25.7145714285714       6.237492205975346E-068
   25.7732759295499       4.001911958403624E-068
   25.8319804305284       2.567586260509024E-068
   25.8906849315069       1.647337387722832E-068
   25.9493894324853       1.056915012095919E-068
   26.0080939334638       6.781059842298114E-069
   26.0667984344423       4.350659416735791E-069
   26.1255029354207       2.791339077874642E-069
   26.1842074363992       1.790894916892347E-069
   26.2429119373777       1.149020061231844E-069
   26.3016164383562       7.371996461763807E-070
   26.3603209393346       4.729798337329079E-070
   26.4190254403131       3.034590751100997E-070
   26.4777299412916       1.946962715397128E-070
   26.5364344422701       1.249151573016077E-070
   26.5951389432485       8.014430055983357E-071
   26.6538434442270       5.141977197379424E-071
   26.7125479452055       3.299040516078123E-071
   26.7712524461840       2.116630995616497E-071
   26.8299569471624       1.358009016571779E-071
   26.8886614481409       8.712848347403876E-072
   26.9473659491194       5.590075273783539E-072
   27.0060704500978       3.586535687469794E-072
   27.0647749510763       2.301084975785803E-072
   27.1234794520548       1.476352815826250E-072
   27.1821839530333       9.472130138376648E-073
   27.2408884540117       6.077222756377289E-073
   27.2995929549902       3.899084563161108E-073
   27.3582974559687       2.501613159357201E-073
   27.4170019569472       1.605009661463065E-073
   27.4757064579256       1.029757939209821E-073
   27.5344109589041       6.606822613915865E-074
   27.5931154598826       4.238870453246307E-074
   27.6518199608611       2.719616335854259E-074
   27.7105244618395       1.744878285778850E-074
   27.7692289628180       1.119496228349447E-074
   27.8279334637965       7.182574365544352E-075
   27.8866379647750       4.608266931560836E-075
   27.9453424657534       2.956617366098640E-075
   28.0040469667319       1.896935740783781E-075
   28.0627514677104       1.217054747887601E-075
   28.1214559686888       7.808499923809490E-076
   28.1801604696673       5.009854416293299E-076
   28.2388649706458       3.214271820161773E-076
   28.2975694716243       2.062244223402983E-076
   28.3562739726027       1.323114992573119E-076
   28.4149784735812       8.488971689744936E-077
   28.4736829745597       5.446438195505976E-077
   28.5323874755382       3.494379542353958E-077
   28.5910919765166       2.241958495455845E-077
   28.6497964774951       1.438417845855403E-077
   28.7085009784736       9.228743096286490E-078
   28.7672054794521       5.921068023477949E-078
   28.8259099804305       3.798897224038710E-078
   28.8846144814090       2.437333950245355E-078
   28.9433189823875       1.563768755326359E-078
   29.0020234833659       1.003298181337784E-078
   29.0607279843444       6.437059424762408E-079
   29.1194324853229       4.129952072099790E-079
   29.1781369863014       2.649735382106805E-079
   29.2368414872798       1.700043359173336E-079
   29.2955459882583       1.090730584672142E-079
   29.3542504892368       6.998016854778995E-080
   29.4129549902153       4.489856668540434E-080
   29.4716594911937       2.880646520176712E-080
   29.5303639921722       1.848193602948341E-080
   29.5890684931507       1.185782278234662E-080
   29.6477729941292       7.607858878729195E-081
   29.7064774951076       4.881125125019801E-081
   29.7651819960861       3.131680392977890E-081
   29.8238864970646       2.009254389380384E-081
   29.8825909980431       1.289117245113222E-081
   29.9412954990215       8.270845544718939E-082
   30.0000000000000       5.306490645171108E-082
