  2.000000000000000E-003  7.274356665810219E-007 -1.268643223117307E-006
  6.070450097847359E-002 -1.178647220075001E-008  3.714838540454909E-008
  0.119409001956947       3.111312838809908E-008 -5.087681946829507E-008
  0.178113502935421      -1.047290931192336E-008  2.132250653342405E-008
  0.236818003913894       1.491362193762162E-008 -3.827270537095292E-009
  0.295522504892368      -3.052576811981360E-009  1.745184575073405E-008
  0.354227005870842       9.970572203909250E-009 -7.454951783318858E-009
  0.412931506849315       6.730885733564029E-009 -6.944980200655722E-009
  0.471636007827789      -2.459746137819513E-008 -8.957333390046561E-008
  0.530340508806262      -1.287151994758173E-007 -3.534933193167340E-007
  0.589045009784736      -5.020891450469215E-007 -1.324305025384026E-006
  0.647749510763209      -1.623576903772531E-006 -4.249016489804830E-006
  0.706454011741683      -4.674867253931741E-006 -1.216187807564943E-005
  0.765158512720157      -1.209059508515087E-005 -3.118807073323185E-005
  0.823863013698630      -2.822967263271547E-005 -7.177635965773175E-005
  0.882567514677104      -5.947528737078832E-005 -1.479710202963526E-004
  0.941272015655577      -1.134317314493377E-004 -2.722645210657405E-004
  0.999976516634051      -1.968602354977153E-004 -4.438421117678598E-004
   1.05868101761252      -3.140472579379440E-004 -6.316964896228508E-004
   1.11738551859100      -4.700726141763929E-004 -7.602703012868829E-004
   1.17609001956947      -6.854193010409916E-004 -7.103718109909310E-004
   1.23479452054795      -1.027230355673207E-003 -3.450443167974354E-004
   1.29349902152642      -1.654862787554547E-003  4.452328878487010E-004
   1.35220352250489      -2.868237977015431E-003  1.704313565910917E-003
   1.41090802348337      -5.139926632728132E-003  3.415354428407135E-003
   1.46961252446184      -9.116720688352963E-003  5.567468721175317E-003
   1.52831702544031      -1.559038150065150E-002  8.257638907837941E-003
   1.58702152641879      -2.545336866956440E-002  1.175858044487948E-002
   1.64572602739726      -3.965923710877182E-002  1.647894741498135E-002
   1.70443052837573      -5.919183762133027E-002  2.279641983568143E-002
   1.76313502935421      -8.502324848036903E-002  3.082920972739323E-002
   1.82183953033268      -0.118028145819416       4.026871227360988E-002
   1.88054403131115      -0.158838009668235       5.037734416384489E-002
   1.93924853228963      -0.207657643582676       6.016277506830366E-002
   1.99795303326810      -0.264104063214585       6.863367034352399E-002
   2.05665753424658      -0.327136223522980       7.499719831895577E-002
   2.11536203522505      -0.395113085322567       7.870450002129953E-002
   2.17406653620352      -0.465963393708739       7.935844726790127E-002
   2.23277103718200      -0.537406756438200       7.658751397894450E-002
   2.29147553816047      -0.607156267540257       7.000498683245870E-002
   2.35018003913894      -0.673060763292337       5.930315462160830E-002
   2.40888454011742      -0.733187747625419       4.443375919324165E-002
   2.46758904109589      -0.785877698150727       2.576233481638822E-002
   2.52629354207436      -0.829801889157183       4.094338766591765E-003
   2.58499804305284      -0.864033430843607      -1.945558863335680E-002
   2.64370254403131      -0.888112544939906      -4.369464262491346E-002
   2.70240704500978      -0.902073555376690      -6.757858740459001E-002
   2.76111154598826      -0.906408699830851      -9.034241792940592E-002
   2.81981604696673      -0.901969413432575      -0.111501428592526     
   2.87852054794521      -0.889829900484830      -0.130754558117641     
   2.93722504892368      -0.871150438444098      -0.147861971033123     
   2.99592954990215      -0.847073928161449      -0.162565281521797     
   3.05463405088063      -0.818670488100085      -0.174584936651704     
   3.11333855185910      -0.786925177612651      -0.183682988487073     
   3.17204305283757      -0.752749216976642      -0.189749520518868     
   3.23074755381605      -0.716992739592858      -0.192864384884929     
   3.28945205479452      -0.680443906727030      -0.193303943292624     
   3.34815655577299      -0.643811436292325      -0.191489561223746     
   3.40686105675147      -0.607697475929450      -0.187899085322648     
   3.46556555772994      -0.572573542086739      -0.182975145414168     
   3.52427005870842      -0.538769886077754      -0.177059933793133     
   3.58297455968689      -0.506483796664878      -0.170372537503111     
   3.64167906066536      -0.475804347177923      -0.163027901093794     
   3.70038356164384      -0.446747348858800      -0.155082835213336     
   3.75908806262231      -0.419290589373589      -0.146588391727839     
   3.81779256360078      -0.393401518536557      -0.137630721688061     
   3.87649706457926      -0.369052892125566      -0.128348740610457     
   3.93520156555773      -0.346226132869434      -0.118927957511988     
   3.99390606653620      -0.324905143718838      -0.109575730064506     
   4.05261056751468      -0.305065665819082      -0.100488455005716     
   4.11131506849315      -0.286665109115692      -9.182135716303255E-002
   4.17001956947162      -0.269636596601620      -8.366877465559847E-002
   4.22872407045010      -0.253888683725054      -7.605881924834754E-002
   4.28742857142857      -0.239310672146427      -6.896186954200839E-002
   4.34613307240704      -0.225781691407698      -6.230864848442555E-002
   4.40483757338552      -0.213181472340695      -5.601300924112411E-002
   4.46354207436399      -0.201400020841087      -4.999356027437612E-002
   4.52224657534247      -0.190344614117710      -4.419023608654812E-002
   4.58095107632094      -0.179943313367043      -3.857339408550019E-002
   4.63965557729941      -0.170144735250865      -3.314516597207723E-002
   4.69836007827789      -0.160914897002519      -2.793421870704282E-002
   4.75706457925636      -0.152232102398651      -2.298615568846643E-002
   4.81576908023483      -0.144081096025153      -1.835199651250463E-002
   4.87447358121331      -0.136447694468158      -1.407741301397241E-002
   4.93317808219178      -0.129314495797409      -1.019416369767578E-002
   4.99188258317025      -0.122658183042081      -6.714933117201394E-003
   5.05058708414873      -0.116448774259688      -3.631602765421923E-003
   5.10929158512720      -0.110649953011784      -9.168438648097013E-004
   5.16799608610568      -0.105221096783519       1.471827334268227E-003
   5.22670058708415      -0.100119595967685       3.586528272654411E-003
   5.28540508806262      -9.530346633976350E-002  5.483030173483873E-003
   5.34410958904110      -9.073385048853796E-002  7.215104719241098E-003
   5.40281409001957      -8.637688705960482E-002  8.829925102911852E-003
   5.46151859099804      -8.220496117950170E-002  1.036488611820755E-002
   5.52022309197652      -7.819724914874225E-002  1.184576013568117E-002
   5.57892759295499      -7.433953073243757E-002  1.328656351256082E-002
   5.63763209393346      -7.062360241479651E-002  1.469027026109377E-002
   5.69633659491194      -6.704609236895791E-002  1.605074256381871E-002
   5.75504109589041      -6.360720692736178E-002  1.735515419599276E-002
   5.81374559686888      -6.030939783437128E-002  1.858652114024237E-002
   5.87245009784736      -5.715613814959732E-002  1.972629013990532E-002
   5.93115459882583      -5.415078892171846E-002  2.075660454445238E-002
   5.98985909980431      -5.129576739042554E-002  2.166210684617680E-002
   6.04856360078278      -4.859189407960104E-002  2.243137224525703E-002
   6.10726810176125      -4.603813928098832E-002  2.305762977631878E-002
   6.16597260273973      -4.363144770145005E-002  2.353911797569243E-002
   6.22467710371820      -4.136678924788487E-002  2.387898684666606E-002
   6.28338160469667      -3.923736731592978E-002  2.408480086783838E-002
   6.34208610567515      -3.723495921144170E-002  2.416786289570505E-002
   6.40079060665362      -3.535033464191251E-002  2.414237633551878E-002
   6.45949510763209      -3.357358174021287E-002  2.402449403871684E-002
   6.51819960861057      -3.189456560491747E-002  2.383141699473407E-002
   6.57690410958904      -3.030329521839727E-002  2.358045895675403E-002
   6.63560861056752      -2.879016211447347E-002  2.328834790503469E-002
   6.69431311154599      -2.734625614126024E-002  2.297059913828672E-002
   6.75301761252446      -2.596346662965515E-002  2.264105291494323E-002
   6.81172211350294      -2.463465361839437E-002  2.231158696778004E-002
   6.87042661448141      -2.335367350242657E-002  2.199189040667507E-002
   6.92913111545988      -2.211539515224212E-002  2.168940699125111E-002
   6.98783561643836      -2.091561585522670E-002  2.140939630352555E-002
   7.04654011741683      -1.975107220106883E-002  2.115508533829141E-002
   7.10524461839530      -1.861934064408937E-002  2.092788485538108E-002
   7.16394911937378      -1.751880439760910E-002  2.072749726517486E-002
   7.22265362035225      -1.644850941692740E-002  2.055227677514223E-002
   7.28135812133072      -1.540810530981156E-002  2.039950725098721E-002
   7.34006262230920      -1.439770512933053E-002  2.026562729671189E-002
   7.39876712328767      -1.341783514492946E-002  2.014648662444509E-002
   7.45747162426615      -1.246928182098367E-002  2.003761291671324E-002
   7.51617612524462      -1.155300848592433E-002  1.993441484694007E-002
   7.57488062622309      -1.067010466001999E-002  1.983234431929452E-002
   7.63358512720157      -9.821640684733427E-003  1.972708731993637E-002
   7.69228962818004      -9.008646069746083E-003  1.961461040373486E-002
   7.75099412915851      -8.232082688005389E-003  1.949133787683895E-002
   7.80969863013699      -7.492692886073573E-003  1.935414658940727E-002
   7.86840313111546      -6.791090276234744E-003  1.920042371169503E-002
   7.92710763209393      -6.127604941629536E-003  1.902805617514930E-002
   7.98581213307241      -5.502336869017535E-003  1.883542982807592E-002
   8.04451663405088      -4.915162496171349E-003  1.862144449765000E-002
   8.10322113502936      -4.365765885259106E-003  1.838548827246766E-002
   8.16192563600783      -3.853531621378086E-003  1.812738465691478E-002
   8.22063013698630      -3.377618385801185E-003  1.784738509246177E-002
   8.27933463796478      -2.936950654084141E-003  1.754615373025933E-002
   8.33803913894325      -2.530283524082005E-003  1.722467249715656E-002
   8.39674363992172      -2.156219279408394E-003  1.688420402043320E-002
   8.45544814090020      -1.813226133786574E-003  1.652623513670640E-002
   8.51415264187867      -1.499705789272566E-003  1.615246122135348E-002
   8.57285714285714      -1.213993312695181E-003  1.576463221924491E-002
   8.63156164383562      -9.544153485723578E-004  1.536458787418652E-002
   8.69026614481409      -7.193431286980756E-004  1.495417752529643E-002
   8.74897064579256      -5.071336377171485E-004  1.453525816160396E-002
   8.80767514677104      -3.162626526544479E-004  1.410966501830007E-002
   8.86637964774951      -1.452667143403017E-004  1.367913006567210E-002
   8.92508414872799       7.292285599030693E-006  1.324536421951406E-002
   8.98378864970646       1.427251167270010E-004  1.280998480214910E-002
   9.04249315068493       2.622846193814193E-004  1.237453406448170E-002
   9.10119765166341       3.670708382912388E-004  1.194043264883452E-002
   9.15990215264188       4.581895948720941E-004  1.150898723611277E-002
   9.21860665362035       5.367009438177251E-004  1.108139497363826E-002
   9.27731115459883       6.035844219300292E-004  1.065873451150998E-002
   9.33601565557730       6.597783697546175E-004  1.024194097315416E-002
   9.39472015655577       7.061990195159554E-004  9.831846966923401E-003
   9.45342465753425       7.436820402480692E-004  9.429228158475999E-003
   9.51212915851272       7.730609403235842E-004  9.034757652136370E-003
   9.57083365949119       7.951295503333102E-004  8.649052102857945E-003
   9.62953816046967       8.106338733211362E-004  8.272647908836800E-003
   9.68824266144814       8.203399434632737E-004  7.906077030148503E-003
   9.74694716242662       8.249291821542199E-004  7.549807374155100E-003
   9.80565166340509       8.250607099004378E-004  7.204283253106332E-003
   9.86435616438356       8.213702029594965E-004  6.869821566659049E-003
   9.92306066536204       8.144207733044136E-004  6.546709145399089E-003
   9.98176516634051       8.047657323719669E-004  6.235170790120059E-003
   10.0404696673190       7.929024130737510E-004  5.935334265327573E-003
   10.0991741682975       7.792960260610415E-004  5.647237316483742E-003
   10.1578786692759       7.643009235071231E-004  5.370859307046920E-003
   10.2165831702544       7.482676753279148E-004  5.106111125162789E-003
   10.2752876712329       7.314580734177830E-004  4.852788942930168E-003
   10.3339921722114       7.140506606551126E-004  4.610655617607407E-003
   10.3926966731898       6.962446309626032E-004  4.379421329865561E-003
   10.4514011741683       6.781334304667013E-004  4.158735088155837E-003
   10.5101056751468       6.598393007875687E-004  3.948238116141558E-003
   10.5688101761252       6.414276474852711E-004  3.747533835047512E-003
   10.6275146771037       6.229533166930519E-004  3.556167221223489E-003
   10.6862191780822       6.045261928452956E-004  3.373709503043430E-003
   10.7449236790607       5.862161098858477E-004  3.199727490080368E-003
   10.8036281800391       5.681262891452201E-004  3.033811162503182E-003
   10.8623326810176       5.503487441312755E-004  2.875498983803035E-003
   10.9210371819961       5.329217997988907E-004  2.724424512810470E-003
   10.9797416829746       5.158857826660450E-004  2.580270288058842E-003
   11.0384461839530       4.992352303216622E-004  2.442774532566496E-003
   11.0971506849315       4.829813354704657E-004  2.311693840167098E-003
   11.1558551859100       4.671297497739782E-004  2.186855204529488E-003
   11.2145596868885       4.516577926385575E-004  2.068107340966769E-003
   11.2732641878669       4.365296142847795E-004  1.955318414740585E-003
   11.3319686888454       4.217153725217661E-004  1.848418326520945E-003
   11.3906731898239       4.072108815343498E-004  1.747273622325991E-003
   11.4493776908024       3.930250477885781E-004  1.651758887076255E-003
   11.5080821917808       3.791420310988284E-004  1.561778138020282E-003
   11.5667866927593       3.655304117404551E-004  1.477195729144122E-003
   11.6254911937378       3.521678999978681E-004  1.397825598689406E-003
   11.6841956947162       3.390924954636417E-004  1.323442990750922E-003
   11.7429001956947       3.262941651701497E-004  1.253777222209227E-003
   11.8016046966732       3.137731307125802E-004  1.188579638817831E-003
   11.8603091976517       3.015422701127320E-004  1.127522753537500E-003
   11.9190136986301       2.896045528906406E-004  1.070322412390385E-003
   11.9777181996086       2.780260926381270E-004  1.016691543049506E-003
   12.0364227005871       2.668640195263016E-004  9.663367054687370E-004
   12.0951272015656       2.562233883616263E-004  9.189756404451466E-004
   12.1538317025440       2.462153754131527E-004  8.743522624202487E-004
   12.2125362035225       2.369288061001893E-004  8.322281273090343E-004
   12.2712407045010       2.284392807893056E-004  7.924040532251252E-004
   12.3299452054795       2.207850266462336E-004  7.546955315979946E-004
   12.3886497064579       2.139902535710794E-004  7.189128769033018E-004
   12.4473542074364       2.080782672886276E-004  6.849396443258985E-004
   12.5060587084149       2.029307315666101E-004  6.526182917524215E-004
   12.5647632093933       1.984345533237625E-004  6.218646904157714E-004
   12.6234677103718       1.944563559890015E-004  5.925670784313011E-004
   12.6821722113503       1.908884667564509E-004  5.646924285762711E-004
   12.7408767123288       1.875557110825895E-004  5.382418091335487E-004
   12.7995812133072       1.843016843669676E-004  5.132077859870655E-004
   12.8582857142857       1.809588395798968E-004  4.895773585212176E-004
   12.9169902152642       1.773951491170849E-004  4.673545679479437E-004
   12.9756947162427       1.734825041514871E-004  4.464888238191157E-004
   13.0343992172211       1.691730056760014E-004  4.269327272689544E-004
   13.0931037181996       1.644076232822532E-004  4.086015727105425E-004
   13.1518082191781       1.592021435301151E-004  3.914191820959070E-004
   13.2105127201566       1.535568074758429E-004  3.753167457987927E-004
   13.2692172211350       1.475336380799559E-004  3.602164727781558E-004
   13.3279217221135       1.411954483306625E-004  3.460251021558030E-004
   13.3866262230920       1.346552855287788E-004  3.327296601034581E-004
   13.4453307240705       1.280223654253566E-004  3.202892737272024E-004
   13.5040352250489       1.214253032187488E-004  3.087225101225297E-004
   13.5627397260274       1.149889113103198E-004  2.980340996072832E-004
   13.6214442270059       1.088594149189476E-004  2.882343079423272E-004
   13.6801487279843       1.031115258423113E-004  2.793468921658237E-004
   13.7388532289628       9.786890351519534E-005  2.713920432052860E-004
   13.7975577299413       9.319558619255616E-005  2.643577266925998E-004
   13.8562622309198       8.915840186669722E-005  2.581643364219643E-004
   13.9149667318982       8.575381657663808E-005  2.527427771859906E-004
   13.9736712328767       8.295261255891885E-005  2.480079128655896E-004
   14.0323757338552       8.066648761507056E-005  2.438774270989683E-004
   14.0910802348337       7.879819393342253E-005  2.402511261330670E-004
   14.1497847358121       7.724533005975905E-005  2.369786180755716E-004
   14.2084892367906       7.585630605784335E-005  2.339584708695911E-004
   14.2671937377691       7.449580960087229E-005  2.310307107039254E-004
   14.3258982387476       7.305503478891674E-005  2.280961924386125E-004
   14.3846027397260       7.143818994749606E-005  2.250639539730689E-004
   14.4433072407045       6.960949820360771E-005  2.218491193185038E-004
   14.5020117416830       6.749915948559224E-005  2.183729988654988E-004
   14.5607162426614       6.515157594638030E-005  2.145672973423374E-004
   14.6194207436399       6.260441153334545E-005  2.103957717849193E-004
   14.6781252446184       5.987177957149741E-005  2.058802457244572E-004
   14.7368297455969       5.694304843037798E-005  2.010469878955910E-004
   14.7955342465753       5.382992556816182E-005  1.959757227247250E-004
   14.8542387475538       5.055391292959179E-005  1.907476600400735E-004
   14.9129432485323       4.711447726015792E-005  1.854650955121498E-004
   14.9716477495108       4.345226522947721E-005  1.802657796103380E-004
   15.0303522504892       3.953973630397982E-005  1.753008153984154E-004
   15.0890567514677       3.537290115316830E-005  1.707279558312447E-004
   15.1477612524462       3.096345135682950E-005  1.666842736542836E-004
   15.2064657534247       2.631077730121250E-005  1.632335354616037E-004
   15.2651702544031       2.141407079704101E-005  1.604499012061102E-004
   15.3238747553816       1.633202306641239E-005  1.583519891425472E-004
   15.3825792563601       1.107820658470434E-005  1.569463415703546E-004
   15.4412837573386       5.691635872338509E-006  1.561460473531510E-004
   15.4999882583170       2.143764333632107E-007  1.558145053612747E-004
   15.5586927592955      -5.274108187011522E-006  1.558486219504282E-004
   15.6173972602740      -1.068387668427731E-005  1.561177280348797E-004
   15.6761017612524      -1.596531276649001E-005  1.564582282897693E-004
   15.7348062622309      -2.106675373511714E-005  1.567303641480890E-004
   15.7935107632094      -2.590128794480597E-005  1.568398725585872E-004
   15.8522152641879      -3.039620946063688E-005  1.567113103590619E-004
   15.9109197651663      -3.444881214430722E-005  1.563170901668616E-004
   15.9696242661448      -3.800348076136328E-005  1.556347407603565E-004
   16.0283287671233      -4.103919522395897E-005  1.546398692536726E-004
   16.0870332681018      -4.353440480795240E-005  1.533315498808046E-004
   16.1457377690802      -4.549805098041912E-005  1.517257028203072E-004
   16.2044422700587      -4.699611927185745E-005  1.498341318023795E-004
   16.2631467710372      -4.808029908866863E-005  1.475996805376936E-004
   16.3218512720157      -4.887991343866926E-005  1.450433491997542E-004
   16.3805557729941      -4.951694440587434E-005  1.421487116982488E-004
   16.4392602739726      -5.014987502110399E-005  1.389123109268416E-004
   16.4979647749511      -5.094225307297793E-005  1.353598402853015E-004
   16.5566692759296      -5.204093561870788E-005  1.314915304932238E-004
   16.6153737769080      -5.358656658667314E-005  1.273212378863357E-004
   16.6740782778865      -5.566457095907691E-005  1.228625565841987E-004
   16.7327827788650      -5.831484311239399E-005  1.181109438912200E-004
   16.7914872798434      -6.158002861605499E-005  1.131146410583595E-004
   16.8501917808219      -6.538843670492768E-005  1.078999786863549E-004
   16.9088962818004      -6.963793873497099E-005  1.025154434387639E-004
   16.9676007827789      -7.422438796119278E-005  9.698079758685203E-005
   17.0263052837573      -7.902658169657845E-005  9.133760673989869E-005
   17.0850097847358      -8.391300846451959E-005  8.564584763449659E-005
   17.1437142857143      -8.876439596777314E-005  7.998652282292212E-005
   17.2024187866928      -9.347632246194968E-005  7.444230626908659E-005
   17.2611232876712      -9.798038157954092E-005  6.910582287060928E-005
   17.3198277886497      -1.022073477955812E-004  6.404983099402245E-005
   17.3785322896282      -1.061432306387748E-004  5.937584036243108E-005
   17.4372367906067      -1.097811186042932E-004  5.514584461353275E-005
   17.4959412915851      -1.130949592694098E-004  5.140054175844057E-005
   17.5546457925636      -1.160813974100181E-004  4.812398136446324E-005
   17.6133502935421      -1.186931846168627E-004  4.531410582902385E-005
   17.6720547945205      -1.209127664956149E-004  4.292750330942969E-005
   17.7307592954990      -1.226670996773462E-004  4.087557511063515E-005
   17.7894637964775      -1.240158444242351E-004  3.906116230933489E-005
   17.8481682974560      -1.248903014953686E-004  3.734241668884617E-005
   17.9068727984344      -1.253146580578610E-004  3.547682026295651E-005
   17.9655772994129      -1.252980752091136E-004  3.335604469640608E-005
   18.0242818003914      -1.247482700876118E-004  3.082956066045696E-005
   18.0829863013699      -1.236913502222507E-004  2.774134677917034E-005
   18.1416908023483      -1.221813286918672E-004  2.406809159459644E-005
   18.2003953033268      -1.202362186205958E-004  1.981774029071568E-005
   18.2590998043053      -1.178233331295346E-004  1.498903621357936E-005
   18.3178043052838      -1.150088295039905E-004  9.628219306686343E-006
   18.3765088062622      -1.117809311265592E-004  3.832986919786419E-006
   18.4352133072407      -1.082105242824800E-004 -2.300002554606245E-006
   18.4939178082192      -1.043604125019685E-004 -8.648110288838574E-006
   18.5526223091977      -1.003443632491760E-004 -1.511789370289064E-005
   18.6113268101761      -9.623721180951301E-005 -2.161901841772015E-005
   18.6700313111546      -9.213875265413142E-005 -2.810686661770736E-005
   18.7287358121331      -8.813044021205952E-005 -3.454175203316496E-005
   18.7874403131115      -8.430256521121050E-005 -4.088306102206291E-005
   18.8461448140900      -8.075271546203196E-005 -4.717073724862051E-005
   18.9048493150685      -7.758050927660106E-005 -5.334185890473088E-005
   18.9635538160470      -7.484323114623865E-005 -5.934036444137802E-005
   19.0222583170254      -7.255171705938243E-005 -6.514120096354019E-005
   19.0809628180039      -7.068312787413201E-005 -7.068642486541385E-005
   19.1396673189824      -6.916557912226785E-005 -7.591367613058738E-005
   19.1983718199609      -6.789462227592512E-005 -8.080030678800698E-005
   19.2570763209393      -6.673459988152649E-005 -8.529692223506084E-005
   19.3157808219178      -6.554917051054933E-005 -8.933573071288626E-005
   19.3744853228963      -6.418860805766818E-005 -9.283749677293514E-005
   19.4331898238748      -6.250056360803248E-005 -9.575137071997475E-005
   19.4918943248532      -6.038765263864602E-005 -9.804027165756462E-005
   19.5505988258317      -5.773115316255181E-005 -9.966454745821823E-005
   19.6093033268102      -5.454043602492370E-005 -1.006158031134707E-004
   19.6680078277886      -5.081340201401612E-005 -1.008863563744127E-004
   19.7267123287671      -4.660122274178146E-005 -1.004888334337526E-004
   19.7854168297456      -4.196795423713596E-005 -9.945061828631195E-005
   19.8441213307241      -3.698362874535629E-005 -9.783355809838703E-005
   19.9028258317025      -3.171019703657291E-005 -9.567789258847690E-005
   19.9615303326810      -2.619008855485864E-005 -9.307218263392245E-005
   20.0202348336595      -2.044073566993815E-005 -9.009987527992523E-005
   20.0789393346380      -1.448618498860588E-005 -8.687350211085301E-005
   20.1376438356164      -8.331791948396700E-006 -8.352680473451851E-005
   20.1963483365949      -1.987750616118515E-006 -8.016077162225010E-005
   20.2550528375734       4.541665515406144E-006 -7.688446986816258E-005
   20.3137573385519       1.127810269637561E-005 -7.381507917656985E-005
   20.3724618395303       1.817587816508520E-005 -7.102402906918330E-005
   20.4311663405088       2.522023484613500E-005 -6.855232199748181E-005
   20.4898708414873       3.239567417716844E-005 -6.641925037707784E-005
   20.5485753424658       3.960867955916005E-005 -6.459303022727466E-005
   20.6072798434442       4.674390223784570E-005 -6.305730901339249E-005
   20.6659843444227       5.368060242253272E-005 -6.172180267035756E-005
   20.7246888454012       6.028421823766263E-005 -6.043204152499071E-005
   20.7833933463796       6.647515752446724E-005 -5.910657870045432E-005
   20.8420978473581       7.211830722840815E-005 -5.764857295320317E-005
   20.9008023483366       7.710211798519554E-005 -5.595570692881967E-005
   20.9595068493151       8.134094968406330E-005 -5.398740686234642E-005
   21.0182113502935       8.478858490821755E-005 -5.171184812418551E-005
   21.0769158512720       8.740563698550137E-005 -4.917816887006059E-005
   21.1356203522505       8.918845397102306E-005 -4.638718703753610E-005
   21.1943248532290       9.015524072136979E-005 -4.340419004852673E-005
   21.2530293542074       9.035073390656853E-005 -4.024255490905512E-005
   21.3117338551859       8.980625312871092E-005 -3.688870271168542E-005
   21.3704383561644       8.853981696425483E-005 -3.338291749216907E-005
   21.4291428571429       8.663285772653523E-005 -2.973547200029009E-005
   21.4878473581213       8.418496569370036E-005 -2.587959268754229E-005
   21.5465518590998       8.127587911760400E-005 -2.180300921722921E-005
   21.6052563600783       7.799978663361177E-005 -1.743766161856325E-005
   21.6639608610568       7.447445389125683E-005 -1.267986887879988E-005
   21.7226653620352       7.078681467786446E-005 -7.469287739815816E-006
   21.7813698630137       6.702856125489072E-005 -1.767425863754855E-006
   21.8400743639922       6.326489934941229E-005  4.431005016341804E-006
   21.8987788649706       5.954273179709285E-005  1.109139263381612E-005
   21.9574833659491       5.590935843683289E-005  1.814683305352672E-005
   22.0161878669276       5.233753662416569E-005  2.548135457582429E-005
   22.0748923679061       4.884472814743151E-005  3.296023001577208E-005
   22.1335968688845       4.539078870086169E-005  4.040450855232659E-005
   22.1923013698630       4.199856598484271E-005  4.764811648344410E-005
   22.2510058708415       3.861385058362261E-005  5.455358194107064E-005
   22.3097103718200       3.524490314030504E-005  6.096035872573041E-005
   22.3684148727984       3.188020366764466E-005  6.674314256577450E-005
   22.4271193737769       2.858123563037211E-005  7.183490296054404E-005
   22.4858238747554       2.536883576342472E-005  7.619580485660367E-005
   22.5445283757339       2.231532028691431E-005  7.979881657684601E-005
   22.6032328767123       1.943383917537962E-005  8.268030581231379E-005
   22.6619373776908       1.678086852753353E-005  8.482028442102261E-005
   22.7206418786693       1.433438608599452E-005  8.621319576316577E-005
   22.7793463796478       1.212417337711095E-005  8.686060543737018E-005
   22.8380508806262       1.010456995117747E-005  8.676600313026306E-005
   22.8967553816047       8.233997868920732E-006  8.596308218258291E-005
   22.9554598825832       6.393278376312774E-006  8.448403599366620E-005
   23.0141643835616       4.502807198107009E-006  8.233216890529750E-005
   23.0728688845401       2.403081138492132E-006  7.952518851753215E-005
   23.1315733855186       3.222181390750120E-009  7.609324457773264E-005
   23.1902778864971      -2.794821348530790E-006  7.204650828953074E-005
   23.2489823874755      -6.052996662723532E-006  6.744426297295504E-005
   23.3076868884540      -9.809972885310183E-006  6.228275693920208E-005
   23.3663913894325      -1.402956961918649E-005  5.664948319509326E-005
   23.4250958904110      -1.863558110255828E-005  5.061271448109422E-005
   23.4838003913894      -2.350135558339762E-005  4.424754678578018E-005
   23.5425048923679      -2.850593242453569E-005  3.766313295300041E-005
   23.6012093933464      -3.351743432048675E-005  3.094380423689171E-005
   23.6599138943249      -3.840525366942913E-005  2.417926383370485E-005
   23.7186183953033      -4.308105905394253E-005  1.745252974744484E-005
   23.7773228962818      -4.746522537579816E-005  1.085460700963411E-005
   23.8360273972603      -5.148987538550624E-005  4.485824304658055E-006
   23.8947318982387      -5.515983843016743E-005 -1.572587042458725E-006
   23.9534363992172      -5.846416953326210E-005 -7.240997917538509E-006
   24.0121409001957      -6.142019443416316E-005 -1.245275568006219E-005
   24.0708454011742      -6.403321540769961E-005 -1.715346399976380E-005
   24.1295499021526      -6.631678492493544E-005 -2.129564872892425E-005
   24.1882544031311      -6.826226569428303E-005 -2.484558607569240E-005
   24.2469589041096      -6.984763807014079E-005 -2.781848342194848E-005
   24.3056634050881      -7.101267841669659E-005 -3.023551581782607E-005
   24.3643679060665      -7.168480065937681E-005 -3.214679210197269E-005
   24.4230724070450      -7.174345060796156E-005 -3.360195726315085E-005
   24.4817769080235      -7.110158232299794E-005 -3.468299491045868E-005
   24.5404814090020      -6.967093234650984E-005 -3.546627283920340E-005
   24.5991859099804      -6.736432026488320E-005 -3.603140897901560E-005
   24.6578904109589      -6.413037022204749E-005 -3.642485371642847E-005
   24.7165949119374      -5.997298681970110E-005 -3.669275295133436E-005
   24.7752994129159      -5.495260643630724E-005 -3.682532140815017E-005
   24.8340039138943      -4.914299200791114E-005 -3.681625666760400E-005
   24.8927084148728      -4.268640154903478E-005 -3.663119023419081E-005
   24.9514129158513      -3.566696973492914E-005 -3.627178382561035E-005
   25.0101174168297      -2.821273292595110E-005 -3.573105449641582E-005
   25.0688219178082      -2.050670088378354E-005 -3.501974612877091E-005
   25.1275264187867      -1.265515874091274E-005 -3.413406080833593E-005
   25.1862309197652      -4.774578336630849E-006 -3.305571084357037E-005
   25.2449354207436       3.055952361995345E-006 -3.184478389248954E-005
   25.3036399217221       1.073989315739370E-005 -3.053428531695085E-005
   25.3623444227006       1.820165507287733E-005 -2.917804993308530E-005
   25.4210489236791       2.539317058559247E-005 -2.792980588585069E-005
   25.4797534246575       3.229054796149698E-005 -2.682693627369084E-005
   25.5384579256360       3.883010188770763E-005 -2.596627485213592E-005
   25.5971624266145       4.499736258083823E-005 -2.534720853355280E-005
   25.6558669275930       5.066781224091646E-005 -2.492008497239952E-005
   25.7145714285714       5.583952816488288E-005 -2.467619429083412E-005
   25.7732759295499       6.042359188187792E-005 -2.451507047430002E-005
   25.8319804305284       6.432104764465857E-005 -2.437632702416270E-005
   25.8906849315069       6.747107699396041E-005 -2.414508862702829E-005
   25.9493894324853       6.979004010586166E-005 -2.367830267962751E-005
   26.0080939334638       7.122529879265994E-005 -2.288938383766191E-005
   26.0667984344423       7.173027243800146E-005 -2.167465395440594E-005
   26.1255029354207       7.131805930515678E-005 -2.002900793716085E-005
   26.1842074363992       6.999418474495063E-005 -1.798824013600003E-005
   26.2429119373777       6.777553953121591E-005 -1.559987889612869E-005
   26.3016164383562       6.472199049499740E-005 -1.291357557421260E-005
   26.3603209393346       6.091067460321349E-005 -1.000041791971663E-005
   26.4190254403131       5.641703797950444E-005 -6.918630300030766E-006
   26.4777299412916       5.129146926704844E-005 -3.762272110720809E-006
   26.5364344422701       4.566028627417370E-005 -5.906605959106379E-007
   26.5951389432485       3.960245599422680E-005  2.566171994264981E-006
   26.6538434442270       3.322195192037357E-005  5.687637402525147E-006
   26.7125479452055       2.658649693789755E-005  8.802448955425878E-006
   26.7712524461840       1.979511769644225E-005  1.193305306610132E-005
   26.8299569471624       1.295866658070018E-005  1.512918027798322E-005
   26.8886614481409       6.153045656707648E-006  1.844522744862368E-005
   26.9473659491194      -5.629215091963258E-007  2.191483402872066E-005
   27.0060704500978      -7.130747185056910E-006  2.554532597579926E-005
   27.0647749510763      -1.343824644423649E-005  2.931628553300927E-005
   27.1234794520548      -1.944211454442065E-005  3.313554746090418E-005
   27.1821839530333      -2.506720319128714E-005  3.686955534884979E-005
   27.2408884540117      -3.025824840275569E-005  4.038621507221262E-005
   27.2995929549902      -3.494567119695020E-005  4.356475987229112E-005
   27.3582974559687      -3.911273005921306E-005  4.625869912917453E-005
   27.4170019569472      -4.271430715910555E-005  4.834864920925750E-005
   27.4757064579256      -4.569045930105561E-005  4.973846430899014E-005
   27.5344109589041      -4.799457530254488E-005  5.039820412505979E-005
   27.5931154598826      -4.964180180298976E-005  5.033534213938664E-005
   27.6518199608611      -5.060884374114680E-005  4.955043389827381E-005
   27.7105244618395      -5.088995891948770E-005  4.810242964670670E-005
   27.7692289628180      -5.046854721133839E-005  4.604430760668121E-005
   27.8279334637965      -4.936088004458136E-005  4.346316373121571E-005
   27.8866379647750      -4.759865123235982E-005  4.046751546514078E-005
   27.9453424657534      -4.520516247656208E-005  3.713223734713216E-005
   28.0040469667319      -4.218790225850757E-005  3.350758667780083E-005
   28.0627514677104      -3.864737176406282E-005  2.963136225767125E-005
   28.1214559686888      -3.464472707239835E-005  2.547332359856547E-005
   28.1801604696673      -3.029773232075634E-005  2.103645170304179E-005
   28.2388649706458      -2.566394676300852E-005  1.627615708487520E-005
   28.2975694716243      -2.082043981803583E-005  1.116105056406354E-005
   28.3562739726027      -1.585449258002463E-005  5.666258904570856E-006
   28.4149784735812      -1.083414252847499E-005 -1.786634552120608E-007
   28.4736829745597      -5.858057903700335E-006 -6.319690065514144E-006
   28.5323874755382      -9.981740260750448E-007 -1.264139311212003E-005
   28.5910919765166       3.722422472247683E-006 -1.900910857418966E-005
   28.6497964774951       8.272190313085462E-006 -2.527492443272132E-005
   28.7085009784736       1.261652904569595E-005 -3.127808925883456E-005
   28.7672054794521       1.674395443616278E-005 -3.688322417894486E-005
   28.8259099804305       2.063433391229880E-005 -4.193268523695897E-005
   28.8846144814090       2.421706678669196E-005 -4.634410093920882E-005
   28.9433189823875       2.743716797728024E-005 -5.001349928314392E-005
   29.0020234833659       3.026820409060691E-005 -5.289461481367274E-005
   29.0607279843444       3.267651640216717E-005 -5.501084480450884E-005
   29.1194324853229       3.461811442858959E-005 -5.635171487167741E-005
   29.1781369863014       3.605389429224390E-005 -5.697714032166933E-005
   29.2368414872798       3.689823819063219E-005 -5.695203187589201E-005
   29.2955459882583       3.712544538119551E-005 -5.634768683812322E-005
   29.3542504892368       3.672850048375233E-005 -5.522436389300703E-005
   29.4129549902153       3.574510070407087E-005 -5.360424990427902E-005
   29.4716594911937       3.419299763434239E-005 -5.153328064120046E-005
   29.5303639921722       3.213642153228978E-005 -4.890994969379607E-005
   29.5890684931507       2.958461738571025E-005 -4.574355527552191E-005
   29.6477729941292       2.661452697458164E-005 -4.197612255781303E-005
   29.7064774951076       2.331493808716668E-005 -3.761337147279546E-005
   29.7651819960861       1.975551888432462E-005 -3.256934653233016E-005
   29.8238864970646       1.603867433585057E-005 -2.696160108265707E-005
   29.8825909980431       1.216056634512475E-005 -2.074951531510206E-005
   29.9412954990215       8.226094456823462E-006 -1.420050518511133E-005
   30.0000000000000       4.083620141074270E-006 -7.087004078348899E-006
