  2.000000000000000E-003 -7.258976319122853E-006  5.914580426553823E-006
  6.070450097847359E-002 -1.641520472762702E-007  1.385592127411361E-007
  0.119409001956947      -2.172866461692277E-007  1.784496332395457E-007
  0.178113502935421       4.948892716438248E-008 -6.565542980195454E-008
  0.236818003913894      -6.775961988593627E-008  3.880795340725792E-008
  0.295522504892368       5.866053283119078E-009 -8.696029042637668E-009
  0.354227005870842      -1.383312166804595E-007  6.477276346225195E-008
  0.412931506849315      -5.747213123278609E-007  1.569202592247912E-007
  0.471636007827789      -2.746524476595774E-006  7.062073458552085E-007
  0.530340508806262      -1.133333228182134E-005  2.808493583189429E-006
  0.589045009784736      -4.223082466221563E-005  1.041500219721672E-005
  0.647749510763209      -1.410295215702238E-004  3.450746742919547E-005
  0.706454011741683      -4.246009722127195E-004  1.032528740030294E-004
  0.765158512720157      -1.153717181797839E-003  2.788664418171186E-004
  0.823863013698630      -2.833380479702603E-003  6.803598165298893E-004
  0.882567514677104      -6.291178629009112E-003  1.497544693529358E-003
  0.941272015655577      -1.261772116648691E-002  2.963876255543845E-003
  0.999976516634051      -2.279252404140670E-002  5.231790111286464E-003
   1.05868101761252      -3.685115898831068E-002  8.090498327812421E-003
   1.11738551859100      -5.265437499525573E-002  1.049941789096287E-002
   1.17609001956947      -6.469696932659592E-002  9.999575807670651E-003
   1.23479452054795      -6.376080547096113E-002  2.191808314026743E-003
   1.29349902152642      -3.824853600340990E-002 -1.941844299091116E-002
   1.35220352250489       2.252920552528945E-002 -6.288544089875946E-002
   1.41090802348337       0.123908231255869      -0.136392168960299     
   1.46961252446184       0.262071657745899      -0.245986310018214     
   1.52831702544031       0.422911176747417      -0.392903742251450     
   1.58702152641879       0.584586500521930      -0.571238442768845     
   1.64572602739726       0.723061291961773      -0.766897624594754     
   1.70443052837573       0.818378637748159      -0.958647802922160     
   1.76313502935421       0.859144840162511       -1.12154070941644     
   1.82183953033268       0.843796222201638       -1.23217758780618     
   1.88054403131115       0.778968242338643       -1.27440582109009     
   1.93924853228963       0.676515562758825       -1.24357159642534     
   1.99795303326810       0.550764216505064       -1.14771829031655     
   2.05665753424658       0.416653611556849       -1.00514807148994     
   2.11536203522505       0.288410545136439      -0.839164267462956     
   2.17406653620352       0.178083745698378      -0.671925915174424     
   2.23277103718200       9.376697643438399E-002 -0.519614792114187     
   2.29147553816047       3.810724153064599E-002 -0.390406566109473     
   2.35018003913894       8.028069506137939E-003 -0.285429253471036     
   2.40888454011742      -3.820019372456429E-003 -0.201656629216177     
   2.46758904109589      -6.263338717819935E-003 -0.135096482791908     
   2.52629354207436      -6.594684150595623E-003 -8.288787204850924E-002
   2.58499804305284      -8.612003870960923E-003 -4.375260193852291E-002
   2.64370254403131      -1.240825011969523E-002 -1.715586743210733E-002
   2.70240704500978      -1.573474251782178E-002 -2.064002205573527E-003
   2.76111154598826      -1.606035289359132E-002  3.833143677732885E-003
   2.81981604696673      -1.227006376591054E-002  4.011633605449435E-003
   2.87852054794521      -5.296834566828917E-003  2.249277389613683E-003
   2.93722504892368       2.399196106210542E-003  1.519289778005933E-003
   2.99592954990215       8.050843874799056E-003  3.204897456031578E-003
   3.05463405088063       9.819039422038284E-003  6.970808674867116E-003
   3.11333855185910       7.484052600901826E-003  1.128360312199919E-002
   3.17204305283757       2.376061296634117E-003  1.429284426100436E-002
   3.23074755381605      -3.306883967193545E-003  1.467998404439670E-002
   3.28945205479452      -7.421959849182470E-003  1.215886233746936E-002
   3.34815655577299      -8.647646088355609E-003  7.500484753400135E-003
   3.40686105675147      -6.834266445713869E-003  2.156224820604933E-003
   3.46556555772994      -2.885550129460434E-003 -2.314357520299984E-003
   3.52427005870842       1.700481380514842E-003 -4.774661328679018E-003
   3.58297455968689       5.410741623549261E-003 -4.826043228374444E-003
   3.64167906066536       7.201966057097581E-003 -2.838945472327531E-003
   3.70038356164384       6.753024005361320E-003  2.607280582201195E-004
   3.75908806262231       4.452111205428527E-003  3.340324751057716E-003
   3.81779256360078       1.174746651990980E-003  5.415290306381787E-003
   3.87649706457926      -2.040037091573159E-003  5.905383917613112E-003
   3.93520156555773      -4.302014976188745E-003  4.738032615303849E-003
   3.99390606653620      -5.086473664375380E-003  2.298314987275158E-003
   4.05261056751468      -4.316410620496616E-003 -7.318279781205476E-004
   4.11131506849315      -2.315607027659090E-003 -3.583997430872324E-003
   4.17001956947162       3.289667932436767E-004 -5.600341994895019E-003
   4.22872407045010       2.943717412992884E-003 -6.373181715253770E-003
   4.28742857142857       4.933852366410478E-003 -5.804881844273820E-003
   4.34613307240704       5.902361868090454E-003 -4.089584687245514E-003
   4.40483757338552       5.705437034489118E-003 -1.635953490844877E-003
   4.46354207436399       4.445849096402477E-003  1.041843809979495E-003
   4.52224657534247       2.417897075896939E-003  3.436397639558765E-003
   4.58095107632094       2.524119720346708E-005  5.140139280397136E-003
   4.63965557729941      -2.307123097068015E-003  5.904741293285790E-003
   4.69836007827789      -4.209047963001191E-003  5.662948541218520E-003
   4.75706457925636      -5.418858882119920E-003  4.515867977655900E-003
   4.81576908023483      -5.809125474335726E-003  2.694715925379249E-003
   4.87447358121331      -5.386940107432561E-003  5.080460620971072E-004
   4.93317808219178      -4.273374667177286E-003 -1.713853199287048E-003
   4.99188258317025      -2.669810192244450E-003 -3.669005854653850E-003
   5.05058708414873      -8.188626686455347E-004 -5.120967601265992E-003
   5.10929158512720       1.033295343463871E-003 -5.921154820036446E-003
   5.16799608610568       2.668696500471312E-003 -6.015657939112432E-003
   5.22670058708415       3.919783285566694E-003 -5.438750322113182E-003
   5.28540508806262       4.681865790312645E-003 -4.296600386120339E-003
   5.34410958904110       4.915623229029489E-003 -2.745335220131272E-003
   5.40281409001957       4.641591341378812E-003 -9.671243664415538E-004
   5.46151859099804       3.929088967349714E-003  8.525398481371364E-004
   5.52022309197652       2.881693935849379E-003  2.543741674635331E-003
   5.57892759295499       1.621450979063567E-003  3.966365988715709E-003
   5.63763209393346       2.743489056763060E-004  5.018685249310800E-003
   5.69633659491194      -1.042157809739112E-003  5.640883998482600E-003
   5.75504109589041      -2.228433847601678E-003  5.814042699102601E-003
   5.81374559686888      -3.208412944494616E-003  5.555913944581064E-003
   5.87245009784736      -3.932116559012837E-003  4.914148250060995E-003
   5.93115459882583      -4.375264875248257E-003  3.958458126627854E-003
   5.98985909980431      -4.536828989539712E-003  2.772221055766997E-003
   6.04856360078278      -4.435219392691165E-003  1.444769341733555E-003
   6.10726810176125      -4.103415277528248E-003  6.436740367881749E-005
   6.16597260273973      -3.584234816227139E-003 -1.287438527896232E-003
   6.22467710371820      -2.925616017328333E-003 -2.540098621941030E-003
   6.28338160469667      -2.176579220509128E-003 -3.636772955274984E-003
   6.34208610567515      -1.383851034603822E-003 -4.535569924180564E-003
   6.40079060665362      -5.894543338405967E-004 -5.209765285215425E-003
   6.45949510763209       1.711206931831357E-004 -5.646848287106602E-003
   6.51819960861057       8.698730004874956E-004 -5.846941739694560E-003
   6.57690410958904       1.486445584682954E-003 -5.820675532950364E-003
   6.63560861056752       2.007878208308960E-003 -5.587161679836475E-003
   6.69431311154599       2.427840159306983E-003 -5.171695529862122E-003
   6.75301761252446       2.745593629178080E-003 -4.603724464998161E-003
   6.81172211350294       2.964645937240365E-003 -3.915053105042992E-003
   6.87042661448141       3.091697238687338E-003 -3.138348640994643E-003
   6.92913111545988       3.135277818003314E-003 -2.305890158855810E-003
   6.98783561643836       3.104961158855428E-003 -1.448430204005529E-003
   7.04654011741683       3.010576603632643E-003 -5.942718768411702E-004
   7.10524461839530       2.861779462471451E-003  2.313994470718313E-004
   7.16394911937378       2.667716536008607E-003  1.007174049903293E-003
   7.22265362035225       2.437064630380625E-003  1.715666355853592E-003
   7.28135812133072       2.177911463139327E-003  2.343664358755873E-003
   7.34006262230920       1.897820795161863E-003  2.882079800500524E-003
   7.39876712328767       1.603900464939702E-003  3.325584946642534E-003
   7.45747162426615       1.302817478927668E-003  3.672335409411902E-003
   7.51617612524462       1.000799083958380E-003  3.923375845819024E-003
   7.57488062622309       7.034791999062148E-004  4.082088325853087E-003
   7.63358512720157       4.161979798411568E-004  4.153906235234814E-003
   7.69228962818004       1.437008612240866E-004  4.145757549607950E-003
   7.75099412915851      -1.098575733815202E-004  4.065534641202979E-003
   7.80969863013699      -3.410837187068460E-004  3.922075477454296E-003
   7.86840313111546      -5.471827588958796E-004  3.724732932124879E-003
   7.92710763209393      -7.261317802268772E-004  3.483143597615648E-003
   7.98581213307241      -8.767052619769420E-004  3.206993852740967E-003
   8.04451663405088      -9.985435868220989E-004  2.905581198724048E-003
   8.10322113502936      -1.091974483363757E-003  2.587611670355800E-003
   8.16192563600783      -1.158097897290889E-003  2.260778481327085E-003
   8.22063013698630      -1.198692273937998E-003  1.931481588999701E-003
   8.27933463796478      -1.216203760987653E-003  1.604822493727560E-003
   8.33803913894325      -1.213544285791572E-003  1.284504100790410E-003
   8.39674363992172      -1.193950117245792E-003  9.729943603033239E-004
   8.45544814090020      -1.160939612066182E-003  6.717319685944276E-004
   8.51415264187867      -1.118021636920858E-003  3.814763846540867E-004
   8.57285714285714      -1.068666321718704E-003  1.026166354245923E-004
   8.63156164383562      -1.015980386147359E-003 -1.646221728493975E-004
   8.69026614481409      -9.627154803009988E-004 -4.200049736220725E-004
   8.74897064579256      -9.110654264219916E-004 -6.631757263195979E-004
   8.80767514677104      -8.626345740257481E-004 -8.936988242896130E-004
   8.86637964774951      -8.184317894136404E-004 -1.110956429431049E-003
   8.92508414872799      -7.788349135215196E-004 -1.314337412286857E-003
   8.98378864970646      -7.435890079411654E-004 -1.503150946495266E-003
   9.04249315068493      -7.120973160950326E-004 -1.676757087475708E-003
   9.10119765166341      -6.834362646437840E-004 -1.834475883953663E-003
   9.15990215264188      -6.565985373667577E-004 -1.975523878713539E-003
   9.21860665362035      -6.306362684361741E-004 -2.099148115970481E-003
   9.27731115459883      -6.047746107014307E-004 -2.204497378590316E-003
   9.33601565557730      -5.786180798649209E-004 -2.290745614641375E-003
   9.39472015655577      -5.519760155103037E-004 -2.357197118238861E-003
   9.45342465753425      -5.247841139005194E-004 -2.403293564589729E-003
   9.51212915851272      -4.972323383810303E-004 -2.429154597384414E-003
   9.57083365949119      -4.696017764792075E-004 -2.435485238822129E-003
   9.62953816046967      -4.420005376350726E-004 -2.423647392137357E-003
   9.68824266144814      -4.145582984702249E-004 -2.395717187100144E-003
   9.74694716242662      -3.872928642957068E-004 -2.354348109192316E-003
   9.80565166340509      -3.602709524718467E-004 -2.302658577539700E-003
   9.86435616438356      -3.336241001096762E-004 -2.243903326551959E-003
   9.92306066536204      -3.075481705464543E-004 -2.181368436252144E-003
   9.98176516634051      -2.823673233205921E-004 -2.118008439982362E-003
   10.0404696673190      -2.584955315607190E-004 -2.056390661938626E-003
   10.0991741682975      -2.363276589093164E-004 -1.998594805237092E-003
   10.1578786692759      -2.162085122115594E-004 -1.946150040118072E-003
   10.2165831702544      -1.983085667800222E-004 -1.899826337933361E-003
   10.2752876712329      -1.825484272137728E-004 -1.859864640359981E-003
   10.3339921722114      -1.686239012370001E-004 -1.826051291817454E-003
   10.3926966731898      -1.560808275994516E-004 -1.797607029372518E-003
   10.4514011741683      -1.444226229393895E-004 -1.773369391471422E-003
   10.5101056751468      -1.332109567833395E-004 -1.752001259744281E-003
   10.5688101761252      -1.222528570257596E-004 -1.731934180147104E-003
   10.6275146771037      -1.116861598539536E-004 -1.711483652766342E-003
   10.6862191780822      -1.020797241493555E-004 -1.689086435512657E-003
   10.7449236790607      -9.428818476386822E-005 -1.663258604572974E-003
   10.8036281800391      -8.921403797568114E-005 -1.632725201368888E-003
   10.8623326810176      -8.777261219957391E-005 -1.596548366424768E-003
   10.9210371819961      -9.057382931804891E-005 -1.554146658691821E-003
   10.9797416829746      -9.786742853104765E-005 -1.505381282989617E-003
   11.0384461839530      -1.094444962493313E-004 -1.450506493614816E-003
   11.0971506849315      -1.246218945943503E-004 -1.390188271871335E-003
   11.1558551859100      -1.423222991928272E-004 -1.325616308385078E-003
   11.2145596868885      -1.612721773175509E-004 -1.258258190859223E-003
   11.2732641878669      -1.800638526969702E-004 -1.189821135604858E-003
   11.3319686888454      -1.974033836814652E-004 -1.122255697281545E-003
   11.3906731898239      -2.121357534246769E-004 -1.057416759779560E-003
   11.4493776908024      -2.232695149364218E-004 -9.970564532945077E-004
   11.5080821917808      -2.301287954107293E-004 -9.426292352060835E-004
   11.5667866927593      -2.321355738373234E-004 -8.951397131401894E-004
   11.6254911937378      -2.289758591931819E-004 -8.550359846433082E-004
   11.6841956947162      -2.205066813062921E-004 -8.222069166845936E-004
   11.7429001956947      -2.067979151408294E-004 -7.961031091829985E-004
   11.8016046966732      -1.880676151382544E-004 -7.756837211000400E-004
   11.8603091976517      -1.648779842966913E-004 -7.597061550967173E-004
   11.9190136986301      -1.380857214393779E-004 -7.469759230964013E-004
   11.9777181996086      -1.089539884713574E-004 -7.363895464746358E-004
   12.0364227005871      -7.899332407162069E-005 -7.270930203517926E-004
   12.0951272015656      -5.007187672411045E-005 -7.185583767197995E-004
   12.1538317025440      -2.399065444604498E-005 -7.104875757941203E-004
   12.2125362035225      -2.658180895188891E-006 -7.026758738690212E-004
   12.2712407045010       1.235546702091346E-005 -6.950982883011567E-004
   12.3299452054795       1.986076497200537E-005 -6.876967187740322E-004
   12.3886497064579       1.920997017368570E-005 -6.802997371163801E-004
   12.4473542074364       1.029032580720455E-005 -6.726454350344132E-004
   12.5060587084149      -6.340314704151279E-006 -6.644905549193556E-004
   12.5647632093933      -2.958594021703801E-005 -6.555510608268760E-004
   12.6234677103718      -5.786156114567829E-005 -6.456475890616962E-004
   12.6821722113503      -8.925654207489092E-005 -6.347212780332072E-004
   12.7408767123288      -1.216438813795501E-004 -6.229053650156114E-004
   12.7995812133072      -1.527472460071174E-004 -6.103821172079940E-004
   12.8582857142857      -1.805354871055103E-004 -5.973577580695818E-004
   12.9169902152642      -2.032575132433458E-004 -5.840072386357207E-004
   12.9756947162427      -2.195279687439065E-004 -5.702547749253750E-004
   13.0343992172211      -2.284991500481127E-004 -5.558472052381867E-004
   13.0931037181996      -2.299420311393410E-004 -5.403467265180896E-004
   13.1518082191781      -2.241325901982024E-004 -5.232093457992377E-004
   13.2105127201566      -2.117881567443078E-004 -5.039813747286523E-004
   13.2692172211350      -1.938518728130791E-004 -4.824181061039448E-004
   13.3279217221135      -1.714681918239165E-004 -4.585356659572459E-004
   13.3866262230920      -1.458955620435993E-004 -4.328082507907466E-004
   13.4453307240705      -1.182697806591134E-004 -4.061937474816018E-004
   13.5040352250489      -8.979233859861682E-005 -3.799619391788181E-004
   13.5627397260274      -6.152614302037178E-005 -3.556541772098429E-004
   13.6214442270059      -3.456793701098050E-005 -3.349057916844563E-004
   13.6801487279843      -9.899360662563443E-006 -3.191534716142902E-004
   13.7388532289628       1.154768224529048E-005 -3.096177253606936E-004
   13.7975577299413       2.911276132195080E-005 -3.070583506729594E-004
   13.8562622309198       4.226890369452093E-005 -3.117475795441721E-004
   13.9149667318982       5.071959701991875E-005 -3.234842583059012E-004
   13.9736712328767       5.457217143910747E-005 -3.415095798995981E-004
   14.0323757338552       5.433859111681722E-005 -3.646693484873814E-004
   14.0910802348337       5.080711779819644E-005 -3.914083179315988E-004
   14.1497847358121       4.498729712969541E-005 -4.199839528896490E-004
   14.2084892367906       3.810254064285367E-005 -4.485650924909333E-004
   14.2671937377691       3.125339282619213E-005 -4.752981680789158E-004
   14.3258982387476       2.525107363740371E-005 -4.985081503724730E-004
   14.3846027397260       2.051088810085822E-005 -5.167837316133600E-004
   14.4433072407045       1.698612813106197E-005 -5.290684531552244E-004
   14.5020117416830       1.424153781395350E-005 -5.346910214198812E-004
   14.5607162426614       1.170147701335641E-005 -5.332974447550029E-004
   14.6194207436399       8.614486434681468E-006 -5.249990664278182E-004
   14.6781252446184       4.380856864075505E-006 -5.101676752094953E-004
   14.7368297455969      -1.281785613678753E-006 -4.894587848721932E-004
   14.7955342465753      -8.201553755948853E-006 -4.638148416995239E-004
   14.8542387475538      -1.588882047999081E-005 -4.343689717511785E-004
   14.9129432485323      -2.347861323362199E-005 -4.024303697652343E-004
   14.9716477495108      -2.994187526476295E-005 -3.694909023199980E-004
   15.0303522504892      -3.405803648781984E-005 -3.371294548921628E-004
   15.0890567514677      -3.464492733243734E-005 -3.069193092841211E-004
   15.1477612524462      -3.068497779001380E-005 -2.803403942175221E-004
   15.2064657534247      -2.148535815348909E-005 -2.586830753763837E-004
   15.2651702544031      -6.688769715216284E-006 -2.428849684893223E-004
   15.3238747553816       1.369239730080411E-005 -2.333833010949986E-004
   15.3825792563601       3.925721368536697E-005 -2.301160038687335E-004
   15.4412837573386       6.930723889390584E-005 -2.324245936974797E-004
   15.4999882583170       1.028820586864812E-004 -2.392297639786758E-004
   15.5586927592955       1.387540411481133E-004 -2.490737565533258E-004
   15.6173972602740       1.755309127047834E-004 -2.603368954793363E-004
   15.6761017612524       2.117773402582058E-004 -2.716787203228808E-004
   15.7348062622309       2.460406002165930E-004 -2.820583825376433E-004
   15.7935107632094       2.769893605496928E-004 -2.908494519857172E-004
   15.8522152641879       3.034624158048992E-004 -2.979615211650220E-004
   15.9109197651663       3.244572497511313E-004 -3.036648423217113E-004
   15.9696242661448       3.392461284747771E-004 -3.085163403642513E-004
   16.0283287671233       3.473352799839308E-004 -3.131281306595083E-004
   16.0870332681018       3.485288970144602E-004 -3.179803154377161E-004
   16.1457377690802       3.430271396464953E-004 -3.234135207294736E-004
   16.2044422700587       3.312915354274677E-004 -3.294089092192459E-004
   16.2631467710372       3.141638443765030E-004 -3.355870860086958E-004
   16.3218512720157       2.928570501043076E-004 -3.413741235510397E-004
   16.3805557729941       2.688594123540599E-004 -3.459332254122975E-004
   16.4392602739726       2.439877742685624E-004 -3.483838926530945E-004
   16.4979647749511       2.201051846569902E-004 -3.477530918654982E-004
   16.5566692759296       1.990499538160340E-004 -3.431534620633048E-004
   16.6153737769080       1.824930350473033E-004 -3.339171225682307E-004
   16.6740782778865       1.716704413342139E-004 -3.195550825097677E-004
   16.7327827788650       1.671937775227023E-004 -2.999093865499853E-004
   16.7914872798434       1.690646961014508E-004 -2.750788646146819E-004
   16.8501917808219       1.766126386270206E-004 -2.455159227701870E-004
   16.9088962818004       1.888122818241187E-004 -2.118779626310262E-004
   16.9676007827789       2.044948128722095E-004 -1.748977512559553E-004
   17.0263052837573       2.219780981988145E-004 -1.356924117085922E-004
   17.0850097847358       2.399246664798484E-004 -9.548232231845080E-005
   17.1437142857143       2.574263443283851E-004 -5.549572384008477E-005
   17.2024187866928       2.739369876266686E-004 -1.701399670757880E-005
   17.2611232876712       2.893520168685557E-004  1.865913204410891E-005
   17.3198277886497       3.039490661946259E-004  5.039142074868963E-005
   17.3785322896282       3.181217306113902E-004  7.711948616605607E-005
   17.4372367906067       3.324309118392520E-004  9.796661901936741E-005
   17.4959412915851       3.473458371482858E-004  1.123208340048067E-004
   17.5546457925636       3.630617541959389E-004  1.198564620224480E-004
   17.6133502935421       3.795848416855125E-004  1.206073047776590E-004
   17.6720547945205       3.966155690679434E-004  1.150798038170233E-004
   17.7307592954990       4.136132890836920E-004  1.042137072746165E-004
   17.7894637964775       4.297016044337986E-004  8.931840558030118E-005
   17.8481682974560       4.439026613097561E-004  7.216959113311488E-005
   17.9068727984344       4.552110659752657E-004  5.469792725769388E-005
   17.9655772994129       4.626180157454021E-004  3.879736341772324E-005
   18.0242818003914       4.651382260792300E-004  2.623851972070600E-005
   18.0829863013699       4.620940671788087E-004  1.832346047927017E-005
   18.1416908023483       4.530063689859749E-004  1.577862454873956E-005
   18.2003953033268       4.377683495648947E-004  1.868116462123704E-005
   18.2590998043053       4.165747559650482E-004  2.657691369346371E-005
   18.3178043052838       3.899186442495305E-004  3.859782289285113E-005
   18.3765088062622       3.585345461113616E-004  5.352099018459998E-005
   18.4352133072407       3.233395010108425E-004  7.013888212162410E-005
   18.4939178082192       2.853887421754610E-004  8.747808526664417E-005
   18.5526223091977       2.458349175972875E-004  1.049116590430135E-004
   18.6113268101761       2.058069825654064E-004  1.221574636149544E-004
   18.6700313111546       1.665603684581695E-004  1.393266046892778E-004
   18.7287358121331       1.293635927763517E-004  1.568291873079442E-004
   18.7874403131115       9.538535728262094E-005  1.752019988519559E-004
   18.8461448140900       6.579103596318277E-005  1.951119534209817E-004
   18.9048493150685       4.153913433460391E-005  2.171248721289375E-004
   18.9635538160470       2.325018728603594E-005  2.416585613904180E-004
   19.0222583170254       1.128357539406046E-005  2.687704686687387E-004
   19.0809628180039       5.570245635904907E-006  2.982080709969588E-004
   19.1396673189824       5.572868833729645E-006  3.293153346637310E-004
   19.1983718199609       1.021871836252871E-005  3.611049789795512E-004
   19.2570763209393       1.809396877344655E-005  3.922350996265752E-004
   19.3157808219178       2.744926636181647E-005  4.212357461304573E-004
   19.3744853228963       3.667512799394960E-005  4.466073397093525E-004
   19.4331898238748       4.427800024420173E-005  4.669481746048253E-004
   19.4918943248532       4.921528747768040E-005  4.811598564121583E-004
   19.5505988258317       5.084185301129282E-005  4.885311253896875E-004
   19.6093033268102       4.912926101294271E-005  4.886986319103656E-004
   19.6680078277886       4.455217407841571E-005  4.817510248027909E-004
   19.7267123287671       3.778461278639705E-005  4.680176136614261E-004
   19.7854168297456       2.965946382475367E-005  4.481334542493709E-004
   19.8441213307241       2.096692698348579E-005  4.228740109198330E-004
   19.9028258317025       1.235217678514759E-005  3.931281614542353E-004
   19.9615303326810       4.067146895791351E-006  3.598643820856439E-004
   20.0202348336595      -3.914959326427740E-006  3.240900839703776E-004
   20.0789393346380      -1.206561827353237E-005  2.868935127192997E-004
   20.1376438356164      -2.115146896732200E-005  2.493384216818344E-004
   20.1963483365949      -3.223912262577677E-005  2.125233164669113E-004
   20.2550528375734      -4.643650346159779E-005  1.775070378360053E-004
   20.3137573385519      -6.478825911106059E-005  1.453040415704309E-004
   20.3724618395303      -8.811897711394409E-005  1.166675925086524E-004
   20.4311663405088      -1.168289771535233E-004  9.218166680989010E-005
   20.4898708414873      -1.507628336359553E-004  7.210039300211302E-005
   20.5485753424658      -1.892051875990461E-004  5.622331149621066E-005
   20.6072798434442      -2.308973953120756E-004  4.405961181315516E-005
   20.6659843444227      -2.740918726096823E-004  3.482590348983081E-005
   20.7246888454012      -3.169571010441126E-004  2.755688890983158E-005
   20.7833933463796      -3.574540550586027E-004  2.133667181358740E-005
   20.8420978473581      -3.938123063100054E-004  1.539867383444769E-005
   20.9008023483366      -4.246377988201703E-004  9.266908159567968E-006
   20.9595068493151      -4.488247901294034E-004  2.790094347049776E-006
   21.0182113502935      -4.658574321589565E-004 -3.835749270570619E-006
   21.0769158512720      -4.757493151552928E-004 -1.016454342650699E-005
   21.1356203522505      -4.787958005435404E-004 -1.555210297028810E-005
   21.1943248532290      -4.754951518665254E-004 -1.940728369123621E-005
   21.2530293542074      -4.665015577866000E-004 -2.114206254984904E-005
   21.3117338551859      -4.525078710079858E-004 -2.042131206630637E-005
   21.3704383561644      -4.342409303043739E-004 -1.726560582034735E-005
   21.4291428571429      -4.122941072840027E-004 -1.203456511216529E-005
   21.4878473581213      -3.872784390752353E-004 -5.531214313709269E-006
   21.5465518590998      -3.596686310689808E-004  1.028273034408925E-006
   21.6052563600783      -3.299628149048978E-004  6.111225974308582E-006
   21.6639608610568      -2.986266220611681E-004  7.966902012565797E-006
   21.7226653620352      -2.660699383961784E-004  4.989357982619463E-006
   21.7813698630137      -2.326454110762019E-004 -4.140677381716494E-006
   21.8400743639922      -1.986659778921224E-004 -2.023343933840953E-005
   21.8987788649706      -1.643491722451820E-004 -4.344211976675149E-005
   21.9574833659491      -1.300443537830814E-004 -7.322062061067894E-005
   22.0161878669276      -9.595472777806706E-005 -1.083418863827932E-004
   22.0748923679061      -6.228245477948169E-005 -1.470367480637565E-004
   22.1335968688845      -2.924779410802119E-005 -1.873450821476104E-004
   22.1923013698630       2.833318846476580E-006 -2.272111537175452E-004
   22.2510058708415       3.365798202127943E-005 -2.648061610678180E-004
   22.3097103718200       6.281430945776731E-005 -2.988187702160125E-004
   22.3684148727984       8.986962564209338E-005 -3.282613870071985E-004
   22.4271193737769       1.142292901446045E-004 -3.527822051110123E-004
   22.4858238747554       1.353195574202790E-004 -3.723792511032268E-004
   22.5445283757339       1.524526197014440E-004 -3.874316994053989E-004
   22.6032328767123       1.651049811594214E-004 -3.985351596442618E-004
   22.6619373776908       1.728291164372097E-004 -4.063445928739244E-004
   22.7206418786693       1.753828651726857E-004 -4.114464853848588E-004
   22.7793463796478       1.727754293680903E-004 -4.142859352967322E-004
   22.8380508806262       1.654384768954306E-004 -4.150220277777199E-004
   22.8967553816047       1.541906531274703E-004 -4.134861063941570E-004
   22.9554598825832       1.402542808315302E-004 -4.092318716585179E-004
   23.0141643835616       1.251872459640947E-004 -4.014915730201576E-004
   23.0728688845401       1.106243149396860E-004 -3.894484807316832E-004
   23.1315733855186       9.817789689813544E-005 -3.722666140560003E-004
   23.1902778864971       8.915880467031615E-005 -3.493170763016589E-004
   23.2489823874755       8.452871512329436E-005 -3.201950021231682E-004
   23.3076868884540       8.464078555134854E-005 -2.849614564144253E-004
   23.3663913894325       8.925410489650580E-005 -2.440643955862123E-004
   23.4250958904110       9.767606451124181E-005 -1.984340097645506E-004
   23.4838003913894       1.088332277852336E-004 -1.491838153770667E-004
   23.5425048923679       1.214743574503796E-004 -9.762016100156367E-005
   23.6012093933464       1.344139981073647E-004 -4.504548574550859E-005
   23.6599138943249       1.466082225800396E-004  7.256107862853573E-006
   23.7186183953033       1.572647844511993E-004  5.811222263055273E-005
   23.7773228962818       1.660116625980693E-004  1.065464589795678E-004
   23.8360273972603       1.729282154562157E-004  1.517243019826954E-004
   23.8947318982387       1.784803940780776E-004  1.930682420941527E-004
   23.9534363992172       1.834976538590365E-004  2.301165978882395E-004
   24.0121409001957       1.888594635057319E-004  2.625599577022280E-004
   24.0708454011742       1.955369512389253E-004  2.901807680811271E-004
   24.1295499021526       2.043194101240816E-004  3.128955175891547E-004
   24.1882544031311       2.156135954346996E-004  3.307604496263180E-004
   24.2469589041096       2.292760242745342E-004  3.438466439725099E-004
   24.3056634050881       2.445824038533574E-004  3.523073491734427E-004
   24.3643679060665       2.602423632405905E-004  3.564402681521986E-004
   24.4230724070450       2.745232695601721E-004  3.566080045099386E-004
   24.4817769080235       2.856088098929102E-004  3.531463235830916E-004
   24.5404814090020       2.915622546303318E-004  3.463837546888540E-004
   24.5991859099804       2.908903766921477E-004  3.366722059367958E-004
   24.6578904109589       2.826838580133005E-004  3.242588979445707E-004
   24.7165949119374       2.665966876427963E-004  3.092792958820735E-004
   24.7752994129159       2.429366686865090E-004  2.918686642916904E-004
   24.8340039138943       2.125994216886467E-004  2.721443636540895E-004
   24.8927084148728       1.768515438526564E-004  2.501728475677099E-004
   24.9514129158513       1.373281591977384E-004  2.259735992308719E-004
   25.0101174168297       9.567639359299553E-005  1.996707844942327E-004
   25.0688219178082       5.338509232209529E-005  1.714542234018819E-004
   25.1275264187867       1.165333541374170E-005  1.416404977082880E-004
   25.1862309197652      -2.865247730496203E-005  1.107717248009635E-004
   25.2449354207436      -6.709496550022792E-005  7.951733959170952E-005
   25.3036399217221      -1.036418664071998E-004  4.872957119924477E-005
   25.3623444227006      -1.386278673584838E-004  1.943055925341321E-005
   25.4210489236791      -1.726485048925237E-004 -7.357103532469291E-006
   25.4797534246575      -2.062990364369845E-004 -3.063525168681717E-005
   25.5384579256360      -2.400937925925743E-004 -4.963938716994907E-005
   25.5971624266145      -2.742928681357432E-004 -6.388348955077950E-005
   25.6558669275930      -3.087545562371906E-004 -7.331607846212685E-005
   25.7145714285714      -3.427641588047308E-004 -7.827635982123653E-005
   25.7732759295499      -3.752038641295336E-004 -7.952561471257683E-005
   25.8319804305284      -4.046598468450151E-004 -7.810565311663692E-005
   25.8906849315069      -4.296833845029262E-004 -7.524271746161683E-005
   25.9493894324853      -4.487718387639522E-004 -7.207892299647031E-005
   26.0080939334638      -4.606254350888202E-004 -6.959427167035650E-005
   26.0667984344423      -4.644822927463445E-004 -6.847963471709024E-005
   26.1255029354207      -4.600686280654191E-004 -6.901268309568628E-005
   26.1842074363992      -4.475032044885535E-004 -7.108791849285934E-005
   26.2429119373777      -4.272389414760678E-004 -7.426509998969119E-005
   26.3016164383562      -4.001715206454654E-004 -7.788664937694786E-005
   26.3603209393346      -3.674938155657502E-004 -8.109775006084326E-005
   26.4190254403131      -3.303719736281097E-004 -8.310745663349592E-005
   26.4777299412916      -2.899499544857504E-004 -8.323028599223761E-005
   26.5364344422701      -2.473058641903857E-004 -8.102969390660860E-005
   26.5951389432485      -2.032957837445845E-004 -7.644748006250965E-005
   26.6538434442270      -1.585489048914946E-004 -6.982899231904356E-005
   26.7125479452055      -1.133946678495864E-004 -6.204534740087221E-005
   26.7712524461840      -6.792653669101349E-005 -5.420297861259999E-005
   26.8299569471624      -2.217618300838450E-005 -4.757991569556653E-005
   26.8886614481409       2.396858096805048E-005 -4.352415624864809E-005
   26.9473659491194       7.056555050741232E-005 -4.311727024531930E-005
   27.0060704500978       1.174834519377887E-004 -4.698550936225435E-005
   27.0647749510763       1.643086744752775E-004 -5.520489910740305E-005
   27.1234794520548       2.103569657475846E-004 -6.720632348868559E-005
   27.1821839530333       2.547619288468152E-004 -8.190740564632420E-005
   27.2408884540117       2.964807896967298E-004 -9.792473252360264E-005
   27.2995929549902       3.344853676623262E-004 -1.136312939198727E-004
   27.3582974559687       3.677782288421796E-004 -1.274668182145624E-004
   27.4170019569472       3.954946046798276E-004 -1.381361257102799E-004
   27.4757064579256       4.169506332234463E-004 -1.447183365949728E-004
   27.5344109589041       4.317723746336578E-004 -1.467747138760162E-004
   27.5931154598826       4.398190274398257E-004 -1.443968678299449E-004
   27.6518199608611       4.411379217465975E-004 -1.381334141368193E-004
   27.7105244618395       4.359951279691170E-004 -1.289329335204220E-004
   27.7692289628180       4.248382642355868E-004 -1.179675020482952E-004
   27.8279334637965       4.082121463836369E-004 -1.064724883229520E-004
   27.8866379647750       3.866238862030186E-004 -9.566261322258566E-005
   27.9453424657534       3.606796219738574E-004 -8.628332762137682E-005
   28.0040469667319       3.310321910787680E-004 -7.873099599829445E-005
   28.0627514677104       2.980301104035733E-004 -7.281272989042201E-005
   28.1214559686888       2.621100923461635E-004 -6.774286422613646E-005
   28.1801604696673       2.236075546789301E-004 -6.239984038169324E-005
   28.2388649706458       1.828030632235378E-004 -5.540344304463137E-005
   28.2975694716243       1.399642174101579E-004 -4.545263331188483E-005
   28.3562739726027       9.540656511825025E-005 -3.151474459288137E-005
   28.4149784735812       4.948682803805263E-005 -1.298995325358778E-005
   28.4736829745597       2.815304255699649E-006  1.002874039347610E-005
   28.5323874755382      -4.400455125980551E-005  3.691213419985742E-005
   28.5910919765166      -9.036359868218557E-005  6.647965783237700E-005
   28.6497964774951      -1.355182144846011E-004  9.716983694321430E-005
   28.7085009784736      -1.787246780559459E-004  1.272427335955710E-004
   28.7672054794521      -2.192843127259808E-004  1.549842744748030E-004
   28.8259099804305      -2.566041256332133E-004  1.788941678820808E-004
   28.8846144814090      -2.900812954945035E-004  1.979107880068307E-004
   28.9433189823875      -3.192540395324709E-004  2.114173679024048E-004
   29.0020234833659      -3.437247091968450E-004  2.194007902984545E-004
   29.0607279843444      -3.631983983318344E-004  2.222950821594825E-004
   29.1194324853229      -3.775359973236554E-004  2.210799090655600E-004
   29.1781369863014      -3.866312399510338E-004  2.169745196131262E-004
   29.2368414872798      -3.904646706088389E-004  2.113524187597893E-004
   29.2955459882583      -3.891052757637676E-004  2.054690710661233E-004
   29.3542504892368      -3.827049541593026E-004  2.002252840360765E-004
   29.4129549902153      -3.713661003585494E-004  1.959598962853934E-004
   29.4716594911937      -3.553006307545772E-004  1.924867307373839E-004
   29.5303639921722      -3.347091931513164E-004  1.889905722265637E-004
   29.5890684931507      -3.098963936501326E-004  1.843569691106964E-004
   29.6477729941292      -2.810474286037778E-004  1.771418328752367E-004
   29.7064774951076      -2.486171897278812E-004  1.661913844016278E-004
   29.7651819960861      -2.128186880013029E-004  1.503788370922844E-004
   29.8238864970646      -1.743794099947360E-004  1.293917812507036E-004
   29.8825909980431      -1.333506577213162E-004  1.030094766198456E-004
   29.9412954990215      -9.104242394431798E-005  7.239092021008438E-005
   30.0000000000000      -4.632655721019711E-005  3.747982690072703E-005
  2.000000000000000E-003 -7.219142953179769E-006  5.929578675717698E-006
  6.070450097847359E-002 -1.706111643940055E-007  1.361361342498051E-007
  0.119409001956947      -2.173793207037247E-007  1.742857618072217E-007
  0.178113502935421       4.782589766406152E-008 -6.163990479422874E-008
  0.236818003913894      -7.457391422469434E-008  4.426627990211917E-008
  0.295522504892368       1.111869968208648E-008 -8.819333739346808E-009
  0.354227005870842      -1.399823636650980E-007  6.232596702680275E-008
  0.412931506849315      -5.771693249860906E-007  1.485354079765017E-007
  0.471636007827789      -2.754289249192946E-006  6.702302460552262E-007
  0.530340508806262      -1.137745477192356E-005  2.661278596270927E-006
  0.589045009784736      -4.234088120710186E-005  9.876082354389906E-006
  0.647749510763209      -1.414165658717142E-004  3.269031135154165E-005
  0.706454011741683      -4.257602619429282E-004  9.774641653450197E-005
  0.765158512720157      -1.156871099284328E-003  2.638277151913991E-004
  0.823863013698630      -2.840937701593522E-003  6.434451358185120E-004
  0.882567514677104      -6.306830153737308E-003  1.416455466101041E-003
  0.941272015655577      -1.264438461857273E-002  2.805659806568288E-003
  0.999976516634051      -2.282439838991305E-002  4.962129193267827E-003
   1.05868101761252      -3.685305502676432E-002  7.704439032423526E-003
   1.11738551859100      -5.251969878755345E-002  1.008541221967155E-002
   1.17609001956947      -6.417664906075307E-002  9.841461611436265E-003
   1.23479452054795      -6.236312025309537E-002  2.894292717144268E-003
   1.29349902152642      -3.512581806913766E-002 -1.682157751603169E-002
   1.35220352250489       2.867087683309323E-002 -5.690300446139194E-002
   1.41090802348337       0.134823115921936      -0.125189685352682     
   1.46961252446184       0.279858845276440      -0.227671540955007     
   1.52831702544031       0.449741238278887      -0.365948899895121     
   1.58702152641879       0.622292117394073      -0.534935740226349     
   1.64572602739726       0.772673231163861      -0.721704293965403     
   1.70443052837573       0.879731895318781      -0.906291729123380     
   1.76313502935421       0.930683599142842       -1.06482779186479     
   1.82183953033268       0.922661016829306       -1.17454021252188     
   1.88054403131115       0.861367222013870       -1.21931638056456     
   1.93924853228963       0.758294445325594       -1.19398094953394     
   1.99795303326810       0.628030706122140       -1.10565637302495     
   2.05665753424658       0.486303304430381      -0.971559122389031     
   2.11536203522505       0.348443224376922      -0.813972605864659     
   2.17406653620352       0.227671054440751      -0.654269535827467     
   2.23277103718200       0.133104918824199      -0.508157829803483     
   2.29147553816047       6.813549480484614E-002 -0.383647040158378     
   2.35018003913894       3.011056241021631E-002 -0.281943645302159     
   2.40888454011742       1.182309986820233E-002 -0.200254263764016     
   2.46758904109589       4.386883229032308E-003 -0.134883896853985     
   2.52629354207436       3.334074514516382E-004 -8.326178270960059E-002
   2.58499804305284      -4.356637178748359E-003 -4.434814886157529E-002
   2.64370254403131      -9.998131303092000E-003 -1.777732007352833E-002
   2.70240704500978      -1.454259609403028E-002 -2.619203788029687E-003
   2.76111154598826      -1.562964614199921E-002  3.381923693095300E-003
   2.81981604696673      -1.228448696331463E-002  3.676860654520367E-003
   2.87852054794521      -5.550637138197175E-003  2.030550657555243E-003
   2.93722504892368       2.029689245757835E-003  1.406083425436451E-003
   2.99592954990215       7.633748308000470E-003  3.176458875108309E-003
   3.05463405088063       9.389598123124942E-003  6.998014903899405E-003
   3.11333855185910       7.061810612606191E-003  1.133390195247780E-002
   3.17204305283757       1.975435579183242E-003  1.433709407929012E-002
   3.23074755381605      -3.672189745209554E-003  1.469854778676977E-002
   3.28945205479452      -7.738998359061269E-003  1.214483552474320E-002
   3.34815655577299      -8.906539611863546E-003  7.459047179244931E-003
   3.40686105675147      -7.030665286923741E-003  2.100850593759088E-003
   3.46556555772994      -3.021788078007081E-003 -2.367354420911049E-003
   3.52427005870842       1.615993705689353E-003 -4.811320918354220E-003
   3.58297455968689       5.365603652540650E-003 -4.838291047459697E-003
   3.64167906066536       7.182551658715296E-003 -2.825681411174376E-003
   3.70038356164384       6.747107750093497E-003  2.945832819192566E-004
   3.75908806262231       4.450677492510138E-003  3.386247781798636E-003
   3.81779256360078       1.172733416301475E-003  5.463960199207905E-003
   3.87649706457926      -2.044115564235754E-003  5.949086542626942E-003
   3.93520156555773      -4.307041167653573E-003  4.772083510285776E-003
   3.99390606653620      -5.090115180907067E-003  2.321394081681201E-003
   4.05261056751468      -4.316325314579864E-003 -7.182035933878056E-004
   4.11131506849315      -2.310400447983911E-003 -3.576575264473949E-003
   4.17001956947162       3.394069789725135E-004 -5.595386301480373E-003
   4.22872407045010       2.958212216851657E-003 -6.367552888595864E-003
   4.28742857142857       4.950338204227537E-003 -5.796682549822936E-003
   4.34613307240704       5.918422782515155E-003 -4.078414601558770E-003
   4.40483757338552       5.718860454462424E-003 -1.622723129708143E-003
   4.46354207436399       4.455049881418713E-003  1.055341135934894E-003
   4.52224657534247       2.422116917194479E-003  3.448057628794924E-003
   4.58095107632094       2.464961474617431E-005  5.148053524106224E-003
   4.63965557729941      -2.311625406781135E-003  5.907626037810768E-003
   4.69836007827789      -4.216050102835327E-003  5.660303832267154E-003
   4.75706457925636      -5.426710060603458E-003  4.508055261609376E-003
   4.81576908023483      -5.816229984197258E-003  2.682765567188807E-003
   4.87447358121331      -5.392015397248480E-003  4.934641097301429E-004
   4.93317808219178      -4.275510714597228E-003 -1.729369599158717E-003
   4.99188258317025      -2.668631764859811E-003 -3.683812434048466E-003
   5.05058708414873      -8.144565013004625E-004 -5.133699826050010E-003
   5.10929158512720       1.040438829717345E-003 -5.930807989044408E-003
   5.16799608610568       2.677770965224159E-003 -6.021689742770773E-003
   5.22670058708415       3.929809891350550E-003 -5.441024932051661E-003
   5.28540508806262       4.691827918354385E-003 -4.295369388547906E-003
   5.34410958904110       4.924582789706791E-003 -2.741155434085874E-003
   5.40281409001957       4.648778605986160E-003 -9.607399172310317E-004
   5.46151859099804       3.933967822822566E-003  8.602478978950518E-004
   5.52022309197652       2.883975242691580E-003  2.551865850522820E-003
   5.57892759295499       1.621131085364880E-003  3.974040534927127E-003
   5.63763209393346       2.716291204351209E-004  5.025136877313797E-003
   5.69633659491194      -1.046863012424431E-003  5.645509200809997E-003
   5.75504109589041      -2.234625710725037E-003  5.816438635246348E-003
   5.81374559686888      -3.215499157813329E-003  5.555866921855687E-003
   5.87245009784736      -3.939506509879359E-003  4.911657111165063E-003
   5.93115459882583      -4.382397268519305E-003  3.953709080074406E-003
   5.98985909980431      -4.543225574347779E-003  2.765526152740417E-003
   6.04856360078278      -4.440462960759708E-003  1.436560002722711E-003
   6.10726810176125      -4.107214875895771E-003  5.512551178940758E-005
   6.16597260273973      -3.586376528168974E-003 -1.297199739751011E-003
   6.22467710371820      -2.925997241839523E-003 -2.549898987646682E-003
   6.28338160469667      -2.175200124183371E-003 -3.646150876635866E-003
   6.34208610567515      -1.380794717321751E-003 -4.544140081897949E-003
   6.40079060665362      -5.848833668403327E-004 -5.217199962917123E-003
   6.45949510763209       1.769873076703302E-004 -5.652903143187527E-003
   6.51819960861057       8.767401937474864E-004 -5.851447718814473E-003
   6.57690410958904       1.494029126210539E-003 -5.823545299888801E-003
   6.63560861056752       2.015881866661725E-003 -5.588393100694947E-003
   6.69431311154599       2.435988599908101E-003 -5.171358288625770E-003
   6.75301761252446       2.753633868132447E-003 -4.601975347922866E-003
   6.81172211350294       2.972394679286995E-003 -3.912057568009353E-003
   6.87042661448141       3.099012057132120E-003 -3.134383526320754E-003
   6.92913111545988       3.142064323559863E-003 -2.301207159982267E-003
   6.98783561643836       3.111136806319085E-003 -1.443290037516184E-003
   7.04654011741683       3.016099572795419E-003 -5.888993191467985E-004
   7.10524461839530       2.866598838284116E-003  2.367845730312631E-004
   7.16394911937378       2.671808566602649E-003  1.012423406045946E-003
   7.22265362035225       2.440400909533735E-003  1.720662943888107E-003
   7.28135812133072       2.180482671296580E-003  2.348338696518717E-003
   7.34006262230920       1.899630403053353E-003  2.886392806032937E-003
   7.39876712328767       1.604964306944856E-003  3.329533042478153E-003
   7.45747162426615       1.303171317151501E-003  3.675934764488533E-003
   7.51617612524462       1.000499022857299E-003  3.926645422154448E-003
   7.57488062622309       7.025889661824850E-004  4.085073173241356E-003
   7.63358512720157       4.147789164773228E-004  4.156625946469557E-003
   7.69228962818004       1.418444198908741E-004  4.148245673077302E-003
   7.75099412915851      -1.121219740474210E-004  4.067797910988880E-003
   7.80969863013699      -3.436981685385502E-004  3.924152268363637E-003
   7.86840313111546      -5.501088536810693E-004  3.726630911473937E-003
   7.92710763209393      -7.293341435239334E-004  3.484863002046487E-003
   7.98581213307241      -8.801293302399374E-004  3.208522542409086E-003
   8.04451663405088      -1.002128241083306E-003  2.906915815674469E-003
   8.10322113502936      -1.095634103364471E-003  2.588734486053170E-003
   8.16192563600783      -1.161724463954166E-003  2.261663595844975E-003
   8.22063013698630      -1.202192768251139E-003  1.932111417803031E-003
   8.27933463796478      -1.219472995609375E-003  1.605174794743111E-003
   8.33803913894325      -1.216494845095113E-003  1.284573953991961E-003
   8.39674363992172      -1.196528531572386E-003  9.727663750562500E-004
   8.45544814090020      -1.163121486559358E-003  6.712259993418603E-004
   8.51415264187867      -1.119819612359103E-003  3.806980022920304E-004
   8.57285714285714      -1.070107028544602E-003  1.016123869096587E-004
   8.63156164383562      -1.017115643239643E-003 -1.658177135883696E-004
   8.69026614481409      -9.635977654782756E-004 -4.213302195723060E-004
   8.74897064579256      -9.117399455130552E-004 -6.645779609165144E-004
   8.80767514677104      -8.631640359454655E-004 -8.951170938667223E-004
   8.86637964774951      -8.188422935948806E-004 -1.112334813781841E-003
   8.92508414872799      -7.791676487932908E-004 -1.315609098080214E-003
   8.98378864970646      -7.438644628329927E-004 -1.504289166585679E-003
   9.04249315068493      -7.123474514636611E-004 -1.677734009578547E-003
   9.10119765166341      -6.836964056110366E-004 -1.835280836023525E-003
   9.15990215264188      -6.568912374915814E-004 -1.976174968716927E-003
   9.21860665362035      -6.309968419906235E-004 -2.099671012231694E-003
   9.27731115459883      -6.052353073955991E-004 -2.204930164236300E-003
   9.33601565557730      -5.791647361730319E-004 -2.291110984244342E-003
   9.39472015655577      -5.525884526510847E-004 -2.357531716694111E-003
   9.45342465753425      -5.254351657282790E-004 -2.403610721173341E-003
   9.51212915851272      -4.978527510558001E-004 -2.429465593148188E-003
   9.57083365949119      -4.701184926070508E-004 -2.435776198095377E-003
   9.62953816046967      -4.423573316120068E-004 -2.423930118170320E-003
   9.68824266144814      -4.146903275784541E-004 -2.395974077530133E-003
   9.74694716242662      -3.871514259801385E-004 -2.354587809980551E-003
   9.80565166340509      -3.598450375930530E-004 -2.302894150968872E-003
   9.86435616438356      -3.329035009175140E-004 -2.244139596191797E-003
   9.92306066536204      -3.065732399988795E-004 -2.181621018594200E-003
   9.98176516634051      -2.811750219019507E-004 -2.118292925870671E-003
   10.0404696673190      -2.571372793062034E-004 -2.056703908607971E-003
   10.0991741682975      -2.348572370604746E-004 -1.998935843029345E-003
   10.1578786692759      -2.147121319007024E-004 -1.946496180644009E-003
   10.2165831702544      -1.968360638936177E-004 -1.900151549466078E-003
   10.2752876712329      -1.811446830420053E-004 -1.860147763714921E-003
   10.3339921722114      -1.673526901774419E-004 -1.826270536911711E-003
   10.3926966731898      -1.549791384801987E-004 -1.797762403490104E-003
   10.4514011741683      -1.435028665554969E-004 -1.773466157371636E-003
   10.5101056751468      -1.325004811360309E-004 -1.752070690862451E-003
   10.5688101761252      -1.217638126300648E-004 -1.732011480354601E-003
   10.6275146771037      -1.113992135162241E-004 -1.711624280215567E-003
   10.6862191780822      -1.019921314714348E-004 -1.689319170954945E-003
   10.7449236790607      -9.437000501801661E-005 -1.663589946548650E-003
   10.8036281800391      -8.943341693636907E-005 -1.633159290935868E-003
   10.8623326810176      -8.808291167704629E-005 -1.597050087505039E-003
   10.9210371819961      -9.092800606711105E-005 -1.554676752884198E-003
   10.9797416829746      -9.822026964900288E-005 -1.505888306088996E-003
   11.0384461839530      -1.097449437017294E-004 -1.450941693735706E-003
   11.0971506849315      -1.248104626098790E-004 -1.390503430563931E-003
   11.1558551859100      -1.423672874304136E-004 -1.325793122229975E-003
   11.2145596868885      -1.611499032411529E-004 -1.258270165560128E-003
   11.2732641878669      -1.797444569347279E-004 -1.189690695630877E-003
   11.3319686888454      -1.968965286167683E-004 -1.121991635174206E-003
   11.3906731898239      -2.114460712313678E-004 -1.057045827693712E-003
   11.4493776908024      -2.224345357638484E-004 -9.966070823741772E-004
   11.5080821917808      -2.291913891915663E-004 -9.421234425231048E-004
   11.5667866927593      -2.311622477897861E-004 -8.945954424359418E-004
   11.6254911937378      -2.280292084765260E-004 -8.544705246545134E-004
   11.6841956947162      -2.196300765275742E-004 -8.216486620433925E-004
   11.7429001956947      -2.060481625189456E-004 -7.955615676929605E-004
   11.8016046966732      -1.874683662875969E-004 -7.752005352880930E-004
   11.8603091976517      -1.644169435978709E-004 -7.593140929834756E-004
   11.9190136986301      -1.377596747404296E-004 -7.467217043669992E-004
   11.9777181996086      -1.087254936067472E-004 -7.363034827759855E-004
   12.0364227005871      -7.883325352751448E-005 -7.272168485642519E-004
   12.0951272015656      -4.994047532729744E-005 -7.188852544392097E-004
   12.1538317025440      -2.389449777828437E-005 -7.110283421056329E-004
   12.2125362035225      -2.567600065055428E-006 -7.033917001480700E-004
   12.2712407045010       1.243562719140198E-005 -6.959479650251127E-004
   12.3299452054795       1.991825637481773E-005 -6.886213554406837E-004
   12.3886497064579       1.923140004286218E-005 -6.812348634267811E-004
   12.4473542074364       1.028489034478565E-005 -6.735219124209941E-004
   12.5060587084149      -6.381664397693234E-006 -6.652414753636758E-004
   12.5647632093933      -2.965114741234823E-005 -6.561215214089073E-004
   12.6234677103718      -5.793514435877676E-005 -6.460007047554424E-004
   12.6821722113503      -8.931409768474500E-005 -6.348439850675896E-004
   12.7408767123288      -1.216757085199112E-004 -6.227700302581038E-004
   12.7995812133072      -1.527625299384292E-004 -6.100170370485747E-004
   12.8582857142857      -1.805261614309343E-004 -5.967984825403022E-004
   12.9169902152642      -2.032512582057006E-004 -5.832989151655408E-004
   12.9756947162427      -2.195548772549896E-004 -5.694526679116723E-004
   13.0343992172211      -2.285809990655497E-004 -5.550139897424213E-004
   13.0931037181996      -2.300922292734555E-004 -5.395418313306363E-004
   13.1518082191781      -2.243443349032032E-004 -5.224797842749492E-004
   13.2105127201566      -2.120308636066405E-004 -5.033542229638604E-004
   13.2692172211350      -1.940964885465357E-004 -4.819160688372385E-004
   13.3279217221135      -1.716638154412316E-004 -4.581737549155099E-004
   13.3866262230920      -1.459805578456888E-004 -4.325791038294872E-004
   13.4453307240705      -1.182168023178235E-004 -4.060955092760898E-004
   13.5040352250489      -8.955796817226168E-005 -3.799872538666025E-004
   13.5627397260274      -6.110657898036297E-005 -3.558103034315246E-004
   13.6214442270059      -3.399151038924488E-005 -3.351675562790602E-004
   13.6801487279843      -9.183379826787647E-006 -3.195238749010095E-004
   13.7388532289628       1.235229508607072E-005 -3.100672688614552E-004
   13.7975577299413       2.994660173096599E-005 -3.075681340547185E-004
   13.8562622309198       4.307939981065204E-005 -3.122876634192975E-004
   13.9149667318982       5.144329593054578E-005 -3.240106744909945E-004
   13.9736712328767       5.517037032773546E-005 -3.419856042913832E-004
   14.0323757338552       5.475857523115564E-005 -3.650561813744467E-004
   14.0910802348337       5.102546617648448E-005 -3.916674132858922E-004
   14.1497847358121       4.500205324485688E-005 -4.201063749973566E-004
   14.2084892367906       3.790849876435336E-005 -4.485622313011645E-004
   14.2671937377691       3.087031187206379E-005 -4.752065308168164E-004
   14.3258982387476       2.470793762659344E-005 -4.983615188882218E-004
   14.3846027397260       1.984784380744651E-005 -5.166456901825162E-004
   14.4433072407045       1.624662282334471E-005 -5.289850246518079E-004
   14.5020117416830       1.345950406248571E-005 -5.346700405277522E-004
   14.5607162426614       1.092969127815925E-005 -5.333592262657380E-004
   14.6194207436399       7.881322388872120E-006 -5.251296512491758E-004
   14.6781252446184       3.718077528318813E-006 -5.103318060315645E-004
   14.7368297455969      -1.838808050070230E-006 -4.896001531763110E-004
   14.7955342465753      -8.633155838330410E-006 -4.638996578356946E-004
   14.8542387475538      -1.617474719215997E-005 -4.343499353514412E-004
   14.9129432485323      -2.359639031993260E-005 -4.022977516289953E-004
   14.9716477495108      -2.987691475744500E-005 -3.692126936709335E-004
   15.0303522504892      -3.381360798995470E-005 -3.367326271977587E-004
   15.0890567514677      -3.422743639667968E-005 -3.064029988332979E-004
   15.1477612524462      -3.012363705736739E-005 -2.797501980622639E-004
   15.2064657534247      -2.081490948092154E-005 -2.580464022745542E-004
   15.2651702544031      -5.970863309630921E-006 -2.422546098348877E-004
   15.3238747553816       1.440561539303834E-005 -2.327969900689823E-004
   15.3825792563601       3.989079186206453E-005 -2.296071209650151E-004
   15.4412837573386       6.982232629306525E-005 -2.320242761557102E-004
   15.4999882583170       1.032298239081864E-004 -2.389679679000381E-004
   15.5586927592955       1.389142043969545E-004 -2.489684476901224E-004
   15.6173972602740       1.755408117144368E-004 -2.603910588039786E-004
   15.6761017612524       2.116671535380128E-004 -2.719002112534186E-004
   15.7348062622309       2.458586963857739E-004 -2.824289675934049E-004
   15.7935107632094       2.768009961774357E-004 -2.913542527309861E-004
   15.8522152641879       3.033041082117182E-004 -2.985802404043749E-004
   15.9109197651663       3.243644829558275E-004 -3.043687335255826E-004
   15.9696242661448       3.392215113032462E-004 -3.092732174608436E-004
   16.0283287671233       3.473626979842585E-004 -3.139104541884352E-004
   16.0870332681018       3.485997790647179E-004 -3.187397609793760E-004
   16.1457377690802       3.430943109801740E-004 -3.241233986073164E-004
   16.2044422700587       3.313133586951402E-004 -3.300208182837966E-004
   16.2631467710372       3.141248243436681E-004 -3.360631719095373E-004
   16.3218512720157       2.927170951941954E-004 -3.416814580483014E-004
   16.3805557729941       2.686259739463513E-004 -3.460331166528473E-004
   16.4392602739726       2.436391477419775E-004 -3.482675296024170E-004
   16.4979647749511       2.196573528593568E-004 -3.474300117753150E-004
   16.5566692759296       1.985250447482881E-004 -3.426449096953764E-004
   16.6153737769080       1.819146058241806E-004 -3.332606692413374E-004
   16.6740782778865       1.710626108256425E-004 -3.188272675409839E-004
   16.7327827788650       1.665978967117727E-004 -2.991706728550207E-004
   16.7914872798434       1.685022491422652E-004 -2.744061593429605E-004
   16.8501917808219       1.761362798561324E-004 -2.449745529890548E-004
   16.9088962818004       1.884471152446535E-004 -2.115071646237282E-004
   16.9676007827789       2.042486706437221E-004 -1.746951963279860E-004
   17.0263052837573       2.218686240563261E-004 -1.356352871605260E-004
   17.0850097847358       2.399572899167348E-004 -9.553186001341288E-005
   17.1437142857143       2.575992686745958E-004 -5.560476377546301E-005
   17.2024187866928       2.742527222092748E-004 -1.713854268985077E-005
   17.2611232876712       2.897951741591542E-004  1.856546269897946E-005
   17.3198277886497       3.045141698467257E-004  5.034359757605682E-005
   17.3785322896282       3.187883117885382E-004  7.713906795857664E-005
   17.4372367906067       3.331665374212087E-004  9.803576417645967E-005
   17.4959412915851       3.481162025284630E-004  1.124105402367900E-004
   17.5546457925636       3.638333472675129E-004  1.199483346306208E-004
   17.6133502935421       3.802971686898339E-004  1.206637343465250E-004
   17.6720547945205       3.972245839016641E-004  1.150775684520052E-004
   17.7307592954990       4.140722278826092E-004  1.041103739472280E-004
   17.7894637964775       4.299573040432882E-004  8.910624551465910E-005
   17.8481682974560       4.439379511403025E-004  7.184434341315169E-005
   17.9068727984344       4.550349222450961E-004  5.425591916914513E-005
   17.9655772994129       4.622340666773774E-004  3.824734701641863E-005
   18.0242818003914       4.646106503087375E-004  2.561191836948508E-005
   18.0829863013699       4.614795017408322E-004  1.764290403520989E-005
   18.1416908023483       4.523876014991525E-004  1.508397524719161E-005
   18.2003953033268       4.372021304890068E-004  1.800721435002648E-005
   18.2590998043053       4.161067460417924E-004  2.595779091221382E-005
   18.3178043052838       3.895916189551741E-004  3.806217626768408E-005
   18.3765088062622       3.583461467707205E-004  5.308716526057447E-005
   18.4352133072407       3.232624074978467E-004  6.982092681206364E-005
   18.4939178082192       2.853820625515314E-004  8.729553813793106E-005
   18.5526223091977       2.458608543064377E-004  1.048499860138225E-004
   18.6113268101761       2.058182894917520E-004  1.222427054881826E-004
   18.6700313111546       1.665260395351833E-004  1.395547928523374E-004
   18.7287358121331       1.292676409868177E-004  1.571887263158921E-004
   18.7874403131115       9.521154842427710E-005  1.757002329811623E-004
   18.8461448140900       6.555654826214381E-005  1.957170815034328E-004
   18.9048493150685       4.125142259225104E-005  2.178015719237002E-004
   18.9635538160470       2.296278123731512E-005  2.423768440695904E-004
   19.0222583170254       1.101926892593689E-005  2.694823963301344E-004
   19.0809628180039       5.385029205457563E-006  2.988582022657443E-004
   19.1396673189824       5.494156103013578E-006  3.298430414952430E-004
   19.1983718199609       1.029883157703715E-005  3.614674011976403E-004
   19.2570763209393       1.833174049656514E-005  3.923986955414841E-004
   19.3157808219178       2.786182429739125E-005  4.212160506317820E-004
   19.3744853228963       3.724476639145017E-005  4.464116903218548E-004
   19.4331898238748       4.497527320211339E-005  4.666337730411612E-004
   19.4918943248532       4.998830227491028E-005  4.807752756251854E-004
   19.5505988258317       5.166064387927774E-005  4.881405815073911E-004
   19.6093033268102       4.994036197821463E-005  4.883616949976953E-004
   19.6680078277886       4.532514095075004E-005  4.814855630842505E-004
   19.7267123287671       3.848115382890207E-005  4.678657449028769E-004
   19.7854168297456       3.026634535047059E-005  4.480691507683710E-004
   19.8441213307241       2.147800926358993E-005  4.228792470852262E-004
   19.9028258317025       1.275005843546651E-005  3.931638021241229E-004
   19.9615303326810       4.354783245130221E-006  3.598986192191512E-004
   20.0202348336595      -3.753779267689674E-006  3.240734698695703E-004
   20.0789393346380      -1.202256724747852E-005  2.867852295269146E-004
   20.1376438356164      -2.123567710786659E-005  2.491126454638364E-004
   20.1963483365949      -3.244136851258390E-005  2.121696575838725E-004
   20.2550528375734      -4.675506309095929E-005  1.770383300773707E-004
   20.3137573385519      -6.519513627252869E-005  1.447360125526227E-004
   20.3724618395303      -8.858981276020881E-005  1.160578010336001E-004
   20.4311663405088      -1.173240190045628E-004  9.157652152549939E-005
   20.4898708414873      -1.512336779690396E-004  7.157730074534987E-005
   20.5485753424658      -1.896238730652885E-004  5.584343579358039E-005
   20.6072798434442      -2.312231034825718E-004  4.388297670060440E-005
   20.6659843444227      -2.743149554507158E-004  3.485934763178333E-005
   20.7246888454012      -3.170728216793433E-004  2.782714803154460E-005
   20.7833933463796      -3.574828345169555E-004  2.180910585743676E-005
   20.8420978473581      -3.937860625987186E-004  1.602826452692420E-005
   20.9008023483366      -4.245929624959682E-004  1.001380331555686E-005
   20.9595068493151      -4.488019330547486E-004  3.600434399270488E-006
   21.0182113502935      -4.658850743762735E-004 -3.029729644430072E-006
   21.0769158512720      -4.758547637370449E-004 -9.390387538911279E-006
   21.1356203522505      -4.789677930413374E-004 -1.483903239999753E-005
   21.1943248532290      -4.757365634824652E-004 -1.876508944315529E-005
   21.2530293542074      -4.667798983415445E-004 -2.057817865171465E-005
   21.3117338551859      -4.527867069926470E-004 -1.994190348802070E-005
   21.3704383561644      -4.344768055535217E-004 -1.684962142900847E-005
   21.4291428571429      -4.124406477122874E-004 -1.168946817581062E-005
   21.4878473581213      -3.872834568530848E-004 -5.243035148498538E-006
   21.5465518590998      -3.595025180802842E-004  1.260713566824548E-006
   21.6052563600783      -3.295973302374575E-004  6.293130322088645E-006
   21.6639608610568      -2.980806976445297E-004  8.102952384348974E-006
   21.7226653620352      -2.653726727486527E-004  5.080977311798510E-006
   21.7813698630137      -2.318566179761273E-004 -4.082459975207870E-006
   21.8400743639922      -1.978561188630752E-004 -2.020006801444843E-005
   21.8987788649706      -1.636041687245601E-004 -4.344944976869255E-005
   21.9574833659491      -1.294386993134772E-004 -7.324948438575696E-005
   22.0161878669276      -9.555276780092430E-005 -1.083860797950255E-004
   22.0748923679061      -6.210049521940974E-005 -1.471085887949146E-004
   22.1335968688845      -2.930228136863706E-005 -1.874488231622686E-004
   22.1923013698630       2.568414746867991E-006 -2.273438213322902E-004
   22.2510058708415       3.324748496644198E-005 -2.649839994215836E-004
   22.3097103718200       6.229222746104955E-005 -2.990514685260787E-004
   22.3684148727984       8.930915637533631E-005 -3.285617326839389E-004
   22.4271193737769       1.136696268615334E-004 -3.531453563900362E-004
   22.4858238747554       1.348021207462130E-004 -3.728212612455034E-004
   22.5445283757339       1.520052137807263E-004 -3.879358330630677E-004
   22.6032328767123       1.647325804898166E-004 -3.990931306341305E-004
   22.6619373776908       1.725223027749467E-004 -4.069287185871814E-004
   22.7206418786693       1.751307392344285E-004 -4.120333945611271E-004
   22.7793463796478       1.725399661667302E-004 -4.148277817675665E-004
   22.8380508806262       1.651848227914136E-004 -4.154719086278591E-004
   22.8967553816047       1.538884888764967E-004 -4.137975993280188E-004
   22.9554598825832       1.398632043612338E-004 -4.093658671687978E-004
   23.0141643835616       1.247045501458570E-004 -4.014364085865914E-004
   23.0728688845401       1.100452802875948E-004 -3.892095340003136E-004
   23.1315733855186       9.752990119930315E-005 -3.718800155729911E-004
   23.1902778864971       8.846002889574295E-005 -3.488169621797358E-004
   23.2489823874755       8.383841387752983E-005 -3.196495651610761E-004
   23.3076868884540       8.399380576285076E-005 -2.844427707857166E-004
   23.3663913894325       8.871578866821082E-005 -2.436247376833447E-004
   23.4250958904110       9.726078422234650E-005 -1.981146669767336E-004
   23.4838003913894       1.085705282445031E-004 -1.490192956156162E-004
   23.5425048923679       1.213581056247769E-004 -9.758991812858555E-005
   23.6012093933464       1.344433200205681E-004 -4.513309395206236E-005
   23.6599138943249       1.467684946190170E-004  7.077352021946507E-006
   23.7186183953033       1.575339681440487E-004  5.789651711733822E-005
   23.7773228962818       1.663786979380034E-004  1.063379015803715E-004
   23.8360273972603       1.733579728689683E-004  1.515674724686458E-004
   23.8947318982387       1.789691325717433E-004  1.930060920956435E-004
   23.9534363992172       1.840153604562533E-004  2.301523314930607E-004
   24.0121409001957       1.894107364650569E-004  2.627044202531840E-004
   24.0708454011742       1.960941632046619E-004  2.904139796353280E-004
   24.1295499021526       2.048741370282752E-004  3.131718258545553E-004
   24.1882544031311       2.161584670270940E-004  3.310212681279092E-004
   24.2469589041096       2.297960225831901E-004  3.440269931291841E-004
   24.3056634050881       2.450681471635051E-004  3.523547576491628E-004
   24.3643679060665       2.606891964792470E-004  3.562949853421778E-004
   24.4230724070450       2.749344413365393E-004  3.562392713200262E-004
   24.4817769080235       2.859827249899047E-004  3.525716385500154E-004
   24.5404814090020       2.918983675350552E-004  3.456347987587699E-004
   24.5991859099804       2.911944375955256E-004  3.358134131423769E-004
   24.6578904109589       2.829665793883863E-004  3.233571291769783E-004
   24.7165949119374       2.668612801870207E-004  3.084164044433308E-004
   24.7752994129159       2.431940154657696E-004  2.911129313892919E-004
   24.8340039138943       2.128437381104820E-004  2.715350241391644E-004
   24.8927084148728       1.771038814672043E-004  2.497440865167835E-004
   24.9514129158513       1.375670355225577E-004  2.257362206952550E-004
   25.0101174168297       9.589381284712287E-005  1.996008722806085E-004
   25.0688219178082       5.356793720181904E-005  1.715200803172448E-004
   25.1275264187867       1.177619812453051E-005  1.418032277752777E-004
   25.1862309197652      -2.860258501607358E-005  1.109829741327089E-004
   25.2449354207436      -6.714214959208217E-005  7.972943254891544E-005
   25.3036399217221      -1.038063957534140E-004  4.890422730399540E-005
   25.3623444227006      -1.389108459528468E-004  1.953877545644056E-005
   25.4210489236791      -1.730471560182858E-004 -7.317072918845009E-006
   25.4797534246575      -2.067831429923999E-004 -3.065627841050207E-005
   25.5384579256360      -2.406347398723068E-004 -4.969210794937256E-005
   25.5971624266145      -2.748411136661414E-004 -6.391841862841142E-005
   25.6558669275930      -3.092627566253965E-004 -7.327268149986076E-005
   25.7145714285714      -3.431826763934521E-004 -7.810792886406785E-005
   25.7732759295499      -3.755035703114648E-004 -7.919999897003579E-005
   25.8319804305284      -4.048190439532861E-004 -7.760828177257307E-005
   25.8906849315069      -4.297146137968255E-004 -7.457876443248929E-005
   25.9493894324853      -4.486832608856839E-004 -7.126718826257267E-005
   26.0080939334638      -4.604616856922177E-004 -6.869753650952430E-005
   26.0667984344423      -4.642856846785570E-004 -6.755344332524820E-005
   26.1255029354207      -4.598880112647334E-004 -6.809677862186950E-005
   26.1842074363992      -4.473677976093932E-004 -7.023203201525025E-005
   26.2429119373777      -4.271798343470273E-004 -7.351033188292082E-005
   26.3016164383562      -4.002178925759251E-004 -7.725336170433196E-005
   26.3603209393346      -3.676301245213307E-004 -8.059810705623825E-005
   26.4190254403131      -3.305874366078272E-004 -8.274272780469776E-005
   26.4777299412916      -2.902109719015745E-004 -8.298690787693466E-005
   26.5364344422701      -2.475790288172682E-004 -8.088002554138208E-005
   26.5951389432485      -2.035296413494341E-004 -7.636646171581014E-005
   26.6538434442270      -1.586809796906727E-004 -6.979299878923998E-005
   26.7125479452055      -1.134003463804802E-004 -6.202004782577681E-005
   26.7712524461840      -6.779073027007454E-005 -5.417289173462053E-005
   26.8299569471624      -2.188380346581967E-005 -4.754058582344292E-005
   26.8886614481409       2.438692639133971E-005 -4.348231927696211E-005
   26.9473659491194       7.105454875657741E-005 -4.308872241246443E-005
   27.0060704500978       1.179811530574263E-004 -4.699752244724039E-005
   27.0647749510763       1.647400798111397E-004 -5.529467733446291E-005
   27.1234794520548       2.106627840396334E-004 -6.739427045664268E-005
   27.1821839530333       2.549107177736097E-004 -8.221594022936859E-005
   27.2408884540117       2.964445539534359E-004 -9.834282124271440E-005
   27.2995929549902       3.342684342424890E-004 -1.141654906234536E-004
   27.3582974559687       3.674131803737596E-004 -1.280963401200369E-004
   27.4170019569472       3.950230966363928E-004 -1.388415015241923E-004
   27.4757064579256       4.164321545249828E-004 -1.454645525250995E-004
   27.5344109589041       4.312655820548572E-004 -1.475386482102929E-004
   27.5931154598826       4.393711663335728E-004 -1.451518952497499E-004
   27.6518199608611       4.408000768889899E-004 -1.388581162537346E-004
   27.7105244618395       4.357919886078546E-004 -1.296137093204719E-004
   27.7692289628180       4.247760056464809E-004 -1.185820729763988E-004
   27.8279334637965       4.082871232146978E-004 -1.070299050675819E-004
   27.8866379647750       3.867827016585128E-004 -9.614908942660999E-005
   27.9453424657534       3.608889861398871E-004 -8.670688115338753E-005
   28.0040469667319       3.312127742179646E-004 -7.910939097623227E-005
   28.0627514677104       2.981262160287248E-004 -7.314140356123732E-005
   28.1214559686888       2.620805117797495E-004 -6.803654661040369E-005
   28.1801604696673       2.234192232689040E-004 -6.265846353441458E-005
   28.2388649706458       1.824648355302154E-004 -5.563530214959300E-005
   28.2975694716243       1.395083313077200E-004 -4.564880027836679E-005
   28.3562739726027       9.488130543819481E-005 -3.167127273522927E-005
   28.4149784735812       4.896962578479054E-005 -1.307823585420253E-005
   28.4736829745597       2.375822858065710E-006  1.001131750213611E-005
   28.5323874755382      -4.431179314983278E-005  3.696392405636142E-005
   28.5910919765166      -9.049454228846579E-005  6.661554646070501E-005
   28.6497964774951      -1.354506436613042E-004  9.738755310335161E-005
   28.7085009784736      -1.784573807370303E-004  1.275336632029076E-004
   28.7672054794521      -2.188495436559326E-004  1.553473116159188E-004
   28.8259099804305      -2.560485527812852E-004  1.793246095768935E-004
   28.8846144814090      -2.894551704539675E-004  1.983899970685137E-004
   28.9433189823875      -3.186247405667930E-004  2.119393152089071E-004
   29.0020234833659      -3.431463144395462E-004  2.199596370692268E-004
   29.0607279843444      -3.627331442669853E-004  2.228662580088429E-004
   29.1194324853229      -3.772083117409031E-004  2.216681940797217E-004
   29.1781369863014      -3.864612537764092E-004  2.175613422503742E-004
   29.2368414872798      -3.904447651538904E-004  2.119377596863671E-004
   29.2955459882583      -3.891842331758775E-004  2.060400556251010E-004
   29.3542504892368      -3.828251608941139E-004  2.007832547967653E-004
   29.4129549902153      -3.714591715301239E-004  1.964952157097296E-004
   29.4716594911937      -3.553125588778696E-004  1.929971963732521E-004
   29.5303639921722      -3.345836959343359E-004  1.894752025782661E-004
   29.5890684931507      -3.096124678739568E-004  1.848027312102197E-004
   29.6477729941292      -2.806201195299418E-004  1.775497513743603E-004
   29.7064774951076      -2.480749184757293E-004  1.665568385576440E-004
   29.7651819960861      -2.122139693959687E-004  1.506965269328288E-004
   29.8238864970646      -1.737928194231095E-004  1.296475747851541E-004
   29.8825909980431      -1.328305477905717E-004  1.032034104826269E-004
   29.9412954990215      -9.065723388732330E-005  7.252524108814448E-005
   30.0000000000000      -4.612241188594971E-005  3.754697873618945E-005
