           0  0.755405961988611     
           1  0.210346641121260     
           2  2.181374187548576E-002
           3  1.260059590992645E-003
           4  3.266403765844670E-003
           5  3.026617906049497E-003
           6  1.956888994777758E-003
           7  1.141199722882230E-003
           8  5.407003955370825E-004
           9  2.870366877050970E-004
          10  2.067222462578778E-004
          11  1.524917308446291E-004
          12  1.258222754516190E-004
          13  1.027561550743736E-004
          14  1.017650480077790E-004
          15  1.201555013364066E-004
          16  9.612201962124788E-005
          17  4.880218359411834E-005
          18  3.086187895691025E-012
