           0  0.171757891121517     
           1  0.238353400522053     
           2  0.206657487589993     
           3  0.146181209835139     
           4  9.326278440183140E-002
           5  5.639641994208081E-002
           6  3.323880337859807E-002
           7  1.941899170259936E-002
           8  1.136645775955215E-002
           9  6.711320944025306E-003
          10  4.014425699218004E-003
          11  2.438149727724565E-003
          12  1.504007239112030E-003
          13  9.403107939388894E-004
          14  5.918281526898886E-004
          15  3.695683372607119E-004
          16  2.200699632426233E-004
          17  1.136284389840978E-004
          18  3.367852786970887E-009
