  2.000000000000000E-003 -1.119806091904626E-002 -8.732270621912799E-003
  6.070450097847359E-002  1.040027247836869E-002 -2.676673501030072E-004
  0.119409001956947       6.844500623014153E-003  1.147693928460076E-002
  0.178113502935421      -1.459953585087775E-002  4.790027393327081E-003
  0.236818003913894      -8.320384827897664E-003 -3.169087363899927E-005
  0.295522504892368      -8.294443596197467E-003 -1.191374920110536E-002
  0.354227005870842       9.044221449655696E-003  2.979461389402149E-003
  0.412931506849315      -1.314507198309424E-002  3.893827212799942E-003
  0.471636007827789      -1.391761239051486E-002  1.294105543563229E-002
  0.530340508806262       1.168461409186805E-003 -1.376062258865233E-002
  0.589045009784736      -2.222918096806040E-003 -1.424523225964662E-002
  0.647749510763209      -2.980157572582805E-002 -5.066296455133711E-002
  0.706454011741683      -2.164816316300482E-002 -4.317392179993062E-002
  0.765158512720157      -2.304281520615611E-003  3.326007875581152E-003
  0.823863013698630       1.043617602433699E-002  3.670646701634298E-002
  0.882567514677104       3.777147017818676E-002  4.514777684665185E-002
  0.941272015655577       5.027966755094913E-002  4.763290600963894E-002
  0.999976516634051       6.034157726154278E-002 -1.213814201371182E-002
   1.05868101761252       4.394425899597197E-002  5.622582517220472E-003
   1.11738551859100       3.461364518156284E-002  1.564875611561237E-002
   1.17609001956947       2.250234517540451E-002  8.285010459491045E-002
   1.23479452054795      -1.276764786290128E-002  0.124047862108273     
   1.29349902152642      -0.123106508547063       0.112170768040386     
   1.35220352250489      -0.231918266205670       3.022472675011128E-002
   1.41090802348337      -0.272700334754672      -3.429960500674469E-002
   1.46961252446184      -0.255257233405871      -7.674998668556417E-002
   1.52831702544031      -0.208014698434237      -0.107660184800014     
   1.58702152641879      -0.198926345995752      -0.128986846035003     
   1.64572602739726      -0.154360375602667      -0.181568350481579     
   1.70443052837573      -0.103134165967004      -0.227086519592847     
   1.76313502935421      -4.520278136747362E-002 -0.272791356685711     
   1.82183953033268       2.605033966873286E-002 -0.274423719066728     
   1.88054403131115       9.091228230027387E-002 -0.280160650870253     
   1.93924853228963       0.106120035869645      -0.272710076650796     
   1.99795303326810       1.495807786857257E-002 -0.351889482050786     
   2.05665753424658      -5.564287524078434E-002 -0.446657002749223     
   2.11536203522505      -0.147383768787355      -0.480693336193126     
   2.17406653620352      -0.242160453371275      -0.578390478201927     
   2.23277103718200      -0.299515374254021      -0.737860095778676     
   2.29147553816047      -0.352993218349027      -0.834655830725988     
   2.35018003913894      -0.434689424856821      -0.799829748367415     
   2.40888454011742      -0.531399124158873      -0.715877766611204     
   2.46758904109589      -0.527741086241087      -0.607904920637313     
   2.52629354207436      -0.411649289339572      -0.416903153930093     
   2.58499804305284      -0.368531472503272      -0.234291637944162     
   2.64370254403131      -0.394247438549833      -5.642173096755228E-002
   2.70240704500978      -0.450733566955778       9.552258246397151E-002
   2.76111154598826      -0.482509657326070       0.190263119845229     
   2.81981604696673      -0.469800275469217       0.276651966041794     
   2.87852054794521      -0.456470919645793       0.318688099011687     
   2.93722504892368      -0.390419086479602       0.293366281110852     
   2.99592954990215      -0.375570893649706       0.252086347891600     
   3.05463405088063      -0.321744267181837       0.215819106437741     
   3.11333855185910      -0.251123838332136       0.218154194884125     
   3.17204305283757      -0.215200411076585       0.162471206580949     
   3.23074755381605      -0.161486871395247       2.893111051422384E-002
   3.28945205479452      -4.642092167730558E-002 -7.820374648823648E-002
   3.34815655577299       4.052573754034421E-002 -0.152965846231966     
   3.40686105675147       7.505550262051568E-002 -0.155415450039832     
   3.46556555772994       8.609302081227739E-002 -0.164147919299259     
   3.52427005870842       0.101985070782217      -0.173914854541279     
   3.58297455968689       4.072661883113025E-002 -0.121661788844725     
   3.64167906066536      -3.209779329568949E-003 -0.111891900511023     
   3.70038356164384      -2.523919888595022E-002 -8.897531910937310E-002
   3.75908806262231      -1.417027668164099E-002 -0.106216731369084     
   3.81779256360078       4.150721283871393E-002 -9.060566678845715E-002
   3.87649706457926       3.331763673765039E-002 -2.588467059355683E-002
   3.93520156555773      -4.980317254321766E-002  3.151051098812096E-002
   3.99390606653620      -8.115220217368269E-002  4.048307716038758E-002
   4.05261056751468      -0.109161454406861       3.096475179471574E-002
   4.11131506849315      -0.110601634257366      -8.879001486583708E-004
   4.17001956947162      -0.128876524338646      -2.185788004586851E-002
   4.22872407045010      -0.110224601730766      -4.782048173836523E-002
   4.28742857142857      -5.768929711918271E-002 -5.651282638315347E-002
   4.34613307240704       1.370198468048682E-002 -5.361641693804653E-002
   4.40483757338552       6.178162558576457E-003 -2.602743448082563E-002
   4.46354207436399      -1.373162749167015E-002 -7.757008644193575E-002
   4.52224657534247      -4.676151727821808E-002 -0.116790684498907     
   4.58095107632094      -2.713367987577072E-002 -0.129497546760037     
   4.63965557729941      -1.884649663710958E-002 -0.112371975469618     
   4.69836007827789      -2.275457128785226E-002 -9.142420677116045E-002
   4.75706457925636      -2.638876456368834E-002 -9.721928312558199E-002
   4.81576908023483       2.840656155343841E-003 -9.064572366436964E-002
   4.87447358121331       2.772997801181483E-002 -0.101154518469792     
   4.93317808219178       2.686716176222428E-002 -6.054141578839550E-002
   4.99188258317025       2.141494871412991E-003 -9.026449524377685E-002
   5.05058708414873       4.750388011361784E-002 -8.655877523861619E-002
   5.10929158512720       6.054085661813330E-002 -5.588771231795606E-002
   5.16799608610568       2.824327653089987E-002 -1.079747960822132E-002
   5.22670058708415       4.328771657472982E-002 -5.501175754615673E-002
   5.28540508806262       4.593702578981426E-002 -5.025789115289438E-002
   5.34410958904110       5.088327455638019E-002 -5.347722117417801E-002
   5.40281409001957       4.807712885698492E-002 -4.014638748605977E-002
   5.46151859099804       5.513366652412126E-002  8.893174222166520E-003
   5.52022309197652       3.135215797437356E-002  6.224836284008798E-002
   5.57892759295499       8.546974501269337E-004  0.140610053066075     
   5.63763209393346      -1.715669764076152E-002  0.131983072357262     
   5.69633659491194      -5.970307615948219E-002  0.108706524173823     
   5.75504109589041      -0.139893173446839       6.754429650129859E-002
   5.81374559686888      -0.179569050957069       3.907645204445334E-002
   5.87245009784736      -0.218926049701953       3.303052806900338E-002
   5.93115459882583      -0.227252652850981       5.676410793126867E-002
   5.98985909980431      -0.168648698032143       2.325779642863866E-002
   6.04856360078278      -3.735583049581191E-002  1.921246926489590E-002
   6.10726810176125      -6.484123623344953E-003  3.135988373276261E-002
   6.16597260273973       1.373480355505137E-002 -1.369029882333041E-003
   6.22467710371820       6.397365363279373E-002 -8.751231601883602E-002
   6.28338160469667       0.103137667373859      -4.925373980223024E-002
   6.34208610567515       0.141906322979058      -2.862780634887808E-003
   6.40079060665362       0.125890874097448       3.248898520956293E-002
   6.45949510763209       0.215358321932355       6.662903026261288E-002
   6.51819960861057       0.215978038119025       9.099847977381927E-002
   6.57690410958904       0.161887513557680       9.029768830070545E-002
   6.63560861056752       6.547729932972701E-002  7.723644639508551E-002
   6.69431311154599       4.232972528120729E-004  0.121932572161454     
   6.75301761252446      -9.102471428361054E-002  0.154372589878472     
   6.81172211350294      -0.102954339633163       0.160602720336716     
   6.87042661448141      -3.847987151468236E-002  0.147805236640247     
   6.92913111545988      -6.110698239082141E-003  8.290893582834141E-002
   6.98783561643836       1.502533257787049E-002 -8.553784741802475E-005
   7.04654011741683       4.837092244605495E-002 -4.130488993627084E-002
   7.10524461839530       0.101858004315611      -5.637764845407344E-002
   7.16394911937378       7.727280629543334E-002 -6.121047499733935E-002
   7.22265362035225       9.787965327963255E-002 -2.844546870239214E-002
   7.28135812133072       6.333142712155819E-002  5.797778364288091E-002
   7.34006262230920       2.947376971420987E-003  3.140183656871910E-002
   7.39876712328767      -1.438567162702686E-002 -4.005765730359573E-003
   7.45747162426615      -1.437869805403559E-002 -4.352584069705071E-002
   7.51617612524462      -3.868583602822036E-002 -4.285258366229225E-002
   7.57488062622309      -5.015060807188405E-002 -6.646789943786785E-002
   7.63358512720157      -1.493098858862530E-002 -6.703125291843361E-002
   7.69228962818004      -4.285882217822413E-002 -4.292052947941502E-002
   7.75099412915851      -5.684684013281702E-002 -3.730358271774589E-002
   7.80969863013699      -9.836491496229768E-003 -4.179917660035930E-002
   7.86840313111546      -8.279473261766229E-003 -8.153515761781049E-002
   7.92710763209393       3.591005606562488E-002 -9.998273883075813E-002
   7.98581213307241       1.721250148107860E-003 -0.132382610443771     
   8.04451663405088       1.317358171657716E-002 -9.594567031762016E-002
   8.10322113502936       3.170307282031730E-002 -2.964975943916078E-002
   8.16192563600783       7.321013114334377E-002  7.505819124589201E-002
   8.22063013698630       8.121204916666411E-002  0.135578852274254     
   8.27933463796478       0.119399328528369       0.159465471865978     
   8.33803913894325       5.002282565987506E-002  0.193892562782076     
   8.39674363992172       2.430450511610984E-002  0.179658122741564     
   8.45544814090020      -3.704738858655870E-002  0.130144048999440     
   8.51415264187867      -3.420317638833977E-002  7.650212430149031E-002
   8.57285714285714      -1.381973291385799E-003  1.123799681302980E-002
   8.63156164383562       2.030254221278549E-002 -6.898439291583176E-002
   8.69026614481409       0.105068681721489      -6.125286212161428E-002
   8.74897064579256       0.100643101623017      -4.025012170434011E-003
   8.80767514677104       9.163743817039890E-002  2.954590907451421E-002
   8.86637964774951       5.947316551292006E-002  0.101277236608070     
   8.92508414872799      -5.246284503711141E-002  4.570268238501404E-002
   8.98378864970646      -7.592324706757395E-002 -4.174990501775388E-002
   9.04249315068493      -7.916678475765151E-002 -9.504036657266758E-002
   9.10119765166341      -5.932106582174244E-002 -0.125578350190609     
   9.15990215264188      -3.668560427909113E-002 -0.122482080740838     
   9.21860665362035      -1.601904217580732E-002 -0.133236986668852     
   9.27731115459883      -1.559793193763406E-002 -7.749493570484237E-002
   9.33601565557730      -2.866090553233932E-002 -7.845219669700365E-002
   9.39472015655577       1.644484425468909E-002 -7.963244853890161E-002
   9.45342465753425      -5.323893608227344E-002 -3.351913176193639E-003
   9.51212915851272      -9.419872661575285E-002 -4.185955983990872E-002
   9.57083365949119      -9.926201608746189E-002 -1.365418602684701E-002
   9.62953816046967      -8.523782010917365E-002 -5.813211412530892E-002
   9.68824266144814       6.364993717927989E-003 -4.078821226832306E-002
   9.74694716242662       2.307399605448805E-002  1.102459832777464E-002
   9.80565166340509      -2.190539121987862E-003  1.169996330609761E-002
   9.86435616438356      -1.735893488289023E-002  3.814561501942647E-002
   9.92306066536204      -7.017129163098385E-002 -2.866709098264940E-003
   9.98176516634051      -2.854421764793598E-002 -1.750834053631362E-002
   10.0404696673190      -1.293954009215107E-002  1.686057812341581E-002
   10.0991741682975      -3.129948677879039E-002  2.088448335106383E-002
   10.1578786692759       3.044164978653514E-002  4.630070830810057E-002
   10.2165831702544       2.791633624982235E-002  1.977475498159641E-002
   10.2752876712329       8.907902617238971E-002 -7.035676095069172E-002
   10.3339921722114       0.176364308619548      -0.111122429895919     
   10.3926966731898       0.155769398144857      -0.163653810586302     
   10.4514011741683       0.122762650730483      -0.176383978257358     
   10.5101056751468       6.016611146366513E-002 -0.203288411928341     
   10.5688101761252      -1.632489898102315E-002 -0.222133397904705     
   10.6275146771037      -6.905829900707233E-003 -0.191868743932667     
   10.6862191780822      -4.400506082125802E-002 -0.111266154919388     
   10.7449236790607      -3.889645062805218E-002 -0.101034268078819     
   10.8036281800391       1.566424648982917E-002 -5.822897896653187E-002
   10.8623326810176       4.219413674517697E-003 -3.388472243034484E-002
   10.9210371819961      -3.613577142386002E-003 -4.188677537756654E-002
   10.9797416829746      -6.581182875719360E-004 -1.408684774278824E-002
   11.0384461839530      -5.348889520159085E-002 -1.133151200410375E-003
   11.0971506849315      -6.437464262604521E-002 -1.298686647931479E-002
   11.1558551859100      -3.474567463632122E-002 -1.286031017057807E-003
   11.2145596868885      -4.431873632606366E-003  3.351868622394030E-002
   11.2732641878669       1.398082771976501E-002  3.880391254372809E-002
   11.3319686888454      -1.327495332945003E-004 -8.861078068088946E-004
   11.3906731898239       2.365094034859753E-002  1.483938481520486E-002
   11.4493776908024       8.141528787556307E-003 -1.938553497381078E-002
   11.5080821917808      -2.831331856300814E-002 -3.717621080059681E-002
   11.5667866927593       6.368152161741879E-003 -3.809766497570833E-002
   11.6254911937378       1.377955914214430E-002  2.562519772154438E-002
   11.6841956947162      -4.937003726398589E-002  7.390003397257848E-002
   11.7429001956947      -5.508522494561563E-002  7.258695266581139E-002
   11.8016046966732      -7.326292255786157E-002  9.445190725928100E-002
   11.8603091976517      -8.403733348627505E-002  3.435214960673574E-002
   11.9190136986301      -1.945357776232551E-002 -7.529941279757195E-003
   11.9777181996086       2.336671007439885E-002  1.934197272504694E-002
   12.0364227005871       2.678140738381578E-002  5.066335221852458E-002
   12.0951272015656       2.037070439629290E-002  9.896088014825150E-002
   12.1538317025440       4.542739110467306E-003  0.153291852526544     
   12.2125362035225       1.446503709883800E-002  0.165263967170077     
   12.2712407045010       2.593122490570994E-002  0.189569552135899     
   12.3299452054795       7.055202979200663E-002  0.158066154881943     
   12.3886497064579       7.457164224821221E-002  7.548293201662676E-002
   12.4473542074364       7.169042983825863E-002  7.287269996397260E-002
   12.5060587084149       7.316188820620470E-002  4.698960959878887E-002
   12.5647632093933       5.438006414614776E-002  5.523853022922184E-002
   12.6234677103718      -1.249350267559322E-002  1.106137736954083E-002
   12.6821722113503       8.374790382093968E-003 -1.366492481064868E-002
   12.7408767123288       9.530580586872298E-003 -3.118227072702680E-003
   12.7995812133072       1.497216252651429E-002  5.959388563686807E-003
   12.8582857142857       2.763355997724778E-002 -4.049844925395071E-002
   12.9169902152642      -1.203856721658291E-002 -2.007790150064330E-002
   12.9756947162427       1.359809415849147E-002 -2.766939933547912E-002
   13.0343992172211       2.032372411914355E-002 -1.744507391700178E-002
   13.0931037181996      -1.766203782906860E-002 -5.733646421005262E-002
   13.1518082191781      -4.771424056814932E-002 -7.168775944151755E-002
   13.2105127201566      -8.146237528751919E-002 -0.101716210912700     
   13.2692172211350      -8.225935288577362E-002 -8.137697778206018E-002
   13.3279217221135      -7.203878088139710E-002 -4.996666171749753E-002
   13.3866262230920      -7.317698556871975E-002 -5.379349480262640E-002
   13.4453307240705      -8.572397349465011E-002 -1.756585574494960E-002
   13.5040352250489      -3.818290314628165E-002 -2.442476328181424E-002
   13.5627397260274      -2.093722168402075E-002 -6.516691063522999E-002
   13.6214442270059       2.622917287978588E-003 -2.304049006591176E-002
   13.6801487279843       1.761578241878700E-002 -6.970197056780912E-003
   13.7388532289628       3.396489258498140E-002  3.966513616403351E-002
   13.7975577299413       2.057311028290707E-002  1.247656299060425E-002
   13.8562622309198       4.893660454170421E-002 -2.958136341701278E-002
   13.9149667318982       7.454584008235263E-002 -4.499932840223470E-002
   13.9736712328767       9.448745074801698E-002 -1.398743011004762E-002
   14.0323757338552       0.114159196337167      -3.261889761593750E-002
   14.0910802348337       7.643595925728963E-002  6.354169566063897E-003
   14.1497847358121       6.536248164826573E-002 -6.168042669591516E-003
   14.2084892367906       2.567881568579346E-002 -2.711130246023258E-002
   14.2671937377691       2.325140898300809E-002  9.893681321758616E-003
   14.3258982387476       3.898875093776057E-002 -2.035856679622506E-002
   14.3846027397260       6.512776018625779E-002 -4.645443808128091E-003
   14.4433072407045       5.234523926838557E-002  2.997187203118107E-002
   14.5020117416830      -5.748289133557362E-003  6.347675415925416E-002
   14.5607162426614      -2.545960551954987E-002  4.736965101045553E-002
   14.6194207436399      -6.804557305933327E-002  2.089865742113403E-002
   14.6781252446184      -0.105259646661943      -5.842768131431145E-002
   14.7368297455969      -9.458605811803060E-002 -3.662544415165957E-002
   14.7955342465753      -8.292322381818426E-002  1.618104224199597E-002
   14.8542387475538      -3.970266547821195E-002  6.918698979790305E-002
   14.9129432485323      -1.309264530133413E-002  0.107214326467975     
   14.9716477495108       1.470813023896107E-002  0.113019272754870     
   15.0303522504892       5.946754226679521E-003  7.149018034381152E-002
   15.0890567514677       3.154568695571613E-002 -1.456491041644531E-002
   15.1477612524462       4.121818685881230E-002 -9.046890685573374E-002
   15.2064657534247       4.555353365342633E-002 -0.133316095261275     
   15.2651702544031      -1.203238609611291E-002 -0.105050166665093     
   15.3238747553816      -9.460767011512387E-002 -7.181459724510333E-002
   15.3825792563601      -0.179065057259496      -7.950403583876235E-002
   15.4412837573386      -0.187219718818375      -6.650943858222472E-002
   15.4999882583170      -0.169773848842441      -1.321364633127147E-002
   15.5586927592955      -9.015175519826577E-002  4.964278120513140E-002
   15.6173972602740      -3.854123567307247E-002  5.531271143417357E-002
   15.6761017612524      -2.359192061721690E-003  1.558178529923093E-002
   15.7348062622309       4.793497557277455E-002  1.022893131851444E-002
   15.7935107632094       0.106093296047664       8.199118505462297E-003
   15.8522152641879       0.100879394311961       3.594907395688784E-002
   15.9109197651663       3.298280336286401E-002  2.849421627963641E-002
   15.9696242661448      -6.268345497441548E-002 -3.701417628227024E-003
   16.0283287671233      -9.679617348122027E-002 -4.472215636808288E-002
   16.0870332681018      -7.620365472752660E-002 -7.669242449235415E-002
   16.1457377690802      -7.682909241300141E-002 -8.037468526212857E-002
   16.2044422700587      -9.942419104601344E-002 -5.127498714642054E-002
   16.2631467710372      -0.107398098736999       1.350823744708118E-002
   16.3218512720157      -0.111935864187915       2.040428745129851E-002
   16.3805557729941      -6.872067930257802E-002  5.098546075623570E-002
   16.4392602739726      -4.284476047267913E-002  9.040347593731088E-002
   16.4979647749511      -6.691379428790770E-002  0.108543752087990     
   16.5566692759296      -0.132833548551293       8.527086850294779E-002
   16.6153737769080      -7.017577234615893E-002  3.658863226450806E-002
   16.6740782778865      -4.040867357094566E-004 -4.640964369060914E-002
   16.7327827788650       3.011764534762339E-003 -6.667040488478444E-002
   16.7914872798434      -2.969009157238990E-002  1.940319219721313E-004
   16.8501917808219      -3.869726422500219E-002  1.822745691576435E-002
   16.9088962818004       1.450966160897168E-002  9.610041429374751E-003
   16.9676007827789       3.947036997088165E-003  2.636547544658790E-002
   17.0263052837573      -2.223274039227077E-002  9.367193127179271E-002
   17.0850097847358      -2.829908721668064E-002  0.125066611221228     
   17.1437142857143      -3.221950208104992E-002  0.119164157890589     
   17.2024187866928       5.033220592777582E-002  8.828837320040367E-002
   17.2611232876712       8.601425569516516E-002  2.628402634889025E-002
   17.3198277886497       8.749920145235127E-002  1.486951949456298E-002
   17.3785322896282       8.338317441398799E-002  2.022628223189391E-002
   17.4372367906067       6.128315799681427E-003  1.501579284345177E-002
   17.4959412915851      -1.566334668868918E-002  1.040047754592391E-002
   17.5546457925636      -1.439565857752136E-002  4.063852963270317E-003
   17.6133502935421      -6.459597760535098E-003 -6.668809599379887E-003
   17.6720547945205       9.446703220602974E-003 -4.867360433382303E-002
   17.7307592954990       1.686869059786250E-002 -2.810841678532496E-003
   17.7894637964775       4.304892899752273E-002  6.984236159366566E-002
   17.8481682974560       7.520567460843272E-003  7.865739626345425E-002
   17.9068727984344       2.845818542671203E-003  5.404280085545764E-002
   17.9655772994129       3.774989994333374E-002  1.892049907696501E-002
   18.0242818003914       4.218828119917969E-002 -4.523357370787340E-002
   18.0829863013699      -3.220296715941338E-002 -1.318208660873226E-002
   18.1416908023483      -5.780792206623572E-003  3.166265856286724E-002
   18.2003953033268       1.043090704306520E-002  2.501404584235634E-002
   18.2590998043053       2.774007436936237E-002  3.484562727964706E-002
   18.3178043052838       2.752299060678883E-002 -1.181886871913162E-002
   18.3765088062622      -6.355468857153337E-003 -7.069338673875969E-002
   18.4352133072407      -2.325014555354999E-002 -4.121981514087873E-002
   18.4939178082192      -1.682913108050306E-002 -4.692618216963906E-002
   18.5526223091977      -3.820709565990921E-002 -2.613384534677649E-002
   18.6113268101761      -3.251305681112838E-002 -2.623199862702285E-002
   18.6700313111546      -6.442652082548300E-002 -2.255709613181249E-002
   18.7287358121331      -9.187369630426381E-002  1.798353447970662E-002
   18.7874403131115      -8.808663943022993E-002  1.284201428250124E-002
   18.8461448140900      -5.430487991303706E-002 -2.378470689237449E-002
   18.9048493150685      -4.725908029778690E-002 -2.837220795162050E-002
   18.9635538160470      -2.220324364820202E-002 -4.320018319855461E-002
   19.0222583170254      -3.076939488987493E-002 -7.053737587789533E-002
   19.0809628180039       7.538970984046902E-003 -8.946530168820964E-002
   19.1396673189824       4.153637926149387E-002 -0.146858047453878     
   19.1983718199609       5.288689952191301E-002 -0.159952043701914     
   19.2570763209393       4.457480648525403E-002 -0.141565111223065     
   19.3157808219178       6.389355411778942E-002 -8.609487184547203E-002
   19.3744853228963       7.691629522883141E-002  2.774312504756002E-002
   19.4331898238748       3.910154819822384E-002  6.717681211846530E-002
   19.4918943248532       6.392349036450886E-003  8.268687712742673E-002
   19.5505988258317      -6.846520892990401E-002  8.711116336329298E-002
   19.6093033268102      -0.142413808234422       0.143106546494870     
   19.6680078277886      -0.131788630157864       0.143713978663198     
   19.7267123287671      -8.813403945954643E-002  0.126874382374728     
   19.7854168297456       1.970376427275870E-004  0.119373506168647     
   19.8441213307241       1.310481590916572E-003  1.522069191599176E-002
   19.9028258317025      -3.028335253106380E-002  6.439171010384187E-003
   19.9615303326810      -3.839529183191293E-002  7.212985847833160E-002
   20.0202348336595      -2.127536600257732E-004  0.106073266658744     
   20.0789393346380      -2.298030907566631E-002  0.138214970091883     
   20.1376438356164      -1.894500325059514E-002  0.107083488488724     
   20.1963483365949      -7.152866918736765E-002  5.790006678339996E-002
   20.2550528375734      -3.001784316393808E-002  3.021759799233672E-002
   20.3137573385519      -3.522844341396708E-003  1.158232984390391E-003
   20.3724618395303       1.359064420188594E-002 -2.395355105680017E-002
   20.4311663405088      -1.986652316386418E-002 -5.166355596233968E-002
   20.4898708414873       5.517224629007679E-003 -1.124918523561127E-002
   20.5485753424658       4.689734935030727E-002 -3.011646568423872E-002
   20.6072798434442       4.441996531115376E-002 -9.986765447891997E-002
   20.6659843444227       5.637299178047883E-002 -3.553227619125270E-002
   20.7246888454012       5.362427049802550E-002  4.624158995313125E-002
   20.7833933463796       1.670049965921364E-002  3.979984747609007E-002
   20.8420978473581       6.281485232898752E-004  5.265214019856561E-002
   20.9008023483366      -1.108310508601934E-002  6.668161837154912E-002
   20.9595068493151      -1.952837680080588E-003  3.633338161125352E-002
   21.0182113502935      -2.358158912954964E-002  3.101976183856089E-002
   21.0769158512720      -9.352210739221926E-003  7.491831899957613E-002
   21.1356203522505      -1.102525580810858E-002  3.238329697487878E-002
   21.1943248532290      -5.368481232637038E-002  5.947957253829114E-003
   21.2530293542074      -5.620984788888532E-002  1.409786610482594E-002
   21.3117338551859      -4.006202407760391E-002  4.323830610083360E-003
   21.3704383561644      -2.414082178601477E-002  2.120015960614967E-002
   21.4291428571429      -2.075963106072371E-002  5.448467323007938E-002
   21.4878473581213      -3.428518475908458E-002  8.162244046038858E-002
   21.5465518590998      -4.748032712764022E-002  5.695702200011565E-002
   21.6052563600783      -5.672952295837769E-002  4.835549220982956E-002
   21.6639608610568      -2.324845992701321E-002  1.087310575978900E-003
   21.7226653620352      -1.328515605024775E-002 -1.995185086684766E-002
   21.7813698630137       1.765069382836737E-002 -2.331729049655108E-002
   21.8400743639922       4.621425296640620E-002 -5.060940731942132E-002
   21.8987788649706       6.172765920114909E-002 -2.933572886687669E-002
   21.9574833659491       0.103277124827621       9.921051535823594E-003
   22.0161878669276       0.153087541564908       4.683066529646215E-002
   22.0748923679061       0.147630690219005       6.061805428072503E-002
   22.1335968688845       0.122038930161842       6.333026190357005E-002
   22.1923013698630       7.829946525077612E-002  4.627209989927468E-002
   22.2510058708415       2.388592341142083E-002  2.003835316711667E-002
   22.3097103718200       1.601412571662173E-002  1.899934036246894E-002
   22.3684148727984       5.778804268375312E-002 -4.383391679220318E-002
   22.4271193737769       6.887066570075925E-002 -6.249942715995271E-002
   22.4858238747554       5.072030509606200E-002 -3.571211571916971E-002
   22.5445283757339       5.764526613496021E-002  1.591382443905009E-003
   22.6032328767123       4.890339255438857E-002  2.803753927811105E-002
   22.6619373776908       9.500029652190729E-003  3.139397751960529E-002
   22.7206418786693      -2.063128031965191E-002  3.554170874519800E-002
   22.7793463796478       3.561867274982179E-002  2.623093499082733E-002
   22.8380508806262       1.081526057579147E-002 -2.600177812313057E-002
   22.8967553816047      -5.649376831669391E-003 -1.547470885648089E-002
   22.9554598825832      -1.841260648268925E-002 -5.027881149878539E-002
   23.0141643835616      -3.444929367711234E-002 -5.212532319739435E-002
   23.0728688845401      -2.521879364830686E-003 -1.081433449579598E-002
   23.1315733855186       5.588279028976090E-002 -4.384117974828221E-002
   23.1902778864971       9.587476507518156E-002 -3.770841109077816E-002
   23.2489823874755       7.505002726358345E-002 -6.535957275931353E-002
   23.3076868884540       3.172535475980894E-002  1.361319293948775E-002
   23.3663913894325      -9.920395953244173E-003  1.744909282662678E-002
   23.4250958904110      -4.939115416109398E-002  4.922625767899450E-002
   23.4838003913894      -4.225005976099037E-002  3.307695922478215E-002
   23.5425048923679      -3.503895616310732E-002 -4.616218796049634E-003
   23.6012093933464       3.789211475694074E-002  1.784377346733772E-002
   23.6599138943249       9.053133938238886E-002 -4.345999042824892E-002
   23.7186183953033       9.722578817048677E-002 -4.622141881359904E-002
   23.7773228962818       0.102803064787782      -1.406677093799037E-003
   23.8360273972603       5.452092219280729E-002  4.311824980984319E-002
   23.8947318982387       7.560952085404826E-002  2.401489089892993E-002
   23.9534363992172       8.913948126779207E-002 -1.452136177821753E-002
   24.0121409001957       5.131819186561947E-002  2.172596294607853E-002
   24.0708454011742       3.357907015727295E-002 -1.259220891982065E-003
   24.1295499021526       1.272894316885127E-002 -1.575876139539809E-002
   24.1882544031311       4.234802891588639E-003  2.488156989123380E-002
   24.2469589041096      -8.365889563425323E-003  6.703886286098298E-002
   24.3056634050881       1.502798750967597E-002  0.106676207447700     
   24.3643679060665      -2.589896874719438E-002  9.785898494489693E-002
   24.4230724070450      -9.802020341136057E-002  7.939367905313281E-002
   24.4817769080235      -9.271063601808070E-002  2.899873474467262E-002
   24.5404814090020      -0.121188968257654       2.244974919127288E-003
   24.5991859099804      -0.153248174125312      -4.733978060353354E-003
   24.6578904109589      -0.160187848227305      -3.109458010924122E-002
   24.7165949119374      -0.117560287339666      -4.303082497676788E-003
   24.7752994129159      -0.100578869029502       4.014286483052455E-002
   24.8340039138943      -7.610529602989755E-002  4.343213268849454E-002
   24.8927084148728      -5.316606471547537E-002  5.245930710870179E-002
   24.9514129158513      -3.204919432351801E-003  1.795625778987605E-002
   25.0101174168297       4.991771656430606E-002 -4.389365401602979E-002
   25.0688219178082       0.115481908396928      -8.603727941049918E-002
   25.1275264187867       0.128932528909065      -9.133423875689761E-002
   25.1862309197652       0.101833811921899      -3.128955067551351E-002
   25.2449354207436       6.120489554116701E-002  2.830818322530129E-002
   25.3036399217221       5.690239027308897E-002  9.650660178869033E-002
   25.3623444227006       8.471755801645210E-002  0.107319186411203     
   25.4210489236791       8.064168241820124E-002  6.365236474676456E-002
   25.4797534246575       5.031941770471564E-002  8.860484986636200E-002
   25.5384579256360       6.860368760799977E-002  4.383464660675078E-002
   25.5971624266145       2.699371728037721E-002  6.313412880534505E-002
   25.6558669275930      -1.574595355918165E-002  1.665382394924582E-002
   25.7145714285714      -4.582190865335639E-002  1.977040993182905E-002
   25.7732759295499      -7.423882561368675E-002 -1.487859399019506E-003
   25.8319804305284      -9.079636603193195E-002 -5.890122959979214E-002
   25.8906849315069      -6.922267666091819E-002  4.789012800383958E-002
   25.9493894324853      -2.039920023520298E-002  3.121138799240349E-002
   26.0080939334638      -3.229203164535817E-002  4.092891647099843E-002
   26.0667984344423      -1.945326949261774E-003  4.966590710354364E-002
   26.1255029354207      -3.407846977563532E-002  4.197821391817182E-002
   26.1842074363992       1.762300063010686E-002 -1.251693052441028E-002
   26.2429119373777       6.986912536081462E-003 -6.319879173220626E-002
   26.3016164383562       2.661892774112741E-002 -4.931055044357164E-002
   26.3603209393346       3.547352240963764E-002 -8.821302668727732E-002
   26.4190254403131       2.972488906293272E-004 -2.944240097923336E-002
   26.4777299412916       1.980783243239228E-002 -4.448353907352741E-002
   26.5364344422701       6.176700705616558E-002 -6.532156831566084E-002
   26.5951389432485       0.120714027197760      -4.827692481665911E-002
   26.6538434442270       0.113801881065001      -2.734162251645869E-002
   26.7125479452055       0.131991975026219       4.071390490447551E-002
   26.7712524461840       0.117046128931101      -1.178898105727291E-002
   26.8299569471624       7.598911649805135E-002  1.262700012441908E-002
   26.8886614481409       6.594354790918591E-002  2.082743708297128E-002
   26.9473659491194       8.603560581560156E-002 -1.721801832278458E-003
   27.0060704500978       8.119225524776415E-002  3.135515850247114E-003
   27.0647749510763       1.287849331537419E-002 -3.125124401261048E-002
   27.1234794520548      -7.143012218846084E-004 -1.345429364137023E-002
   27.1821839530333      -5.852819516497837E-002 -5.977502353996367E-002
   27.2408884540117      -8.201200299753812E-002 -7.505697146057980E-002
   27.2995929549902      -9.220916192568279E-002 -7.607206265234896E-002
   27.3582974559687      -5.622265638386947E-002 -0.112857929245981     
   27.4170019569472      -3.189626339867404E-002 -8.321868547246572E-002
   27.4757064579256       2.651647502640571E-002 -4.479365925432265E-003
   27.5344109589041       3.396577288852910E-002 -1.351769462635539E-002
   27.5931154598826       7.668776745529737E-003 -4.426437264979440E-002
   27.6518199608611      -8.614257896875734E-003 -5.080952594571078E-002
   27.7105244618395      -2.062278941202487E-002 -4.385839886382908E-002
   27.7692289628180      -3.299272190729467E-002 -0.105502928568892     
   27.8279334637965      -3.475925190247039E-002 -0.124291725183666     
   27.8866379647750       3.299974869640702E-002 -0.140450772869478     
   27.9453424657534       7.755737021012184E-002 -0.168131393705464     
   28.0040469667319       9.766643464227864E-002 -8.975569030433893E-002
   28.0627514677104       0.132900125664421      -3.888034898769258E-002
   28.1214559686888       0.111687105587982       5.835561764141783E-002
   28.1801604696673       5.288879712256772E-002  9.331738921507482E-002
   28.2388649706458       9.007585841048674E-003  0.115970601525583     
   28.2975694716243       1.168315105797264E-002  7.051448483768595E-002
   28.3562739726027      -2.972413067762642E-002  5.059456034851231E-003
   28.4149784735812      -3.721669452744239E-002  1.341430576777916E-002
   28.4736829745597      -2.004199338673543E-002 -1.872185406727511E-002
   28.5323874755382       2.557610468184205E-003  9.890297837297821E-003
   28.5910919765166       6.133515455417782E-002  2.943636195287757E-002
   28.6497964774951       5.488242421931591E-002 -5.241425057723054E-002
   28.7085009784736       1.362714742622434E-002 -4.800695957663762E-002
   28.7672054794521       3.927236421632760E-002 -4.936362769893196E-002
   28.8259099804305       3.083115084108907E-002 -2.963656711616158E-002
   28.8846144814090       9.113564946270794E-002  4.292131601487433E-002
   28.9433189823875       0.113072607623297       7.650490364106668E-002
   29.0020234833659       0.154605759827801       2.136022179152654E-002
   29.0607279843444       8.035452390380379E-002  3.014326744648347E-002
   29.1194324853229       4.740435953181828E-002  9.387755106450688E-002
   29.1781369863014       2.797876577654505E-002  5.949764326565539E-002
   29.2368414872798      -3.479624174131599E-004  2.293455483979771E-002
   29.2955459882583      -7.702956532285248E-003  2.954833103560386E-002
   29.3542504892368      -2.522208559747219E-002 -5.502737450992140E-003
   29.4129549902153      -2.000292008923864E-002 -9.705276167233564E-003
   29.4716594911937      -5.463470625668690E-003  4.345539569406021E-002
   29.5303639921722       4.944066433147040E-003  6.218245093573885E-002
   29.5890684931507       1.095809221643494E-002  9.818768978006467E-002
   29.6477729941292       3.274441268335766E-003  6.090998251060905E-002
   29.7064774951076      -6.667638390120674E-002  5.899798083001824E-002
   29.7651819960861      -5.208345044051885E-002  9.012560820444052E-002
   29.8238864970646      -4.158386243664464E-002  8.032233344758305E-002
   29.8825909980431      -2.595328951546984E-002  9.564806318126505E-002
   29.9412954990215       1.201874652865613E-002  9.897337639246298E-002
   30.0000000000000       7.113302030421120E-003  2.713923881087608E-002
