  2.000000000000000E-003  1.011577389395794E-013
  6.070450097847359E-002  1.229894691561341E-012
  0.119409001956947       1.299559061168618E-011
  0.178113502935421       1.199975647422386E-010
  0.236818003913894       9.733634632710021E-010
  0.295522504892368       6.970654440695956E-009
  0.354227005870842       4.428249416693555E-008
  0.412931506849315       2.506750963278519E-007
  0.471636007827789       1.269900039421892E-006
  0.530340508806262       5.780490756899855E-006
  0.589045009784736       2.373304326122558E-005
  0.647749510763209       8.820449928425893E-005
  0.706454011741683       2.977337123619871E-004
  0.765158512720157       9.156076636044190E-004
  0.823863013698630       2.572564706279044E-003
  0.882567514677104       6.620774340866148E-003
  0.941272015655577       1.564275945019003E-002
  0.999976516634051       3.399420887081610E-002
   1.05868101761252       6.805034290173073E-002
   1.11738551859100       0.125608446908566     
   1.17609001956947       0.213856387562650     
   1.23479452054795       0.335675408533557     
   1.29349902152642       0.484909045287194     
   1.35220352250489       0.642376770228763     
   1.41090802348337       0.775228508276448     
   1.46961252446184       0.841951520540570     
   1.52831702544031       0.803522038802012     
   1.58702152641879       0.638237883001313     
   1.64572602739726       0.354978124147587     
   1.70443052837573      -1.330262178740398E-003
   1.76313502935421      -0.356349923953217     
   1.82183953033268      -0.624951792577153     
   1.88054403131115      -0.736535274227048     
   1.93924853228963      -0.658320409623475     
   1.99795303326810      -0.407921472281722     
   2.05665753424658      -5.020236497833916E-002
   2.11536203522505       0.320804540366613     
   2.17406653620352       0.608747070597625     
   2.23277103718200       0.741590622889932     
   2.29147553816047       0.689745595968291     
   2.35018003913894       0.470936736052758     
   2.40888454011742       0.141809686513787     
   2.46758904109589      -0.219667455383397     
   2.52629354207436      -0.534855600036492     
   2.58499804305284      -0.742195317551190     
   2.64370254403131      -0.808048094813829     
   2.70240704500978      -0.729304876232451     
   2.76111154598826      -0.528867701344170     
   2.81981604696673      -0.246634035383577     
   2.87852054794521       7.095638885101832E-002
   2.93722504892368       0.380222212685237     
   2.99592954990215       0.646773858512979     
   3.05463405088063       0.848735207407326     
   3.11333855185910       0.976973547053743     
   3.17204305283757        1.03317300368739     
   3.23074755381605        1.02674936561367     
   3.28945205479452       0.971500466432034     
   3.34815655577299       0.882635168661818     
   3.40686105675147       0.774534377014897     
   3.46556555772994       0.659345163446487     
   3.52427005870842       0.546331640756327     
   3.58297455968689       0.441809954244577     
   3.64167906066536       0.349466196549143     
   3.70038356164384       0.270873312298153     
   3.75908806262231       0.206064226123808     
   3.81779256360078       0.154066205184113     
   3.87649706457926       0.113344733607259     
   3.93520156555773       8.213848528326939E-002
   3.99390606653620       5.868908827258278E-002
   4.05261056751468       4.138156986660252E-002
   4.11131506849315       2.881608044167485E-002
   4.17001956947162       1.983130689225242E-002
   4.22872407045010       1.349711748613473E-002
   4.28742857142857       9.090057263677788E-003
   4.34613307240704       6.061376019614346E-003
   4.40483757338552       4.003876282109786E-003
   4.46354207436399       2.621230505299700E-003
   4.52224657534247       1.701536756374658E-003
   4.58095107632094       1.095652568760598E-003
   4.63965557729941       7.001195806411502E-004
   4.69836007827789       4.441211365177219E-004
   4.75706457925636       2.797776382785087E-004
   4.81576908023483       1.750856743147045E-004
   4.87447358121331       1.088804522598319E-004
   4.93317808219178       6.730371939374812E-005
   4.99188258317025       4.136559558481907E-005
   5.05058708414873       2.528513860881361E-005
   5.10929158512720       1.537538503176285E-005
   5.16799608610568       9.303029944571076E-006
   5.22670058708415       5.602198555863511E-006
   5.28540508806262       3.358313363957388E-006
   5.34410958904110       2.004476384105078E-006
   5.40281409001957       1.191466121888173E-006
   5.46151859099804       7.054129295630878E-007
   5.52022309197652       4.160659545124416E-007
   5.57892759295499       2.445177786011942E-007
   5.63763209393346       1.432046821589328E-007
   5.69633659491194       8.359268620191520E-008
   5.75504109589041       4.864143008354224E-008
   5.81374559686888       2.821832128640433E-008
   5.87245009784736       1.632299463573653E-008
   5.93115459882583       9.416006581318862E-009
   5.98985909980431       5.417312228245317E-009
   6.04856360078278       3.108857175641386E-009
   6.10726810176125       1.779773838200143E-009
   6.16597260273973       1.016532431485376E-009
   6.22467710371820       5.793129500592085E-010
   6.28338160469667       3.294443723594608E-010
   6.34208610567515       1.869679890177940E-010
   6.40079060665362       1.059025536483194E-010
   6.45949510763209       5.987364014557628E-011
   6.51819960861057       3.379009457659605E-011
   6.57690410958904       1.903709232110260E-011
   6.63560861056752       1.070781352933158E-011
   6.69431311154599       6.013400036470895E-012
   6.75301761252446       3.371998192603125E-012
   6.81172211350294       1.888122161891354E-012
   6.87042661448141       1.055783210107532E-012
   6.92913111545988       5.895851873911400E-013
   6.98783561643836       3.288286780816307E-013
   7.04654011741683       1.831754383029041E-013
   7.10524461839530       1.019204541189655E-013
   7.16394911937378       5.664651522392204E-014
   7.22265362035225       3.145017433592082E-014
   7.28135812133072       1.744336766724716E-014
   7.34006262230920       9.665261551628162E-015
   7.39876712328767       5.350454486081440E-015
   7.45747162426615       2.959228874951750E-015
   7.51617612524462       1.635285421615398E-015
   7.57488062622309       9.029242510553589E-016
   7.63358512720157       4.981576087476203E-016
   7.69228962818004       2.746339590189463E-016
   7.75099412915851       1.512959984724048E-016
   7.80969863013699       8.329127625355106E-017
   7.86840313111546       4.582294988923608E-017
   7.92710763209393       2.519359095510793E-017
   7.98581213307241       1.384306154670295E-017
   8.04451663405088       7.601868076382321E-018
   8.10322113502936       4.172200797549969E-018
   8.16192563600783       2.288637005005629E-018
   8.22063013698630       1.254773073803116E-018
   8.27933463796478       6.876054940528574E-019
   8.33803913894325       3.766242496307368E-019
   8.39674363992172       2.061961544997122E-019
   8.45544814090020       1.128403366820801E-019
   8.51415264187867       6.172591839976847E-020
   8.57285714285714       3.375185449138244E-020
   8.63156164383562       1.844853205137202E-020
   8.69026614481409       1.008014981524906E-020
   8.74897064579256       5.505791591194999E-021
   8.80767514677104       3.006259704646422E-021
   8.86637964774951       1.640942038789653E-021
   8.92508414872799       8.954180053491007E-022
   8.98378864970646       4.884609128057442E-022
   9.04249315068493       2.663854898904949E-022
   9.10119765166341       1.452356349820719E-022
   9.15990215264188       7.916306337965611E-023
   9.21860665362035       4.313834494197306E-023
   9.27731115459883       2.350175827025611E-023
   9.33601565557730       1.280081256752261E-023
   9.39472015655577       6.970744554434329E-024
   9.45342465753425       3.795152308314067E-024
   9.51212915851272       2.065815181734821E-024
   9.57083365949119       1.124267291347121E-024
   9.62953816046967       6.117402191134680E-025
   9.68824266144814       3.328029646828502E-025
   9.74694716242662       1.810227837370747E-025
   9.80565166340509       9.844831016247701E-026
   9.86435616438356       5.353221492415695E-026
   9.92306066536204       2.910428290916102E-026
   9.98176516634051       1.582107696497537E-026
   10.0404696673190       8.599144094540972E-027
   10.0991741682975       4.673227661690927E-027
   10.1578786692759       2.539355839597202E-027
   10.2165831702544       1.379676866311450E-027
   10.2752876712329       7.495154444213170E-028
   10.3339921722114       4.071320318744410E-028
   10.3926966731898       2.211278545788334E-028
   10.4514011741683       1.200900575095255E-028
   10.5101056751468       6.521206030790423E-029
   10.5688101761252       3.540852446012220E-029
   10.6275146771037       1.922420873672512E-029
   10.6862191780822       1.043641837608744E-029
   10.7449236790607       5.665241279281880E-030
   10.8036281800391       3.075039922661513E-030
   10.8623326810176       1.668975480192960E-030
   10.9210371819961       9.057688429752493E-031
   10.9797416829746       4.915348769778867E-031
   11.0384461839530       2.667240037158503E-031
   11.0971506849315       1.447244392878928E-031
   11.1558551859100       7.852262691764103E-032
   11.2145596868885       4.260122098451724E-032
   11.2732641878669       2.311131302663460E-032
   11.3319686888454       1.253728681141571E-032
   11.3906731898239       6.800797591294268E-033
   11.4493776908024       3.688879105661831E-033
   11.5080821917808       2.000820736957778E-033
   11.5667866927593       1.085180505976801E-033
   11.6254911937378       5.885409146385364E-034
   11.6841956947162       3.191780380240065E-034
   11.7429001956947       1.730899154153928E-034
   11.8016046966732       9.386283823275738E-035
   11.8603091976517       5.089785126602312E-035
   11.9190136986301       2.759877032872145E-035
   11.9777181996086       1.496460216624439E-035
   12.0364227005871       8.113839122993387E-036
   12.0951272015656       4.399202687852311E-036
   12.1538317025440       2.385110360187831E-036
   12.2125362035225       1.293095064898570E-036
   12.2712407045010       7.010361554327104E-037
   12.3299452054795       3.800483614288544E-037
   12.3886497064579       2.060280126418561E-037
   12.4473542074364       1.116871221735627E-037
   12.5060587084149       6.054381516882625E-038
   12.5647632093933       3.281910587018822E-038
   12.6234677103718       1.778993593869435E-038
   12.6821722113503       9.643020463537395E-039
   12.7408767123288       5.226888397676860E-039
   12.7995812133072       2.833121211115840E-039
   12.8582857142857       1.535603923576208E-039
   12.9169902152642       8.323111748773023E-040
   12.9756947162427       4.511126499159575E-040
   13.0343992172211       2.444991492333468E-040
   13.0931037181996       1.325143933638820E-040
   13.1518082191781       7.181950080067060E-041
   13.2105127201566       3.892383331774637E-041
   13.2692172211350       2.109516718090083E-041
   13.3279217221135       1.143259257500529E-041
   13.3866262230920       6.195852952907264E-042
   13.4453307240705       3.357780634818360E-042
   13.5040352250489       1.819694969124496E-042
   13.5627397260274       9.861435297425445E-043
   13.6214442270059       5.344131325027622E-043
   13.6801487279843       2.896074696510915E-043
   13.7388532289628       1.569416527334957E-043
   13.7975577299413       8.504772142456743E-044
   13.8562622309198       4.608751661623404E-044
   13.9149667318982       2.497469851833055E-044
   13.9736712328767       1.353361059486885E-044
   14.0323757338552       7.333709771176313E-045
   14.0910802348337       3.974024334355444E-045
   14.1497847358121       2.153447160962863E-045
   14.2084892367906       1.166903496035312E-045
   14.2671937377691       6.323140157388701E-046
   14.3258982387476       3.426320149910764E-046
   14.3846027397260       1.856608993846641E-046
   14.4433072407045       1.006028874620763E-046
   14.5020117416830       5.451274254821385E-047
   14.5607162426614       2.953815113382094E-047
   14.6194207436399       1.600539402284868E-047
   14.6781252446184       8.672559923317277E-048
   14.7368297455969       4.699224718345927E-048
   14.7955342465753       2.546262460536198E-048
   14.8542387475538       1.379679626214192E-048
   14.9129432485323       7.475694450046131E-049
   14.9716477495108       4.050635041112411E-049
   15.0303522504892       2.194790345574464E-049
   15.0890567514677       1.189217764131854E-049
   15.1477612524462       6.443594780144058E-050
   15.2064657534247       3.491351728956482E-050
   15.2651702544031       1.891723218247487E-050
   15.3238747553816       1.024991471795581E-050
   15.3825792563601       5.553689963717736E-051
   15.4412837573386       3.009135787092884E-051
   15.4999882583170       1.630424772449080E-051
   15.5586927592955       8.834024898442681E-052
   15.6173972602740       4.786470573079539E-052
   15.6761017612524       2.593409711519535E-052
   15.7348062622309       1.405160330192164E-052
   15.7935107632094       7.613418049376103E-053
   15.8522152641879       4.125081778719938E-053
   15.9109197651663       2.235036265701316E-053
   15.9696242661448       1.210976592168173E-053
   16.0283287671233       6.561242956495803E-054
   16.0870332681018       3.554968206329266E-054
   16.1457377690802       1.926125516319157E-054
   16.2044422700587       1.043596805144774E-054
   16.2631467710372       5.654317863368914E-055
   16.3218512720157       3.063564634752614E-055
   16.3805557729941       1.659866854538472E-055
   16.4392602739726       8.993295438993545E-056
   16.4979647749511       4.872635175742219E-056
   16.5566692759296       2.640027085854819E-056
   16.6153737769080       1.430383010191866E-056
   16.6740782778865       7.749894653289596E-057
   16.7327827788650       4.198931324270693E-057
   16.7914872798434       2.274999369494160E-057
   16.8501917808219       1.232603354665764E-057
   16.9088962818004       6.678285542897445E-058
   16.9676007827789       3.618313685012578E-058
   17.0263052837573       1.960410653344671E-058
   17.0850097847358       1.062154070688647E-058
   17.1437142857143       5.754765378650775E-059
   17.2024187866928       3.117937330003175E-059
   17.2611232876712       1.689300111448327E-059
   17.3198277886497       9.152630353412236E-060
   17.3785322896282       4.958892930558527E-060
   17.4372367906067       2.686725199411520E-060
   17.4959412915851       1.455665157385623E-060
   17.5546457925636       7.886775117557313E-061
   17.6133502935421       4.273042100805107E-061
   17.6720547945205       2.315126041573282E-061
   17.7307592954990       1.254330182866578E-061
   17.7894637964775       6.795929728701158E-062
   17.8481682974560       3.682015985614150E-062
   17.9068727984344       1.994905153299042E-062
   17.9655772994129       1.080833098624418E-062
   18.0242818003914       5.855915866266871E-063
   18.0829863013699       3.172713366706595E-063
   18.1416908023483       1.718963570098884E-063
   18.2003953033268       9.313273120918748E-064
   18.2590998043053       5.045890765629511E-064
   18.3178043052838       2.733840641606483E-064
   18.3765088062622       1.481181906826370E-064
   18.4352133072407       8.024970771080232E-065
   18.4939178082192       4.347888358994888E-065
   18.5526223091977       2.355663097679627E-065
   18.6113268101761       1.276285537748927E-065
   18.6700313111546       6.914844172600393E-066
   18.7287358121331       3.746423184178693E-066
   18.7874403131115       2.029790225973841E-066
   18.8461448140900       1.099728236069361E-066
   18.9048493150685       5.958260592170407E-067
   18.9635538160470       3.228148572473895E-067
   19.0222583170254       1.748990466797852E-067
   19.0809628180039       9.475917716705634E-068
   19.1396673189824       5.133990185113872E-068
   19.1983718199609       2.781561748076938E-068
   19.2570763209393       1.507031388895827E-068
   19.3157808219178       8.164992975577606E-069
   19.3744853228963       4.423736605893351E-069
   19.4331898238748       2.396749452143890E-069
   19.4918943248532       1.298541837121423E-069
   19.5505988258317       7.035406451901073E-070
   19.6093033268102       3.811732173949844E-070
   19.6680078277886       2.065168560025943E-070
   19.7267123287671       1.118893048284309E-070
   19.7854168297456       6.062079013676980E-071
   19.8441213307241       3.284388768859298E-071
   19.9028258317025       1.779456905017382E-071
   19.9615303326810       9.640961392973802E-072
   20.0202348336595       5.223398589550317E-072
   20.0789393346380       2.829996821169236E-072
   20.1376438356164       1.533270169273093E-072
   20.1963483365949       8.307137231462495E-073
   20.2550528375734       4.500741244580905E-073
   20.3137573385519       2.438465800498823E-073
   20.3724618395303       1.321141264387444E-073
   20.4311663405088       7.157837130941640E-074
   20.4898708414873       3.878058309160014E-074
   20.5485753424658       2.101100500188623E-074
   20.6072798434442       1.138359111179453E-074
   20.6659843444227       6.167536397788909E-075
   20.7246888454012       3.341520479208910E-075
   20.7833933463796       1.810408195427837E-075
   20.8420978473581       9.808641500603963E-076
   20.9008023483366       5.314240346622959E-076
   20.9595068493151       2.879211046796769E-076
   21.0182113502935       1.559932424855802E-076
   21.0769158512720       8.451582783858253E-077
   21.1356203522505       4.578996312549544E-077
   21.1943248532290       2.480861493843387E-077
   21.2530293542074       1.344109727781505E-077
   21.3117338551859       7.282272268660488E-078
   21.3704383561644       3.945473067025966E-078
   21.4291428571429       2.137623609651243E-078
   21.4878473581213       1.158146172362324E-078
   21.5465518590998       6.274736599307460E-079
   21.6052563600783       3.399598342370322E-079
   21.6639608610568       1.841873094928936E-079
   21.7226653620352       9.979109448287398E-080
   21.7813698630137       5.406595206262020E-080
   21.8400743639922       2.929246447569111E-080
   21.8987788649706       1.587040307558643E-080
   21.9574833659491       8.598446452789923E-081
   22.0161878669276       4.658563441364470E-081
   22.0748923679061       2.523969061196116E-081
   22.1335968688845       1.367464403319463E-081
   22.1923013698630       7.408802596814948E-082
   22.2510058708415       4.014024396949801E-082
   22.3097103718200       2.174763239435748E-082
   22.3684148727984       1.178267640864302E-082
   22.4271193737769       6.383750574393292E-083
   22.4858238747554       3.458659922575576E-083
   22.5445283757339       1.873871498862248E-083
   22.6032328767123       1.015247065562749E-083
   22.6619373776908       5.500519052131175E-084
   22.7206418786693       2.980132661026471E-084
   22.7793463796478       1.614609542478050E-084
   22.8380508806262       8.747811709768316E-085
   22.8967553816047       4.739486958886310E-085
   22.9554598825832       2.567812053504439E-085
   23.0141643835616       1.391217808930884E-085
   23.0728688845401       7.537494680779153E-086
   23.1315733855186       4.083747711307415E-086
   23.1902778864971       2.212538236943363E-086
   23.2489823874755       1.198733552123935E-086
   23.3076868884540       6.494631780503333E-087
   23.3663913894325       3.518733708072684E-087
   23.4250958904110       1.906418595451753E-087
   23.4838003913894       1.032880613105174E-087
   23.5425048923679       5.596055109072064E-088
   23.6012093933464       3.031892760723506E-088
   23.6599138943249       1.642652451332433E-088
   23.7186183953033       8.899744381389416E-089
   23.7773228962818       4.821802045648747E-089
   23.8360273972603       2.612409280033196E-089
   23.8947318982387       1.415380004824078E-089
   23.9534363992172       7.668402348170320E-090
   24.0121409001957       4.154671821447816E-090
   24.0708454011742       2.250964029101283E-090
   24.1295499021526       1.219552169369452E-090
   24.1882544031311       6.607424493964398E-091
   24.2469589041096       3.579843431275328E-091
   24.3056634050881       1.939527109694282E-091
   24.3643679060665       1.050818412662756E-091
   24.4230724070450       5.693239996649476E-092
   24.4817769080235       3.084546400465679E-092
   24.5404814090020       1.671179585594685E-092
   24.5991859099804       9.054301131927924E-093
   24.6578904109589       4.905539140781581E-093
   24.7165949119374       2.657777096840404E-093
   24.7752994129159       1.439959782143382E-093
   24.8340039138943       7.801572862874307E-094
   24.8927084148728       4.226822144563465E-094
   24.9514129158513       2.290054288058456E-094
   25.0101174168297       1.240730848808691E-094
   25.0688219178082       6.722168303926114E-095
   25.1275264187867       3.642010403013536E-095
   25.1862309197652       1.973208515820693E-095
   25.2449354207436       1.069066643587690E-095
   25.3036399217221       5.792107000401757E-096
   25.3623444227006       3.138111513490047E-096
   25.4210489236791       1.700200609099394E-096
   25.4797534246575       9.211534047892194E-097
   25.5384579256360       4.990726323394021E-097
   25.5971624266145       2.703930643758983E-097
   25.6558669275930       1.464965305509195E-097
   25.7145714285714       7.937050262684034E-098
   25.7732759295499       4.300222437417640E-098
   25.8319804305284       2.329821831771971E-098
   25.8906849315069       1.262276507442199E-098
   25.9493894324853       6.838900542454321E-099
   26.0080939334638       3.705254774871204E-099
   26.0667984344423       2.007473693037089E-099
   26.1255029354207       1.087631180015030E-099
   26.1842074363992       5.892687841362477E-100
   26.2429119373777       3.192605231692131E-100
   26.3016164383562       1.729724775564408E-100
   26.3603209393346       9.371493118691160E-101
   26.4190254403131       5.077390601259787E-101
   26.4777299412916       2.750884513866748E-101
   26.5364344422701       1.490404460808973E-101
   26.5951389432485       8.074877166102275E-102
   26.6538434442270       4.374895735006363E-102
   26.7125479452055       2.370279111660348E-102
   26.7712524461840       1.284195876412848E-102
   26.8299569471624       6.957657600764100E-103
   26.8886614481409       3.769596223025787E-103
   26.9473659491194       2.042333280811124E-103
   27.0060704500978       1.106517775453750E-103
   27.0647749510763       5.995013635127940E-104
   27.1234794520548       3.248044383930901E-104
   27.1821839530333       1.759761187501516E-104
   27.2408884540117       9.534227581901581E-105
   27.2995929549902       5.165558609820108E-105
   27.3582974559687       2.798653116693157E-105
   27.4170019569472       1.516285043926935E-105
   27.4757064579256       8.215095753038781E-106
   27.5344109589041       4.450864860165821E-106
   27.5931154598826       2.411438477423672E-106
   27.6518199608611       1.306495638622685E-106
   27.7105244618395       7.078475644388106E-107
   27.7692289628180       3.835054319911128E-107
   27.8279334637965       2.077797872028166E-107
   27.8866379647750       1.125732163173468E-107
   27.9453424657534       6.099115413599945E-108
   28.0040469667319       3.304445767203739E-108
   28.0627514677104       1.790318937162250E-108
   28.1214559686888       9.699786655885114E-109
   28.1801604696673       5.255256992992932E-109
   28.2388649706458       2.847250876171060E-109
   28.2975694716243       1.542614863646472E-109
   28.3562739726027       8.357748299751605E-110
   28.4149784735812       4.528152701678939E-110
   28.4736829745597       2.453312321629109E-110
   28.5323874755382       1.329182503906510E-110
   28.5910919765166       7.201391004030572E-111
   28.6497964774951       3.901648737451441E-111
   28.7085009784736       2.113878118669812E-111
   28.7672054794521       1.145280111159219E-111
   28.8259099804305       6.205024410776873E-112
   28.8846144814090       3.361826295278018E-112
   28.9433189823875       1.821407183843001E-112
   29.0020234833659       9.868219941870492E-113
   29.0607279843444       5.346512612326515E-113
   29.1194324853229       2.896692339437953E-113
   29.1781369863014       1.569401798251406E-113
   29.2368414872798       8.502877473330054E-114
   29.2955459882583       4.606782367493354E-114
   29.3542504892368       2.495913159438318E-114
   29.4129549902153       1.352263250520181E-114
   29.4716594911937       7.326440391489378E-115
   29.5303639921722       3.969399359440297E-115
   29.5890684931507       2.150584790309921E-115
   29.6477729941292       1.165167452562318E-115
   29.7064774951076       6.312772221281040E-116
   29.7651819960861       3.420203081232097E-116
   29.8238864970646       1.853035196863870E-116
   29.8825909980431       1.003957764778117E-116
   29.9412954990215       5.439352663570458E-117
   30.0000000000000       2.946992237555956E-117
