  2.000000000000000E-003  2.112775971659497E-012
  6.070450097847359E-002  2.445235031435015E-011
  0.119409001956947       2.452259077122380E-010
  0.178113502935421       2.142277005222547E-009
  0.236818003913894       1.638360862705559E-008
  0.295522504892368       1.102062380486473E-007
  0.354227005870842       6.549076727926810E-007
  0.412931506849315       3.452399078973682E-006
  0.471636007827789       1.620655548307429E-005
  0.530340508806262       6.798578381515633E-005
  0.589045009784736       2.556768158805129E-004
  0.647749510763209       8.644634637138751E-004
  0.706454011741683       2.634218298361238E-003
  0.765158512720157       7.249069006967912E-003
  0.823863013698630       1.804207593945399E-002
  0.882567514677104       4.064752007566570E-002
  0.941272015655577       8.289644213873877E-002
  0.999976516634051       0.152868552647337     
   1.05868101761252       0.254220635767132     
   1.11738551859100       0.379289281117873     
   1.17609001956947       0.502975357269261     
   1.23479452054795       0.582729768782985     
   1.29349902152642       0.569642231811727     
   1.35220352250489       0.430787597721934     
   1.41090802348337       0.174624989381974     
   1.46961252446184      -0.135684296512682     
   1.52831702544031      -0.395142501750012     
   1.58702152641879      -0.498093645991838     
   1.64572602739726      -0.391706924587598     
   1.70443052837573      -0.112898884164437     
   1.76313502935421       0.216885183477757     
   1.82183953033268       0.443630688769094     
   1.88054403131115       0.456342538712477     
   1.93924853228963       0.246163270081254     
   1.99795303326810      -8.511414668611132E-002
   2.05665753424658      -0.374339982055522     
   2.11536203522505      -0.479035093712146     
   2.17406653620352      -0.348763978800346     
   2.23277103718200      -4.872551586764474E-002
   2.29147553816047       0.275097990758784     
   2.35018003913894       0.469054580379916     
   2.40888454011742       0.444895031969291     
   2.46758904109589       0.217529824033834     
   2.52629354207436      -0.107463787082804     
   2.58499804305284      -0.386227851462354     
   2.64370254403131      -0.501364738704174     
   2.70240704500978      -0.409393913588895     
   2.76111154598826      -0.152799106939169     
   2.81981604696673       0.163869761355754     
   2.87852054794521       0.419519089739977     
   2.93722504892368       0.522998551542483     
   2.99592954990215       0.442963797617995     
   3.05463405088063       0.212798603045030     
   3.11333855185910      -8.719663608787195E-002
   3.17204305283757      -0.360605610015589     
   3.23074755381605      -0.526435523813859     
   3.28945205479452      -0.541343564450002     
   3.34815655577299      -0.407490008361532     
   3.40686105675147      -0.166386123047204     
   3.46556555772994       0.116876499277037     
   3.52427005870842       0.372887827785749     
   3.58297455968689       0.544985765092701     
   3.64167906066536       0.600332724354017     
   3.70038356164384       0.533615310713873     
   3.75908806262231       0.364104141003896     
   3.81779256360078       0.128179187992161     
   3.87649706457926      -0.130083857240383     
   3.93520156555773      -0.367915242964744     
   3.99390606653620      -0.550787786675352     
   4.05261056751468      -0.656487360433381     
   4.11131506849315      -0.676285470127826     
   4.17001956947162      -0.613730293896748     
   4.22872407045010      -0.481856547815932     
   4.28742857142857      -0.299662791695139     
   4.34613307240704      -8.858489224396775E-002
   4.40483757338552       0.130515637521259     
   4.46354207436399       0.339561480649428     
   4.52224657534247       0.524585832728551     
   4.58095107632094       0.676245959885030     
   4.63965557729941       0.789687126445570     
   4.69836007827789       0.863958040762362     
   4.75706457925636       0.901175525806298     
   4.81576908023483       0.905606214065400     
   4.87447358121331       0.882790415263761     
   4.93317808219178       0.838788545184951     
   4.99188258317025       0.779590637880683     
   5.05058708414873       0.710698158338666     
   5.10929158512720       0.636865649302898     
   5.16799608610568       0.561976998465429     
   5.22670058708415       0.489025654687677     
   5.28540508806262       0.420167963211055     
   5.34410958904110       0.356822009841842     
   5.40281409001957       0.299789348844713     
   5.46151859099804       0.249382525417443     
   5.52022309197652       0.205546577666197     
   5.57892759295499       0.167967245742443     
   5.63763209393346       0.136162223260637     
   5.69633659491194       0.109554438221088     
   5.75504109589041       8.752813987931676E-002
   5.81374559686888       6.946964333172793E-002
   5.87245009784736       5.479511081423348E-002
   5.93115459882583       4.296788513355271E-002
   5.98985909980431       3.350777131065776E-002
   6.04856360078278       2.599439473050854E-002
   6.10726810176125       2.006642741369731E-002
   6.16597260273973       1.541812330150214E-002
   6.22467710371820       1.179427329961124E-002
   6.28338160469667       8.984400431589705E-003
   6.34208610567515       6.816772940266386E-003
   6.40079060665362       5.152619332129045E-003
   6.45949510763209       3.880780535068407E-003
   6.51819960861057       2.912924573407099E-003
   6.57690410958904       2.179371655234846E-003
   6.63560861056752       1.625525610595930E-003
   6.69431311154599       1.208875143618811E-003
   6.75301761252446       8.965101853511109E-004
   6.81172211350294       6.630905338056227E-004
   6.87042661448141       4.892026349007103E-004
   6.92913111545988       3.600432928871042E-004
   6.98783561643836       2.643744798739944E-004
   7.04654011741683       1.936999641385507E-004
   7.10524461839530       1.416213403747140E-004
   7.16394911937378       1.033376813191328E-004
   7.22265362035225       7.525912626054918E-005
   7.28135812133072       5.471012314938501E-005
   7.34006262230920       3.970269827079125E-005
   7.39876712328767       2.876405810347750E-005
   7.45747162426615       2.080608798934421E-005
   7.51617612524462       1.502697680598286E-005
   7.57488062622309       1.083734773712676E-005
   7.63358512720157       7.804992825233830E-006
   7.69228962818004       5.613667592607325E-006
   7.75099412915851       4.032467637350392E-006
   7.80969863013699       2.893138638231914E-006
   7.86840313111546       2.073312557065039E-006
   7.92710763209393       1.484155633083432E-006
   7.98581213307241       1.061290292259575E-006
   8.04451663405088       7.581392926911311E-007
   8.10322113502936       5.410569286577151E-007
   8.16192563600783       3.857751719468759E-007
   8.22063013698630       2.748149312280210E-007
   8.27933463796478       1.956039959080866E-007
   8.33803913894325       1.391112734599596E-007
   8.39674363992172       9.885742365827225E-008
   8.45544814090020       7.019934905560376E-008
   8.51415264187867       4.981355673860279E-008
   8.57285714285714       3.532367752091769E-008
   8.63156164383562       2.503230274795206E-008
   8.69026614481409       1.772818639741815E-008
   8.74897064579256       1.254781146613135E-008
   8.80767514677104       8.876114105720696E-009
   8.86637964774951       6.275373084932235E-009
   8.92508414872799       4.434331047435756E-009
   8.98378864970646       3.131830349710778E-009
   9.04249315068493       2.210849327777842E-009
   9.10119765166341       1.559982448173207E-009
   9.15990215264188       1.100242437172446E-009
   9.21860665362035       7.756633759241349E-010
   9.27731115459883       5.466157560267137E-010
   9.33601565557730       3.850546658439814E-010
   9.39472015655577       2.711446998446471E-010
   9.45342465753425       1.908644874008990E-010
   9.51212915851272       1.343077050454589E-010
   9.57083365949119       9.447888113549605E-011
   9.62953816046967       6.644044498927782E-011
   9.68824266144814       4.670893979705667E-011
   9.74694716242662       3.282786501285876E-011
   9.80565166340509       2.306564765553551E-011
   9.86435616438356       1.620220284349054E-011
   9.92306066536204       1.137817665380054E-011
   9.98176516634051       7.988515290575946E-012
   10.0404696673190       5.607362876729756E-012
   10.0991741682975       3.935089924295066E-012
   10.1578786692759       2.760947226787784E-012
   10.2165831702544       1.936746865507649E-012
   10.2752876712329       1.358321684026268E-012
   10.3339921722114       9.524692625209407E-013
   10.3926966731898       6.677613320753963E-013
   10.4514011741683       4.680764397968686E-013
   10.5101056751468       3.280504463371632E-013
   10.5688101761252       2.298771519541282E-013
   10.6275146771037       1.610590631684334E-013
   10.6862191780822       1.128265886734721E-013
   10.7449236790607       7.902732856204287E-014
   10.8036281800391       5.534586983563884E-014
   10.8623326810176       3.875588130401821E-014
   10.9210371819961       2.713543645163099E-014
   10.9797416829746       1.899699960117403E-014
   11.0384461839530       1.329793927874942E-014
   11.0971506849315       9.307581327386939E-015
   11.1558551859100       6.513950345106818E-015
   11.2145596868885       4.558364229386061E-015
   11.2732641878669       3.189571695412219E-015
   11.3319686888454       2.231599173181528E-015
   11.3906731898239       1.561212915825808E-015
   11.4493776908024       1.092123553453127E-015
   11.5080821917808       7.639177722476754E-016
   11.5667866927593       5.343036017816014E-016
   11.6254911937378       3.736780796289009E-016
   11.6841956947162       2.613223186513834E-016
   11.7429001956947       1.827367999693348E-016
   11.8016046966732       1.277754381663871E-016
   11.8603091976517       8.933913880653699E-017
   11.9190136986301       6.246119424120928E-017
   11.9777181996086       4.366706649842977E-017
   12.0364227005871       3.052628763316807E-017
   12.0951272015656       2.133885895344674E-017
   12.1538317025440       1.491580044954132E-017
   12.2125362035225       1.042559890413479E-017
   12.2712407045010       7.286775759499774E-018
   12.3299452054795       5.092729075667244E-018
   12.3886497064579       3.559158380598960E-018
   12.4473542074364       2.487289821387373E-018
   12.5060587084149       1.738155153332207E-018
   12.5647632093933       1.214603307507769E-018
   12.6234677103718       8.487207546119547E-019
   12.6821722113503       5.930349304092496E-019
   12.7408767123288       4.143634434267756E-019
   12.7995812133072       2.895135480351868E-019
   12.8582857142857       2.022754691388713E-019
   12.9169902152642       1.413204311923152E-019
   12.9756947162427       9.873124731262401E-020
   13.0343992172211       6.897516158052330E-020
   13.0931037181996       4.818587411609898E-020
   13.1518082191781       3.366170646983062E-020
   13.2105127201566       2.351485621835568E-020
   13.2692172211350       1.642626257243370E-020
   13.3279217221135       1.147429027831747E-020
   13.3866262230920       8.015007459162331E-021
   13.4453307240705       5.598522493364345E-021
   13.5040352250489       3.910521504901801E-021
   13.5627397260274       2.731417110731430E-021
   13.6214442270059       1.907804181302893E-021
   13.6801487279843       1.332515606301516E-021
   13.7388532289628       9.306874337424092E-022
   13.7975577299413       6.500229979531886E-022
   13.8562622309198       4.539909519101822E-022
   13.9149667318982       3.170732032761202E-022
   13.9736712328767       2.214450641239411E-022
   14.0323757338552       1.546560215771644E-022
   14.0910802348337       1.080095761808954E-022
   14.1497847358121       7.543145969426014E-023
   14.2084892367906       5.267903350720904E-023
   14.2671937377691       3.678902913819458E-023
   14.3258982387476       2.569178591815032E-023
   14.3846027397260       1.794179499011268E-023
   14.4433072407045       1.252948712813363E-023
   14.5020117416830       8.749770885556270E-024
   14.5607162426614       6.110211125722168E-024
   14.6194207436399       4.266896027643535E-024
   14.6781252446184       2.979643907326146E-024
   14.7368297455969       2.080718256601538E-024
   14.7955342465753       1.452977664452395E-024
   14.8542387475538       1.014615473831100E-024
   14.9129432485323       7.085019278613898E-025
   14.9716477495108       4.947407996070795E-025
   15.0303522504892       3.454710587837855E-025
   15.0890567514677       2.412364801158057E-025
   15.1477612524462       1.684502934084658E-025
   15.2064657534247       1.176245951464628E-025
   15.2651702544031       8.213385227434342E-026
   15.3238747553816       5.735139963515252E-026
   15.3825792563601       4.004642192797846E-026
   15.4412837573386       2.796284619035722E-026
   15.4999882583170       1.952527102793111E-026
   15.5586927592955       1.363361077394458E-026
   15.6173972602740       9.519692321183119E-027
   15.6761017612524       6.647115242322475E-027
   15.7348062622309       4.641323621017057E-027
   15.7935107632094       3.240775216637013E-027
   15.8522152641879       2.262843128449874E-027
   15.9109197651663       1.580005248718512E-027
   15.9696242661448       1.103217686299285E-027
   16.0283287671233       7.703047275744686E-028
   16.0870332681018       5.378518018742797E-028
   16.1457377690802       3.755445490772666E-028
   16.2044422700587       2.622159579927484E-028
   16.2631467710372       1.830862140589759E-028
   16.3218512720157       1.278353858244618E-028
   16.3805557729941       8.925765860839579E-029
   16.4392602739726       6.232164362023922E-029
   16.4979647749511       4.351423495991281E-029
   16.5566692759296       3.038245696880990E-029
   16.6153737769080       2.121355984542803E-029
   16.6740782778865       1.481164774362599E-029
   16.7327827788650       1.034171083905547E-029
   16.7914872798434       7.220722142782780E-030
   16.8501917808219       5.041597098242602E-030
   16.9088962818004       3.520099409791937E-030
   16.9676007827789       2.457768877027795E-030
   17.0263052837573       1.716036417176586E-030
   17.0850097847358       1.198150392551369E-030
   17.1437142857143       8.365570609409682E-031
   17.2024187866928       5.840892717226604E-031
   17.2611232876712       4.078141952672386E-031
   17.3198277886497       2.847376654361284E-031
   17.3785322896282       1.988048590672763E-031
   17.4372367906067       1.388061104110954E-031
   17.4959412915851       9.691471194645701E-032
   17.5546457925636       6.766598184898698E-032
   17.6133502935421       4.724443276849485E-032
   17.6720547945205       3.298606272432856E-032
   17.7307592954990       2.303084799887434E-032
   17.7894637964775       1.608010947143320E-032
   17.8481682974560       1.122710313176802E-032
   17.9068727984344       7.838736702827383E-033
   17.9655772994129       5.472983141129543E-033
   18.0242818003914       3.821218095082649E-033
   18.0829863013699       2.667959521331171E-033
   18.1416908023483       1.862757644576727E-033
   18.2003953033268       1.300568384438121E-033
   18.2590998043053       9.080499987173765E-034
   18.3178043052838       6.339953525853197E-034
   18.3765088062622       4.426517034193048E-034
   18.4352133072407       3.090565617244199E-034
   18.4939178082192       2.157811835730252E-034
   18.5526223091977       1.506568752981019E-034
   18.6113268101761       1.051874997098879E-034
   18.6700313111546       7.344108912658371E-035
   18.7287358121331       5.127597108912815E-035
   18.7874403131115       3.580045082600145E-035
   18.8461448140900       2.499556288918477E-035
   18.9048493150685       1.745167748096459E-035
   18.9635538160470       1.218459991705220E-035
   19.0222583170254       8.507172007526455E-036
   19.0809628180039       5.939624714574129E-036
   19.1396673189824       4.146986818654702E-036
   19.1983718199609       2.895383983596738E-036
   19.2570763209393       2.021527015259651E-036
   19.3157808219178       1.411408751273201E-036
   19.3744853228963       9.854303684338900E-037
   19.4331898238748       6.880166729437866E-037
   19.4918943248532       4.803655711613521E-037
   19.5505988258317       3.353858049285768E-037
   19.6093033268102       2.341625182840802E-037
   19.6680078277886       1.634895450853480E-037
   19.7267123287671       1.141464731568589E-037
   19.7854168297456       7.969570557531247E-038
   19.8441213307241       5.564257972321905E-038
   19.9028258317025       3.884897021411160E-038
   19.9615303326810       2.712387204715155E-038
   20.0202348336595       1.893754976719655E-038
   20.0789393346380       1.322195926710276E-038
   20.1376438356164       9.231404329527817E-039
   20.1963483365949       6.445248477414925E-039
   20.2550528375734       4.499989421944824E-039
   20.3137573385519       3.141834177018541E-039
   20.3724618395303       2.193587526023740E-039
   20.4311663405088       1.531533919511906E-039
   20.4898708414873       1.069296678517437E-039
   20.5485753424658       7.465686761093341E-040
   20.6072798434442       5.212442307193969E-040
   20.6659843444227       3.639256870261019E-040
   20.7246888454012       2.540879764163227E-040
   20.7833933463796       1.774007594878931E-040
   20.8420978473581       1.238587786834996E-040
   20.9008023483366       8.647649359259749E-041
   20.9595068493151       6.037669159967678E-041
   21.0182113502935       4.215416731100055E-041
   21.0769158512720       2.943145161054539E-041
   21.1356203522505       2.054862737548874E-041
   21.1943248532290       1.434676281208411E-041
   21.2530293542074       1.001670742694665E-041
   21.3117338551859       6.993523354580623E-042
   21.3704383561644       4.882778702385838E-042
   21.4291428571429       3.409086542447401E-042
   21.4878473581213       2.380175522879308E-042
   21.5465518590998       1.661804451352336E-042
   21.6052563600783       1.160247996215930E-042
   21.6639608610568       8.100684409120041E-043
   21.7226653620352       5.655780898479880E-043
   21.7813698630137       3.948784373037313E-043
   21.8400743639922       2.756983973190081E-043
   21.8987788649706       1.924886134169253E-043
   21.9574833659491       1.343927460500911E-043
   22.0161878669276       9.383105381460202E-044
   22.0748923679061       6.551146970217225E-044
   22.1335968688845       4.573914844842907E-044
   22.1923013698630       3.193440223691625E-044
   22.2510058708415       2.229613023464606E-044
   22.3097103718200       1.556682987570176E-044
   22.3684148727984       1.086853108835310E-044
   22.4271193737769       7.588247917469155E-045
   22.4858238747554       5.298002489149784E-045
   22.5445283757339       3.698986892245344E-045
   22.6032328767123       2.582577808592300E-045
   22.6619373776908       1.803117490957249E-045
   22.7206418786693       1.258909835917775E-045
   22.7793463796478       8.789521177061800E-046
   22.8380508806262       6.136712777241107E-046
   22.8967553816047       4.284561368688742E-046
   22.9554598825832       2.991416806117309E-046
   23.0141643835616       2.088562528941012E-046
   23.0728688845401       1.458203131075064E-046
   23.1315733855186       1.018095605295963E-046
   23.1902778864971       7.108191040288695E-047
   23.2489823874755       4.962832443494894E-047
   23.3076868884540       3.464975170310590E-047
   23.3663913894325       2.419193651975588E-047
   23.4250958904110       1.689044668537153E-047
   23.4838003913894       1.179265599092448E-047
   23.5425048923679       8.233455040891570E-048
   23.6012093933464       5.748474395197388E-048
   23.6599138943249       4.013498256784289E-048
   23.7186183953033       2.802164009845473E-048
   23.7773228962818       1.956428667549307E-048
   23.8360273972603       1.365948986239858E-048
   23.8947318982387       9.536849689499859E-049
   23.9534363992172       6.658484466427752E-049
   24.0121409001957       4.648853279396457E-049
   24.0708454011742       3.245759109120402E-049
   24.1295499021526       2.266139941656134E-049
   24.1882544031311       1.582184634805730E-049
   24.2469589041096       1.104657374345724E-049
   24.3056634050881       7.712550597122876E-050
   24.3643679060665       5.384786055946193E-050
   24.4230724070450       3.759576069069397E-050
   24.4817769080235       2.624879052437221E-050
   24.5404814090020       1.832650774203590E-050
   24.5991859099804       1.279528988374183E-050
   24.6578904109589       8.933477370769913E-051
   24.7165949119374       6.237218397325032E-051
   24.7752994129159       4.354731254216717E-051
   24.8340039138943       3.040407275381394E-051
   24.8927084148728       2.122766208149296E-051
   24.9514129158513       1.482083136834477E-051
   25.0101174168297       1.034767938898950E-051
   25.0688219178082       7.224592574105586E-052
   25.1275264187867       5.044100775647438E-052
   25.1862309197652       3.521714514221257E-052
   25.2449354207436       2.458807549881771E-052
   25.3036399217221       1.716702055066405E-052
   25.3623444227006       1.198575274856361E-052
   25.4210489236791       8.368270313069936E-053
   25.4797534246575       5.842599064283307E-053
   25.5384579256360       4.079213796537126E-053
   25.5971624266145       2.848045016021740E-053
   25.6558669275930       1.988461697146977E-053
   25.7145714285714       1.388313698476048E-053
   25.7732759295499       9.692994955919800E-054
   25.8319804305284       6.767501543035373E-054
   25.8906849315069       4.724966558522687E-054
   25.9493894324853       3.298899716952834E-054
   26.0080939334638       2.303241553631614E-054
   26.0667984344423       1.608088180202491E-054
   26.1255029354207       1.122742677893599E-054
   26.1842074363992       7.838818378809412E-055
   26.2429119373777       5.472943592927626E-055
   26.3016164383562       3.821125846689025E-055
   26.3603209393346       2.667851853736754E-055
   26.4190254403131       1.862653518018774E-055
   26.4777299412916       1.300476305516489E-055
   26.5364344422701       9.079727400456941E-056
   26.5951389432485       6.339327305757132E-056
   26.6538434442270       4.426021713886533E-056
   26.7125479452055       3.090180903969026E-056
   26.7712524461840       2.157517207027622E-056
   26.8299569471624       1.506345627412602E-056
   26.8886614481409       1.051707554880511E-056
   26.9473659491194       7.342861821026403E-057
   27.0060704500978       5.126674179635983E-057
   27.0647749510763       3.579365750859908E-057
   27.1234794520548       2.499058593566140E-057
   27.1821839530333       1.744804605764758E-057
   27.2408884540117       1.218195970758947E-057
   27.2995929549902       8.505258508049499E-058
   27.3582974559687       5.938241790424576E-058
   27.4170019569472       4.145989860075857E-058
   27.4757064579256       2.894666891742862E-058
   27.5344109589041       2.021012277025017E-058
   27.5931154598826       1.411039948151438E-058
   27.6518199608611       9.851665704806967E-059
   27.7105244618395       6.878282731819169E-059
   27.7692289628180       4.802312088673780E-059
   27.8279334637965       3.352901048369989E-059
   27.8866379647750       2.340944367170410E-059
   27.9453424657534       1.634411647692415E-059
   28.0040469667319       1.141121279981580E-059
   28.0627514677104       7.967134698121238E-060
   28.1214559686888       5.562531904293581E-060
   28.1801604696673       3.883674914955410E-060
   28.2388649706458       2.711522575960019E-060
   28.2975694716243       1.893143694475306E-060
   28.3562739726027       1.321764044365415E-060
   28.4149784735812       9.228354896433796E-061
   28.4736829745597       6.443096589280781E-061
   28.5323874755382       4.498471732931177E-061
   28.5910919765166       3.140764327247734E-061
   28.6497964774951       2.192833731434327E-061
   28.7085009784736       1.531003052471596E-061
   28.7672054794521       1.068922970458726E-061
   28.8259099804305       7.463057076072150E-062
   28.8846144814090       5.210592572486399E-062
   28.9433189823875       3.637956225183033E-062
   29.0020234833659       2.539965523816486E-062
   29.0607279843444       1.773365170214414E-062
   29.1194324853229       1.238136500932862E-062
   29.1781369863014       8.644480112304047E-063
   29.2368414872798       6.035444099956577E-063
   29.2955459882583       4.213854969008571E-063
   29.3542504892368       2.942049234826075E-063
   29.4129549902153       2.054093878896910E-063
   29.4716594911937       1.434136999667755E-063
   29.5303639921722       1.001292567280526E-063
   29.5890684931507       6.990871899587245E-064
   29.6477729941292       4.880920073228597E-064
   29.7064774951076       3.407783907293784E-064
   29.7651819960861       2.379262717432095E-064
   29.8238864970646       1.661164918819796E-064
   29.8825909980431       1.159799994722798E-064
   29.9412954990215       8.097546561058760E-065
   30.0000000000000       5.653583428024115E-065
