  2.000000000000000E-003 -4.584276610612837E-012
  6.070450097847359E-002 -5.191608046441446E-011
  0.119409001956947      -5.087796229478577E-010
  0.178113502935421      -4.336990897063947E-009
  0.236818003913894      -3.231333966410535E-008
  0.295522504892368      -2.113887329801256E-007
  0.354227005870842      -1.219346366052359E-006
  0.412931506849315      -6.226139476965683E-006
  0.471636007827789      -2.824326008415027E-005
  0.530340508806262      -1.141878710602329E-004
  0.589045009784736      -4.126415718335442E-004
  0.647749510763209      -1.336062406059422E-003
  0.706454011741683      -3.883471636433032E-003
  0.765158512720157      -1.014697276435370E-002
  0.823863013698630      -2.384742000707568E-002
  0.882567514677104      -5.039488558167871E-002
  0.941272015655577      -9.559918371654388E-002
  0.999976516634051      -0.162216048801118     
   1.05868101761252      -0.244589554725575     
   1.11738551859100      -0.323836947649569     
   1.17609001956947      -0.368167530411082     
   1.23479452054795      -0.342661789852980     
   1.29349902152642      -0.228197109924163     
   1.35220352250489      -4.126602338821525E-002
   1.41090802348337       0.159511490545162     
   1.46961252446184       0.291557471110551     
   1.52831702544031       0.288785161390669     
   1.58702152641879       0.144114682804417     
   1.64572602739726      -7.453052152182015E-002
   1.70443052837573      -0.252196267420970     
   1.76313502935421      -0.289064111478543     
   1.82183953033268      -0.161248146162042     
   1.88054403131115       5.975672080323138E-002
   1.93924853228963       0.245542729589885     
   1.99795303326810       0.286450442972599     
   2.05665753424658       0.158016369937371     
   2.11536203522505      -6.377550032536397E-002
   2.17406653620352      -0.248212066295297     
   2.23277103718200      -0.287891739656366     
   2.29147553816047      -0.161121183002149     
   2.35018003913894       5.791355051174295E-002
   2.40888454011742       0.244664217435552     
   2.46758904109589       0.296022119428167     
   2.52629354207436       0.186119257007858     
   2.58499804305284      -2.353618826700596E-002
   2.64370254403131      -0.221306989511942     
   2.70240704500978      -0.306094397733733     
   2.76111154598826      -0.237799696499424     
   2.81981604696673      -5.313938007877078E-002
   2.87852054794521       0.157265489253108     
   2.93722504892368       0.295199083537548     
   2.99592954990215       0.300205068878237     
   3.05463405088063       0.173498485598251     
   3.11333855185910      -2.744143292280005E-002
   3.17204305283757      -0.217498497452802     
   3.23074755381605      -0.320768256194261     
   3.28945205479452      -0.299622372664212     
   3.34815655577299      -0.165684483878226     
   3.40686105675147       2.887865318688319E-002
   3.46556555772994       0.213692604924097     
   3.52427005870842       0.326169727187266     
   3.58297455968689       0.331653979377131     
   3.64167906066536       0.231894598618952     
   3.70038356164384       6.092901208675557E-002
   3.75908806262231      -0.128358827622826     
   3.81779256360078      -0.281468566215181     
   3.87649706457926      -0.357678406858683     
   3.93520156555773      -0.339582498473990     
   3.99390606653620      -0.235156391879935     
   4.05261056751468      -7.306282346889556E-002
   4.11131506849315       0.106471944065919     
   4.17001956947162       0.262231636944753     
   4.22872407045010       0.361300145033527     
   4.28742857142857       0.385189299559995     
   4.34613307240704       0.332024112217474     
   4.40483757338552       0.215026553784890     
   4.46354207436399       5.826873885895155E-002
   4.52224657534247      -0.108981428492656     
   4.58095107632094      -0.258001598250892     
   4.63965557729941      -0.365386441100519     
   4.69836007827789      -0.416195386636107     
   4.75706457925636      -0.405249784932387     
   4.81576908023483      -0.336716790983081     
   4.87447358121331      -0.222368925431173     
   4.93317808219178      -7.903317311048949E-002
   4.99188258317025       7.424556092997210E-002
   5.05058708414873       0.218875775425999     
   5.10929158512720       0.338898534842858     
   5.16799608610568       0.422488496351712     
   5.22670058708415       0.462722910750550     
   5.28540508806262       0.457671017280437     
   5.34410958904110       0.409928801328527     
   5.40281409001957       0.325762202779173     
   5.46151859099804       0.214029982691763     
   5.52022309197652       8.504283773962454E-002
   5.57892759295499      -5.051385588730022E-002
   5.63763209393346      -0.182502464735616     
   5.69633659491194      -0.302046404699849     
   5.75504109589041      -0.402013265223191     
   5.81374559686888      -0.477273519130643     
   5.87245009784736      -0.524759914663640     
   5.93115459882583      -0.543364533307603     
   5.98985909980431      -0.533715810860899     
   6.04856360078278      -0.497877874848404     
   6.10726810176125      -0.439010819989545     
   6.16597260273973      -0.361024440755310     
   6.22467710371820      -0.268250692354695     
   6.28338160469667      -0.165152727805026     
   6.34208610567515      -5.608145375817506E-002
   6.40079060665362       5.491539994847697E-002
   6.45949510763209       0.164231471324652     
   6.51819960861057       0.268790531220190     
   6.57690410958904       0.366091513247805     
   6.63560861056752       0.454216860592188     
   6.69431311154599       0.531811770238594     
   6.75301761252446       0.598041806544157     
   6.81172211350294       0.652535796622312     
   6.87042661448141       0.695320074659901     
   6.92913111545988       0.726749148029367     
   6.98783561643836       0.747436821945493     
   7.04654011741683       0.758190819696047     
   7.10524461839530       0.759953024718946     
   7.16394911937378       0.753746680037299     
   7.22265362035225       0.740631223766240     
   7.28135812133072       0.721664917792533     
   7.34006262230920       0.697875032640165     
   7.39876712328767       0.670235071696222     
   7.45747162426615       0.639648336099325     
   7.51617612524462       0.606937030377167     
   7.57488062622309       0.572836071435368     
   7.63358512720157       0.537990774138983     
   7.69228962818004       0.502957631746445     
   7.75099412915851       0.468207477224529     
   7.80969863013699       0.434130392513400     
   7.86840313111546       0.401041819686058     
   7.92710763209393       0.369189415060598     
   7.98581213307241       0.338760270674677     
   8.04451663405088       0.309888204447860     
   8.10322113502936       0.282660889240184     
   8.16192563600783       0.257126651100340     
   8.22063013698630       0.233300818144841     
   8.27933463796478       0.211171544027002     
   8.33803913894325       0.190705064446223     
   8.39674363992172       0.171850372399940     
   8.45544814090020       0.154543318768909     
   8.51415264187867       0.138710160250490     
   8.57285714285714       0.124270587488699     
   8.63156164383562       0.111140273311764     
   8.69026614481409       9.923298501884205E-002
   8.74897064579256       8.846230631260786E-002
   8.80767514677104       7.874301431927157E-002
   8.86637964774951       6.999215565092150E-002
   8.92508414872799       6.212986304378292E-002
   8.98378864970646       5.507995107254784E-002
   9.04249315068493       4.877032605188508E-002
   9.10119765166341       4.313324169101092E-002
   9.15990215264188       3.810542851649705E-002
   9.21860665362035       3.362812163254139E-002
   9.27731115459883       2.964700812370416E-002
   9.33601565557730       2.611211237290510E-002
   9.39472015655577       2.297763479656001E-002
   9.45342465753425       2.020175700219135E-002
   9.51212915851272       1.774642415261567E-002
   9.57083365949119       1.557711336705091E-002
   9.62953816046967       1.366259528923879E-002
   9.68824266144814       1.197469448804863E-002
   9.74694716242662       1.048805310682985E-002
   9.80565166340509       9.179901122842126E-003
   9.86435616438356       8.029835696167668E-003
   9.92306066536204       7.019611358004322E-003
   9.98176516634051       6.132942191630420E-003
   10.0404696673190       5.355316677508237E-003
   10.0991741682975       4.673825490392177E-003
   10.1578786692759       4.077002236007287E-003
   10.2165831702544       3.554676884566788E-003
   10.2752876712329       3.097841486389650E-003
   10.3339921722114       2.698527630934804E-003
   10.3926966731898       2.349695025843453E-003
   10.4514011741683       2.045130519492577E-003
   10.5101056751468       1.779356862664064E-003
   10.5688101761252       1.547550496785934E-003
   10.6275146771037       1.345467663259733E-003
   10.6862191780822       1.169378146879139E-003
   10.7449236790607       1.016005993172399E-003
   10.8036281800391       8.824765721440290E-004
   10.8623326810176       7.662693973194965E-004
   10.9210371819961       6.651761475966679E-004
   10.9797416829746       5.772633789136796E-004
   11.0384461839530       5.008394521787194E-004
   11.0971506849315       4.344252425367344E-004
   11.1558551859100       3.767282323309754E-004
   11.2145596868885       3.266196256719600E-004
   11.2732641878669       2.831141560994617E-004
   11.3319686888454       2.453522902620696E-004
   11.3906731898239       2.125845597707636E-004
   11.4493776908024       1.841577803963460E-004
   11.5080821917808       1.595029426097820E-004
   11.5667866927593       1.381245801783771E-004
   11.6254911937378       1.195914442220090E-004
   11.6841956947162       1.035283289114167E-004
   11.7429001956947       8.960891197405332E-005
   11.8016046966732       7.754948848646945E-005
   11.8603091976517       6.710349020125445E-005
   11.9190136986301       5.805669500540347E-005
   11.9777181996086       5.022304215618802E-005
   12.0364227005871       4.344097880566355E-005
   12.0951272015656       3.757027211530093E-005
   12.1538317025440       3.248922908056197E-005
   12.2125362035225       2.809227312719062E-005
   12.2712407045010       2.428783269504691E-005
   12.3299452054795       2.099650247286080E-005
   12.3886497064579       1.814944276278001E-005
   12.4473542074364       1.568698670492274E-005
   12.5060587084149       1.355742884087290E-005
   12.5647632093933       1.171597179688135E-005
   12.6234677103718       1.012381077264727E-005
   12.6821722113503       8.747338075077903E-006
   12.7408767123288       7.557452178802460E-006
   12.7995812133072       6.528957762628443E-006
   12.8582857142857       5.640044895853991E-006
   12.9169902152642       4.871837059135507E-006
   12.9756947162427       4.207999007014419E-006
   13.0343992172211       3.634396635906401E-006
   13.0931037181996       3.138802032442295E-006
   13.1518082191781       2.710637760301000E-006
   13.2105127201566       2.340755214790228E-006
   13.2692172211350       2.021242547270861E-006
   13.3279217221135       1.745258248294222E-006
   13.3866262230920       1.506886989777710E-006
   13.4453307240705       1.301014772136690E-006
   13.5040352250489       1.123220810322075E-006
   13.5627397260274       9.696839304732209E-007
   13.6214442270059       8.371015427746890E-007
   13.6801487279843       7.226195117043361E-007
   13.7388532289628       6.237714670815287E-007
   13.7975577299413       5.384262924579135E-007
   13.8562622309198       4.647426951895916E-007
   13.9149667318982       4.011299082654462E-007
   13.9736712328767       3.462137005032873E-007
   14.0323757338552       2.988069815601663E-007
   14.0910802348337       2.578843835136784E-007
   14.1497847358121       2.225602834559002E-007
   14.2084892367906       1.920698032549735E-007
   14.2671937377691       1.657523848219473E-007
   14.3258982387476       1.430375931264991E-007
   14.3846027397260       1.234328459258025E-007
   14.4433072407045       1.065128096553995E-007
   14.5020117416830       9.191023600461848E-008
   14.5607162426614       7.930804407931995E-008
   14.6194207436399       6.843247936467949E-008
   14.6781252446184       5.904720348170702E-008
   14.7368297455969       5.094818845324590E-008
   14.7955342465753       4.395930626633822E-008
   14.8542387475538       3.792851929207157E-008
   14.9129432485323       3.272458990858540E-008
   14.9716477495108       2.823423873414329E-008
   15.0303522504892       2.435969044613961E-008
   15.0890567514677       2.101655443883983E-008
   15.1477612524462       1.813199473113930E-008
   15.2064657534247       1.564314972606803E-008
   15.2651702544031       1.349576777648716E-008
   15.3238747553816       1.164302913926920E-008
   15.3825792563601       1.004452890099901E-008
   15.4412837573386       8.665398916498696E-009
   15.4999882583170       7.475549790552200E-009
   15.5586927592955       6.449016516502070E-009
   15.6173972602740       5.563393617813463E-009
   15.6761017612524       4.799347567736452E-009
   15.7348062622309       4.140195928957536E-009
   15.7935107632094       3.571544095156222E-009
   15.8522152641879       3.080971760432885E-009
   15.9109197651663       2.657762317242424E-009
   15.9696242661448       2.292669311756639E-009
   16.0283287671233       1.977714887373346E-009
   16.0870332681018       1.706015839587716E-009
   16.1457377690802       1.471633503504332E-009
   16.2044422700587       1.269444211746324E-009
   16.2631467710372       1.095027506517977E-009
   16.3218512720157       9.445696746938427E-010
   16.3805557729941       8.147805073393750E-010
   16.4392602739726       7.028214721786387E-010
   16.4979647749511       6.062437354095238E-010
   16.5566692759296       5.229346832737874E-010
   16.6153737769080       4.510717785427691E-010
   16.6740782778865       3.890827465700982E-010
   16.7327827788650       3.356112232413049E-010
   16.7914872798434       2.894871159941687E-010
   16.8501917808219       2.497010316669783E-010
   16.9088962818004       2.153822134758664E-010
   16.9676007827789       1.857795058463391E-010
   17.0263052837573       1.602449317850033E-010
   17.0850097847358       1.382195244058761E-010
   17.1437142857143       1.192211033574778E-010
   17.2024187866928       1.028337292983725E-010
   17.2611232876712       8.869860616125474E-011
   17.3198277886497       7.650623252397656E-011
   17.3785322896282       6.598963065662227E-011
   17.4372367906067       5.691850532924669E-011
   17.4959412915851       4.909420475693769E-011
   17.5546457925636       4.234537356873146E-011
   17.6133502935421       3.652420279594911E-011
   17.6720547945205       3.150319491252397E-011
   17.7307592954990       2.717237320889684E-011
   17.7894637964775       2.343687448708158E-011
   17.8481682974560       2.021487243903831E-011
   17.9068727984344       1.743578629612848E-011
   17.9655772994129       1.503873557161412E-011
   18.0242818003914       1.297120709693512E-011
   18.0829863013699       1.118790519310105E-011
   18.1416908023483       9.649759822267310E-012
   18.2003953033268       8.323071018747174E-012
   18.2590998043053       7.178770878771609E-012
   18.3178043052838       6.191786959262214E-012
   18.3765088062622       5.340493153894787E-012
   18.4352133072407       4.606236028212060E-012
   18.4939178082192       3.972926246300283E-012
   18.5526223091977       3.426686145630955E-012
   18.6113268101761       2.955545745195518E-012
   18.6700313111546       2.549180531879129E-012
   18.7287358121331       2.198685284281345E-012
   18.7874403131115       1.896378981889718E-012
   18.8461448140900       1.635636527877414E-012
   18.9048493150685       1.410743600711588E-012
   18.9635538160470       1.216771456050589E-012
   19.0222583170254       1.049468937152444E-012
   19.0809628180039       9.051693287609627E-013
   19.1396673189824       7.807100144239982E-013
   19.1983718199609       6.733631775353442E-013
   19.2570763209393       5.807760282141282E-013
   19.3157808219178       5.009192467308960E-013
   19.3744853228963       4.320425141242628E-013
   19.4331898238748       3.726361558618956E-013
   19.4918943248532       3.213980582821002E-013
   19.5505988258317       2.772051330373173E-013
   19.6093033268102       2.390887043756606E-013
   19.6680078277886       2.062132800224290E-013
   19.7267123287671       1.778582405404508E-013
   19.7854168297456       1.534020459792986E-013
   19.8441213307241       1.323086137681583E-013
   19.9028258317025       1.141155693730277E-013
   19.9615303326810       9.842411226718094E-014
   20.0202348336595       8.489027515321354E-014
   20.0789393346380       7.321738490002207E-014
   20.1376438356164       6.314955998763743E-014
   20.1963483365949       5.446610196322018E-014
   20.2550528375734       4.697665800035264E-014
   20.3137573385519       4.051704854994173E-014
   20.3724618395303       3.494566864467075E-014
   20.4311663405088       3.014038398930739E-014
   20.4898708414873       2.599585381150741E-014
   20.5485753424658       2.242122179970265E-014
   20.6072798434442       1.933812452096971E-014
   20.6659843444227       1.667897366925273E-014
   20.7246888454012       1.438547449530301E-014
   20.7833933463796       1.240734794574618E-014
   20.8420978473581       1.070122850313048E-014
   20.9008023483366       9.229713569521346E-015
   20.9595068493151       7.960543557516964E-015
   21.0182113502935       6.865894717263290E-015
   21.0769158512720       5.921769198911621E-015
   21.1356203522505       5.107468981120830E-015
   21.1943248532290       4.405142134374266E-015
   21.2530293542074       3.799391473321725E-015
   21.3117338551859       3.276937019829679E-015
   21.3704383561644       2.826324877879176E-015
   21.4291428571429       2.437676138751875E-015
   21.4878473581213       2.102470312373570E-015
   21.5465518590998       1.813358537479476E-015
   21.6052563600783       1.564002476004496E-015
   21.6639608610568       1.348935360097960E-015
   21.7226653620352       1.163442145747341E-015
   21.7813698630137       1.003456145818397E-015
   21.8400743639922       8.654698765543610E-016
   21.8987788649706       7.464581631451883E-016
   21.9574833659491       6.438118187061050E-016
   22.0161878669276       5.552804427840138E-016
   22.0748923679061       4.789230854207925E-016
   22.1335968688845       4.130656952251406E-016
   22.1923013698630       3.562644186200925E-016
   22.2510058708415       3.072739456999449E-016
   22.3097103718200       2.650202087606975E-016
   22.3684148727984       2.285768349865450E-016
   22.4271193737769       1.971448370734904E-016
   22.4858238747554       1.700350965532261E-016
   22.5445283757339       1.466532558027051E-016
   22.6032328767123       1.264866875285403E-016
   22.6619373776908       1.090932560587007E-016
   22.7206418786693       9.409162405480840E-017
   22.7793463796478       8.115289213794003E-017
   22.8380508806262       6.999338814191821E-017
   22.8967553816047       6.036844791102963E-017
   22.9554598825832       5.206705129665490E-017
   23.0141643835616       4.490719575569868E-017
   23.0728688845401       3.873190612421078E-017
   23.1315733855186       3.340579308647356E-017
   23.1902778864971       2.881208488899552E-017
   23.2489823874755       2.485006722387722E-017
   23.3076868884540       2.143287515445809E-017
   23.3663913894325       1.848558867407467E-017
   23.4250958904110       1.594359014545351E-017
   23.4838003913894       1.375114760958293E-017
   23.5425048923679       1.186019290476618E-017
   23.6012093933464       1.022926780749743E-017
   23.6599138943249       8.822615090444225E-018
   23.7186183953033       7.609394569943307E-018
   23.7773228962818       6.563006955644310E-018
   23.8360273972603       5.660510678373200E-018
   23.8947318982387       4.882118910717303E-018
   23.9534363992172       4.210765752972748E-018
   24.0121409001957       3.631732073465146E-018
   24.0708454011742       3.132322800115779E-018
   24.1295499021526       2.701588588138007E-018
   24.1882544031311       2.330085761653930E-018
   24.2469589041096       2.009669266137400E-018
   24.3056634050881       1.733314092323175E-018
   24.3643679060665       1.494961256431744E-018
   24.4230724070450       1.289384959936059E-018
   24.4817769080235       1.112078016439399E-018
   24.5404814090020       9.591530337253588E-019
   24.5991859099804       8.272571844605912E-019
   24.6578904109589       7.134986969514255E-019
   24.7165949119374       6.153834543096459E-019
   24.7752994129159       5.307603120012533E-019
   24.8340039138943       4.577739348976646E-019
   24.8927084148728       3.948241198077221E-019
   24.9514129158513       3.405307116595981E-019
   25.0101174168297       2.937033441383973E-019
   25.0688219178082       2.533153413586580E-019
   25.1275264187867       2.184812083791122E-019
   25.1862309197652       1.884372170502390E-019
   25.2449354207436       1.625246615487561E-019
   25.3036399217221       1.401754164843223E-019
   25.3623444227006       1.208994809466484E-019
   25.4210489236791       1.042742354017327E-019
   25.4797534246575       8.993517589936632E-020
   25.5384579256360       7.756792244333742E-020
   25.5971624266145       6.690132631117445E-020
   25.6558669275930       5.770152520420979E-020
   25.7145714285714       4.976681588949205E-020
   25.7732759295499       4.292323191821371E-020
   25.8319804305284       3.702072946381814E-020
   25.8906849315069       3.192989765569733E-020
   25.9493894324853       2.753912128377017E-020
   26.0080939334638       2.375213366723134E-020
   26.0667984344423       2.048590603499736E-020
   26.1255029354207       1.766882714323502E-020
   26.1842074363992       1.523913321870506E-020
   26.2429119373777       1.314355380495166E-020
   26.3016164383562       1.133614382195745E-020
   26.3603209393346       9.777276232548410E-021
   26.4190254403131       8.432773230074891E-021
   26.4777299412916       7.273156898934416E-021
   26.5364344422701       6.273002918890808E-021
   26.5951389432485       5.410383143357082E-021
   26.6538434442270       4.666384830333558E-021
   26.7125479452055       4.024695985281093E-021
   26.7712524461840       3.471247724691442E-021
   26.8299569471624       2.993905819277737E-021
   26.8886614481409       2.582204653956367E-021
   26.9473659491194       2.227117771765820E-021
   27.0060704500978       1.920859970962151E-021
   27.0647749510763       1.656716616321623E-021
   27.1234794520548       1.428896422347850E-021
   27.1821839530333       1.232404480693357E-021
   27.2408884540117       1.062932747955197E-021
   27.2995929549902       9.167655928177727E-022
   27.3582974559687       7.906983316881096E-022
   27.4170019569472       6.819669667380005E-022
   27.4757064579256       5.881875858772408E-022
   27.5344109589041       5.073040960172299E-022
   27.5931154598826       4.375431436899222E-022
   27.6518199608611       3.773752346672943E-022
   27.7105244618395       3.254812001386841E-022
   27.7692289628180       2.807232742248127E-022
   27.8279334637965       2.421201487099098E-022
   27.8866379647750       2.088254580728181E-022
   27.9453424657534       1.801092231064146E-022
   28.0040469667319       1.553418462810341E-022
   28.0627514677104       1.339803079538810E-022
   28.1214559686888       1.155562607795724E-022
   28.1801604696673       9.966576129436164E-023
   28.2388649706458       8.596041354145939E-023
   28.2975694716243       7.413973056333866E-023
   28.3562739726027       6.394454628851091E-023
   28.4149784735812       5.515133336982444E-023
   28.4736829745597       4.756730239415519E-023
   28.5323874755382       4.102617501474268E-023
   28.5910919765166       3.538453833300911E-023
   28.6497964774951       3.051870060050065E-023
   28.7085009784736       2.632197930286987E-023
   28.7672054794521       2.270236216774667E-023
   28.8259099804305       1.958048981458714E-023
   28.8846144814090       1.688791581653285E-023
   28.9433189823875       1.456560602650721E-023
   29.0020234833659       1.256264426559169E-023
   29.0607279843444       1.083511599617359E-023
   29.1194324853229       9.345145504633819E-024
   29.1781369863014       8.060065484007576E-024
   29.2368414872798       6.951700809891675E-024
   29.2955459882583       5.995750806533420E-024
   29.3542504892368       5.171256459415451E-024
   29.4129549902153       4.460140893081250E-024
   29.4716594911937       3.846813039273399E-024
   29.5303639921722       3.317825805889984E-024
   29.5890684931507       2.861581252183877E-024
   29.6477729941292       2.468076306231731E-024
   29.7064774951076       2.128683449579536E-024
   29.7651819960861       1.835961560621735E-024
   29.8238864970646       1.583492769491691E-024
   29.8825909980431       1.365741747541939E-024
   29.9412954990215       1.177934346363115E-024
   30.0000000000000       1.015952925527624E-024
