  2.000000000000000E-003 -2.774595580510419E-012
  6.070450097847359E-002 -3.192702799517351E-011
  0.119409001956947      -3.182308335085850E-010
  0.178113502935421      -2.761994164771712E-009
  0.236818003913894      -2.097713635462201E-008
  0.295522504892368      -1.400662761169101E-007
  0.354227005870842      -8.258096579615194E-007
  0.412931506849315      -4.316705131210105E-006
  0.471636007827789      -2.008103671159075E-005
  0.530340508806262      -8.342162450352412E-005
  0.589045009784736      -3.104420031332853E-004
  0.647749510763209      -1.037724476084523E-003
  0.706454011741683      -3.123162175747324E-003
  0.765158512720157      -8.478557341759169E-003
  0.823863013698630      -2.078836912565631E-002
  0.882567514677104      -4.606133956151157E-002
  0.941272015655577      -9.219604857460813E-002
  0.999976516634051      -0.166429644269043     
   1.05868101761252      -0.269992955253595     
   1.11738551859100      -0.391049551415911     
   1.17609001956947      -0.499728685027630     
   1.23479452054795      -0.550994067033013     
   1.29349902152642      -0.499553596292569     
   1.35220352250489      -0.324588973081172     
   1.41090802348337      -5.307621156633174E-002
   1.46961252446184       0.234845924948597     
   1.52831702544031       0.430085241151168     
   1.58702152641879       0.444028146390778     
   1.64572602739726       0.259966595333454     
   1.70443052837573      -4.496440086625744E-002
   1.76313502935421      -0.327238036558158     
   1.82183953033268      -0.445929264231586     
   1.88054403131115      -0.337975953887223     
   1.93924853228963      -5.622491566402293E-002
   1.99795303326810       0.254541428232018     
   2.05665753424658       0.432934042666500     
   2.11536203522505       0.386546582866244     
   2.17406653620352       0.140362973027862     
   2.23277103718200      -0.178004208074340     
   2.29147553816047      -0.406520681956871     
   2.35018003913894      -0.432103887173801     
   2.40888454011742      -0.245147470699500     
   2.46758904109589       6.054414873618581E-002
   2.52629354207436       0.338169772425081     
   2.58499804305284       0.459877450394111     
   2.64370254403131       0.374129412660738     
   2.70240704500978       0.123524587484653     
   2.76111154598826      -0.180537928368637     
   2.81981604696673      -0.410189125888521     
   2.87852054794521      -0.474837032033005     
   2.93722504892368      -0.354004575381553     
   2.99592954990215      -9.900273975719462E-002
   3.05463405088063       0.192771667781356     
   3.11333855185910       0.417247045470314     
   3.17204305283757       0.500433435425754     
   3.23074755381605       0.420086113590449     
   3.28945205479452       0.207413774352437     
   3.34815655577299      -6.838904808049574E-002
   3.40686105675147      -0.324978057750054     
   3.46556555772994      -0.491897984898146     
   3.52427005870842      -0.528491233036605     
   3.58297455968689      -0.430970786037414     
   3.64167906066536      -0.228795580614067     
   3.70038356164384       2.664750066997732E-002
   3.75908806262231       0.276718202177041     
   3.81779256360078       0.469365243015699     
   3.87649706457926       0.569123777687309     
   3.93520156555773       0.561864407396079     
   3.99390606653620       0.454405552543383     
   4.05261056751468       0.270183318701764     
   4.11131506849315       4.269646916064558E-002
   4.17001956947162      -0.191543304107813     
   4.22872407045010      -0.399172838657368     
   4.28742857142857      -0.554391648027873     
   4.34613307240704      -0.641308591009809     
   4.40483757338552      -0.654343120116820     
   4.46354207436399      -0.597094047899535     
   4.52224657534247      -0.480222035075524     
   4.58095107632094      -0.318893895771694     
   4.63965557729941      -0.130249243332246     
   4.69836007827789       6.878321471738340E-002
   4.75706457925636       0.263134504938194     
   4.81576908023483       0.440649509266573     
   4.87447358121331       0.592581397639139     
   4.93317808219178       0.713621627540817     
   4.99188258317025       0.801589206106494     
   5.05058708414873       0.856906236064712     
   5.10929158512720       0.881973022651676     
   5.16799608610568       0.880532848914091     
   5.22670058708415       0.857090164093802     
   5.28540508806262       0.816420802165450     
   5.34410958904110       0.763191619046406     
   5.40281409001957       0.701690798531014     
   5.46151859099804       0.635659140661958     
   5.52022309197652       0.568206339497554     
   5.57892759295499       0.501793658021039     
   5.63763209393346       0.438264495524015     
   5.69633659491194       0.378906162553590     
   5.75504109589041       0.324528932818466     
   5.81374559686888       0.275551524385856     
   5.87245009784736       0.232085156753173     
   5.93115459882583       0.194010982230253     
   5.98985909980431       0.161047874712491     
   6.04856360078278       0.132809244442105     
   6.10726810176125       0.108848762349735     
   6.16597260273973       8.869568489101791E-002
   6.22467710371820       7.188094744665247E-002
   6.28338160469667       5.795542013166257E-002
   6.34208610567515       4.650176616016812E-002
   6.40079060665362       3.714127053636436E-002
   6.45949510763209       2.953686408469429E-002
   6.51819960861057       2.339339087746752E-002
   6.57690410958904       1.845598146226807E-002
   6.63560861056752       1.450721661790352E-002
   6.69431311154599       1.136360650456192E-002
   6.75301761252446       8.871772804071525E-003
   6.81172211350294       6.904608053718423E-003
   6.87042661448141       5.357595889913552E-003
   6.92913111545988       4.145406054070199E-003
   6.98783561643836       3.198825863384096E-003
   7.04654011741683       2.462052343084645E-003
   7.10524461839530       1.890343416200673E-003
   7.16394911937378       1.448009814190195E-003
   7.22265362035225       1.106719446796396E-003
   7.28135812133072       8.440809871627177E-004
   7.34006262230920       6.424718988313291E-004
   7.39876712328767       4.880769000286991E-004
   7.45747162426615       3.701050585511618E-004
   7.51617612524462       2.801567034041986E-004
   7.57488062622309       2.117146800272984E-004
   7.63358512720157       1.597378621871083E-004
   7.69228962818004       1.203380721976144E-004
   7.75099412915851       9.052453851020953E-005
   7.80969863013699       6.800267888520768E-005
   7.86840313111546       5.101631984425044E-005
   7.92710763209393       3.822445552242542E-005
   7.98581213307241       2.860533321943137E-005
   8.04451663405088       2.138205893469417E-005
   8.10322113502936       1.596507741369689E-005
   8.16192563600783       1.190783143176493E-005
   8.22063013698630       8.872676188046984E-006
   8.27933463796478       6.604745956178150E-006
   8.33803913894325       4.911967393491113E-006
   8.39674363992172       3.649809551946907E-006
   8.45544814090020       2.709673734776525E-006
   8.51415264187867       2.010072906853265E-006
   8.57285714285714       1.489943659057100E-006
   8.63156164383562       1.103584628208622E-006
   8.69026614481409       8.168326293497445E-007
   8.74897064579256       6.041786990731671E-007
   8.80767514677104       4.465964890807258E-007
   8.86637964774951       3.299095333559117E-007
   8.92508414872799       2.435654365937302E-007
   8.98378864970646       1.797168267911815E-007
   9.04249315068493       1.325331991949636E-007
   9.10119765166341       9.768628249778298E-008
   9.15990215264188       7.196562587408592E-008
   9.21860665362035       5.299177819393461E-008
   9.27731115459883       3.900251185343956E-008
   9.33601565557730       2.869365103153445E-008
   9.39472015655577       2.110067176338570E-008
   9.45342465753425       1.551071153001856E-008
   9.51212915851272       1.139723569477250E-008
   9.57083365949119       8.371567603071025E-009
   9.62953816046967       6.146958397065451E-009
   9.68824266144814       4.511972763231696E-009
   9.74694716242662       3.310789591418248E-009
   9.80565166340509       2.428631083739986E-009
   9.86435616438356       1.780992370576487E-009
   9.92306066536204       1.305685416249025E-009
   9.98176516634051       9.569654146631671E-010
   10.0404696673190       7.011971051151712E-010
   10.0991741682975       5.136590513703611E-010
   10.1578786692759       3.761883205529029E-010
   10.2165831702544       2.754454360437687E-010
   10.2752876712329       2.016368743438630E-010
   10.3339921722114       1.475748840425032E-010
   10.3926966731898       1.079858641167300E-010
   10.4514011741683       7.900180444388057E-011
   10.5101056751468       5.778648609880887E-011
   10.5688101761252       4.226083879510831E-011
   10.6275146771037       3.090122703507453E-011
   10.6862191780822       2.259135198144965E-011
   10.7449236790607       1.651355483572752E-011
   10.8036281800391       1.206906485237041E-011
   10.8623326810176       8.819502550938766E-012
   10.9210371819961       6.443986028218097E-012
   10.9797416829746       4.707687438669377E-012
   11.0384461839530       3.438789379550047E-012
   11.0971506849315       2.511601611096269E-012
   11.1558551859100       1.834194333915166E-012
   11.2145596868885       1.339341934114671E-012
   11.2732641878669       9.778925289308879E-013
   11.3319686888454       7.139146033274785E-013
   11.3906731898239       5.211451876138997E-013
   11.4493776908024       3.803910599218653E-013
   11.5080821917808       2.776276236099449E-013
   11.5667866927593       2.026084174363919E-013
   11.6254911937378       1.478482842589824E-013
   11.6841956947162       1.078799127025420E-013
   11.7429001956947       7.871034398240323E-014
   11.8016046966732       5.742372158070470E-014
   11.8603091976517       4.189097592077727E-014
   11.9190136986301       3.055768858935363E-014
   11.9777181996086       2.228910410120489E-014
   12.0364227005871       1.625690892432914E-014
   12.0951272015656       1.185653238222835E-014
   12.1538317025440       8.646748639901771E-015
   12.2125362035225       6.305571002274154E-015
   12.2712407045010       4.598047226651237E-015
   12.3299452054795       3.352747081346971E-015
   12.3886497064579       2.444597790299117E-015
   12.4473542074364       1.782354773032333E-015
   12.5060587084149       1.299456763277869E-015
   12.5647632093933       9.473517167689267E-016
   12.6234677103718       6.906263576241576E-016
   12.6821722113503       5.034522288800847E-016
   12.7408767123288       3.669925929350900E-016
   12.7995812133072       2.675105468934972E-016
   12.8582857142857       1.949888321826394E-016
   12.9169902152642       1.421230106529861E-016
   12.9756947162427       1.035870530976797E-016
   13.0343992172211       7.549766840453243E-017
   13.0931037181996       5.502361533038931E-017
   13.1518082191781       4.010077295673731E-017
   13.2105127201566       2.922435265159191E-017
   13.2692172211350       2.129737439140894E-017
   13.3279217221135       1.552017794258800E-017
   13.3866262230920       1.130985998924037E-017
   13.4453307240705       8.241534501050776E-018
   13.5040352250489       6.005506683353463E-018
   13.5627397260274       4.376050587315557E-018
   13.6214442270059       3.188647322282582E-018
   13.6801487279843       2.323391882795615E-018
   13.7388532289628       1.692897307445306E-018
   13.7975577299413       1.233477554787389E-018
   13.8562622309198       8.987205857714130E-019
   13.9149667318982       6.548038552144392E-019
   13.9736712328767       4.770799348527258E-019
   14.0323757338552       3.475879677482328E-019
   14.0910802348337       2.532399618487311E-019
   14.1497847358121       1.844989582538256E-019
   14.2084892367906       1.344157044071658E-019
   14.2671937377691       9.792661726484020E-020
   14.3258982387476       7.134217757244040E-020
   14.3846027397260       5.197410868058412E-020
   14.4433072407045       3.786369765804548E-020
   14.5020117416830       2.758382422381205E-020
   14.5607162426614       2.009470321939008E-020
   14.6194207436399       1.463876916143546E-020
   14.6781252446184       1.066408373896672E-020
   14.7368297455969       7.768527617250273E-021
   14.7955342465753       5.659137191545722E-021
   14.8542387475538       4.122476830827167E-021
   14.9129432485323       3.003052069217736E-021
   14.9716477495108       2.187581683189870E-021
   15.0303522504892       1.593538662289055E-021
   15.0890567514677       1.160801523867996E-021
   15.1477612524462       8.455718090479813E-022
   15.2064657534247       6.159426819763178E-022
   15.2651702544031       4.486704789275047E-022
   15.3238747553816       3.268226823429559E-022
   15.3825792563601       2.380644172403922E-022
   15.4412837573386       1.734101392945334E-022
   15.4999882583170       1.263142313697745E-022
   15.5586927592955       9.200850383674521E-023
   15.6173972602740       6.701956880125744E-023
   15.6761017612524       4.881725434057774E-023
   15.7348062622309       3.555848174987605E-023
   15.7935107632094       2.590068716472610E-023
   15.8522152641879       1.886590546697148E-023
   15.9109197651663       1.374176074744464E-023
   15.9696242661448       1.000934229181398E-023
   16.0283287671233       7.290665847144399E-024
   16.0870332681018       5.310402051024571E-024
   16.1457377690802       3.867997887888120E-024
   16.2044422700587       2.817368971964706E-024
   16.2631467710372       2.052106778662897E-024
   16.3218512720157       1.494703198060501E-024
   16.3805557729941       1.088701456948708E-024
   16.4392602739726       7.929787044883514E-025
   16.4979647749511       5.775813628174904E-025
   16.5566692759296       4.206915497119184E-025
   16.6153737769080       3.064173973182468E-025
   16.6740782778865       2.231835105082616E-025
   16.7327827788650       1.625585747171536E-025
   16.7914872798434       1.184013875903821E-025
   16.8501917808219       8.623883245877127E-026
   16.9088962818004       6.281279889096943E-026
   16.9676007827789       4.575016424446043E-026
   17.0263052837573       3.332241244247389E-026
   17.0850097847358       2.427054395447156E-026
   17.1437142857143       1.767754330847311E-026
   17.2024187866928       1.287548696146387E-026
   17.2611232876712       9.377882720141105E-027
   17.3198277886497       6.830387407633724E-027
   17.3785322896282       4.974910899560146E-027
   17.4372367906067       3.623470510482207E-027
   17.4959412915851       2.639147310161223E-027
   17.5546457925636       1.922215306795918E-027
   17.6133502935421       1.400038406313883E-027
   17.6720547945205       1.019711710518307E-027
   17.7307592954990       7.427017071747248E-028
   17.7894637964775       5.409423880108476E-028
   17.8481682974560       3.939918148778994E-028
   17.9068727984344       2.869610784541735E-028
   17.9655772994129       2.090058388998593E-028
   18.0242818003914       1.522276294281767E-028
   18.0829863013699       1.108736147517042E-028
   18.1416908023483       8.075373169216283E-029
   18.2003953033268       5.881616167136176E-029
   18.2590998043053       4.283812518614221E-029
   18.3178043052838       3.120067161253501E-029
   18.3765088062622       2.272464732273548E-029
   18.4352133072407       1.655122318928595E-029
   18.4939178082192       1.205487699152061E-029
   18.5526223091977       8.780014370696301E-030
   18.6113268101761       6.394806914548057E-030
   18.6700313111546       4.657570316881355E-030
   18.7287358121331       3.392276074401017E-030
   18.7874403131115       2.470715568492380E-030
   18.8461448140900       1.799509386634366E-030
   18.9048493150685       1.310645652197225E-030
   18.9635538160470       9.545886889331058E-031
   19.0222583170254       6.952597734001740E-031
   19.0809628180039       5.063814101867317E-031
   19.1396673189824       3.688147190152070E-031
   19.1983718199609       2.686201470145794E-031
   19.2570763209393       1.956450087157385E-031
   19.3157808219178       1.424947362270059E-031
   19.3744853228963       1.037836010185894E-031
   19.4331898238748       7.558898601051147E-032
   19.4918943248532       5.505391135067154E-032
   19.5505988258317       4.009753911337019E-032
   19.6093033268102       2.920432318912207E-032
   19.6680078277886       2.127043945023410E-032
   19.7267123287671       1.549193528933128E-032
   19.7854168297456       1.128326492470491E-032
   19.8441213307241       8.217955774818770E-033
   19.9028258317025       5.985393694402078E-033
   19.9615303326810       4.359348157139143E-033
   20.0202348336595       3.175048059641603E-033
   20.0789393346380       2.312485244632288E-033
   20.1376438356164       1.684253889822886E-033
   20.1963483365949       1.226693525017647E-033
   20.2550528375734       8.934381952168372E-034
   20.3137573385519       6.507181018903348E-034
   20.3724618395303       4.739376333835388E-034
   20.4311663405088       3.451830323779735E-034
   20.4898708414873       2.514071489975574E-034
   20.5485753424658       1.831073377944056E-034
   20.6072798434442       1.333625276273939E-034
   20.6659843444227       9.713188888378059E-035
   20.7246888454012       7.074403053099877E-035
   20.7833933463796       5.152496618605648E-035
   20.8420978473581       3.752715010739991E-035
   20.9008023483366       2.733212563175032E-035
   20.9595068493151       1.990678788718108E-035
   21.0182113502935       1.449869547345033E-035
   21.0769158512720       1.055982272967830E-035
   21.1356203522505       7.691026169207138E-036
   21.1943248532290       5.601597685699379E-036
   21.2530293542074       4.079805921090692E-036
   21.3117338551859       2.971440650000728E-036
   21.3704383561644       2.164186006282570E-036
   21.4291428571429       1.576239033202398E-036
   21.4878473581213       1.148020231876004E-036
   21.5465518590998       8.361361056787357E-037
   21.6052563600783       6.089819012751703E-037
   21.6639608610568       4.435389541671402E-037
   21.7226653620352       3.230421005112487E-037
   21.7813698630137       2.352807841902038E-037
   21.8400743639922       1.713617030070098E-037
   21.8987788649706       1.248076075246452E-037
   21.9574833659491       9.090092982831744E-038
   22.0161878669276       6.620572914778721E-038
   22.0748923679061       4.821951089887370E-038
   22.1335968688845       3.511963634998674E-038
   22.1923013698630       2.557862541184249E-038
   22.2510058708415       1.862963630215063E-038
   22.3097103718200       1.356849049141878E-038
   22.3684148727984       9.882314640257316E-039
   22.4271193737769       7.197568464386575E-039
   22.4858238747554       5.242191932485872E-039
   22.5445283757339       3.818035982475531E-039
   22.6032328767123       2.780783021102001E-039
   22.6619373776908       2.025322448512869E-039
   22.7206418786693       1.475099234440425E-039
   22.7793463796478       1.074356181964077E-039
   22.8380508806262       7.824837469034391E-040
   22.8967553816047       5.699048503108215E-040
   22.9554598825832       4.150776703183449E-040
   23.0141643835616       3.023126902622600E-040
   23.0728688845401       2.201827928669818E-040
   23.1315733855186       1.603652867587216E-040
   23.1902778864971       1.167985215772686E-040
   23.2489823874755       8.506762689855517E-041
   23.3076868884540       6.195712852889446E-041
   23.3663913894325       4.512510631796178E-041
   23.4250958904110       3.286587410062389E-041
   23.4838003913894       2.393713280860928E-041
   23.5425048923679       1.743408121332594E-041
   23.6012093933464       1.269772723691057E-041
   23.6599138943249       9.248108501617308E-042
   23.7186183953033       6.735654979378705E-042
   23.7773228962818       4.905765043690901E-042
   23.8360273972603       3.573005214142075E-042
   23.8947318982387       2.602319106818448E-042
   23.9534363992172       1.895341386247806E-042
   24.0121409001957       1.380429833263787E-042
   24.0708454011742       1.005405420999076E-042
   24.1295499021526       7.322647091152456E-043
   24.1882544031311       5.333287326646583E-043
   24.2469589041096       3.884381302151478E-043
   24.3056634050881       2.829102773094363E-043
   24.3643679060665       2.060514097228059E-043
   24.4230724070450       1.500729613059912E-043
   24.4817769080235       1.093023026047892E-043
   24.5404814090020       7.960789978747308E-044
   24.5991859099804       5.798064186802622E-044
   24.6578904109589       4.222890965677521E-044
   24.7165949119374       3.075648598358100E-044
   24.7752994129159       2.240080152938152E-044
   24.8340039138943       1.631512476288787E-044
   24.8927084148728       1.188275759325170E-044
   24.9514129158513       8.654541677038664E-045
   25.0101174168297       6.303342523678553E-045
   25.0688219178082       4.590899004051000E-045
   25.1275264187867       3.343678926202942E-045
   25.1862309197652       2.435293980244982E-045
   25.2449354207436       1.773692054210949E-045
   25.3036399217221       1.291829041985164E-045
   25.3623444227006       9.408748620021991E-046
   25.4210489236791       6.852652120592148E-046
   25.4797534246575       4.990976250076116E-046
   25.5384579256360       3.635066161061999E-046
   25.5971624266145       2.647519300147206E-046
   25.6558669275930       1.928261580494791E-046
   25.7145714285714       1.404406272144659E-046
   25.7732759295499       1.022867950623038E-046
   25.8319804305284       7.449830309396420E-047
   25.8906849315069       5.425917533773253E-047
   25.9493894324853       3.951845851512651E-047
   26.0080939334638       2.878238656577538E-047
   26.0667984344423       2.096300831216010E-047
   26.1255029354207       1.526793879413059E-047
   26.1842074363992       1.112006211183254E-047
   26.2429119373777       8.099048782167306E-048
   26.3016164383562       5.898761209857934E-048
   26.3603209393346       4.296230912528394E-048
   26.4190254403131       3.129063774757028E-048
   26.4777299412916       2.278983669059935E-048
   26.5364344422701       1.659846819492214E-048
   26.5951389432485       1.208912330896165E-048
   26.6538434442270       8.804842737410709E-049
   26.7125479452055       6.412810385553373E-049
   26.7712524461840       4.670627086159314E-049
   26.8299569471624       3.401746821550987E-049
   26.8886614481409       2.477586244490620E-049
   26.9473659491194       1.804494547273011E-049
   27.0060704500978       1.314263256914180E-049
   27.0647749510763       9.572142564606058E-050
   27.1234794520548       6.971655997177998E-050
   27.1821839530333       5.077649748751102E-050
   27.2408884540117       3.698192646561883E-050
   27.2995929549902       2.693495911228716E-050
   27.3582974559687       1.961747510190977E-050
   27.4170019569472       1.428794925595515E-050
   27.4757064579256       1.040630828860042E-050
   27.5344109589041       7.579201896835924E-051
   27.5931154598826       5.520142182193969E-051
   27.6518199608611       4.020472089529101E-051
   27.7105244618395       2.928220918360200E-051
   27.7692289628180       2.132704207229237E-051
   27.8279334637965       1.553307403752379E-051
   27.8866379647750       1.131316701460562E-051
   27.9453424657534       8.239692124550736E-052
   28.0040469667319       6.001195436907493E-052
   28.0627514677104       4.370836447044917E-052
   28.1214559686888       3.183400946813293E-052
   28.1801604696673       2.318558862904249E-052
   28.2388649706458       1.688670477811072E-052
   28.2975694716243       1.229905363549126E-052
   28.3562739726027       8.957740556436157E-053
   28.4149784735812       6.524169925369291E-053
   28.4736829745597       4.751733199681657E-053
   28.5323874755382       3.460818563834263E-053
   28.5910919765166       2.520609769859192E-053
   28.6497964774951       1.835829729941225E-053
   28.7085009784736       1.337085508582309E-053
   28.7672054794521       9.738363136074165E-054
   28.8259099804305       7.092718897077547E-054
   28.8846144814090       5.165823109425531E-054
   28.9433189823875       3.762411675500499E-054
   29.0020234833659       2.740268358358669E-054
   29.0607279843444       1.995813143609109E-054
   29.1194324853229       1.453605845186399E-054
   29.1781369863014       1.058701291430968E-054
   29.2368414872798       7.710813958965656E-055
   29.2955459882583       5.615998806875630E-055
   29.3542504892368       4.090287064274467E-055
   29.4129549902153       2.979069056051535E-055
   29.4716594911937       2.169738284707181E-055
   29.5303639921722       1.580280327366727E-055
   29.5890684931507       1.150961814227053E-055
   29.6477729941292       8.382772819574375E-056
   29.7064774951076       6.105404998072142E-056
   29.7651819960861       4.446735106181012E-056
   29.8238864970646       3.238680006888520E-056
   29.8825909980431       2.358820108431330E-056
   29.9412954990215       1.717993840467406E-056
   30.0000000000000       1.251262368374986E-056
