           0  3.467035680137030E-002
           1  0.101484881584474     
           2  0.159421718765361     
           3  0.179385763542652     
           4  0.162841408065625     
           5  0.127361604795855     
           6  8.951931074292062E-002
           7  5.824573109090940E-002
           8  3.586882454661513E-002
           9  2.127349282081788E-002
          10  1.232423465108612E-002
          11  7.055369701132509E-003
          12  4.028768177369139E-003
          13  2.310041328898282E-003
          14  1.333477211049585E-003
          15  7.708417935229906E-004
          16  4.357836203107612E-004
          17  2.224274619399539E-004
          18  6.825774607990342E-005
