  2.000000000000000E-003 -1.517157153062793E-012
  6.070450097847359E-002 -1.767310312836713E-011
  0.119409001956947      -1.784617501141954E-010
  0.178113502935421      -1.570460661557972E-009
  0.236818003913894      -1.210420052592356E-008
  0.295522504892368      -8.209732097722830E-008
  0.354227005870842      -4.922001171893594E-007
  0.412931506849315      -2.619321170343003E-006
  0.471636007827789      -1.242111988288625E-005
  0.530340508806262      -5.267694146584288E-005
  0.589045009784736      -2.004457615578024E-004
  0.647749510763209      -6.863963377349282E-004
  0.706454011741683      -2.120717401963998E-003
  0.765158512720157      -5.924767912433157E-003
  0.823863013698630      -1.499289688243126E-002
  0.882567514677104      -3.440501519879476E-002
  0.941272015655577      -7.162474351931203E-002
  0.999976516634051      -0.135200605470869     
   1.05868101761252      -0.230971725996542     
   1.11738551859100      -0.355738146991551     
   1.17609001956947      -0.490483932593671     
   1.23479452054795      -0.597689824059469     
   1.29349902152642      -0.628022800657089     
   1.35220352250489      -0.538635301327618     
   1.41090802348337      -0.318310329525646     
   1.46961252446184      -7.079285987154352E-003
   1.52831702544031       0.304489298271031     
   1.58702152641879       0.503999635408018     
   1.64572602739726       0.506331573236621     
   1.70443052837573       0.300363832153162     
   1.76313502935421      -3.381592629059076E-002
   1.82183953033268      -0.352331325591012     
   1.88054403131115      -0.511077556079676     
   1.93924853228963      -0.435166633232785     
   1.99795303326810      -0.157893849562791     
   2.05665753424658       0.192676808183820     
   2.11536203522505       0.454028047466890     
   2.17406653620352       0.506213798171997     
   2.23277103718200       0.327206026404792     
   2.29147553816047       3.868124578388335E-004
   2.35018003913894      -0.327068580760324     
   2.40888454011742      -0.512465265111677     
   2.46758904109589      -0.479432847828274     
   2.52629354207436      -0.246426253893406     
   2.58499804305284       8.719280566013425E-002
   2.64370254403131       0.387053353396576     
   2.70240704500978       0.539107261053515     
   2.76111154598826       0.491211212937531     
   2.81981604696673       0.266777435328045     
   2.87852054794521      -5.063453590856901E-002
   2.93722504892368      -0.351878291632588     
   2.99592954990215      -0.540877476636277     
   3.05463405088063      -0.563693572543133     
   3.11333855185910      -0.420199434693078     
   3.17204305283757      -0.157781828731965     
   3.23074755381605       0.147739225298205     
   3.28945205479452       0.416025745448558     
   3.34815655577299       0.583366207125749     
   3.40686105675147       0.615950135792353     
   3.46556555772994       0.513495618572523     
   3.52427005870842       0.304394700150660     
   3.58297455968689       3.538654340659600E-002
   3.64167906066536      -0.240663920784338     
   3.70038356164384      -0.475781179733491     
   3.75908806262231      -0.634670475695456     
   3.81779256360078      -0.698502865566634     
   3.87649706457926      -0.664957359083477     
   3.93520156555773      -0.545459416803848     
   3.99390606653620      -0.360830123015849     
   4.05261056751468      -0.136506534328442     
   4.11131506849315       0.101768569354045     
   4.17001956947162       0.331236942689212     
   4.22872407045010       0.534180396634618     
   4.28742857142857       0.698791128680089     
   4.34613307240704       0.819075288979509     
   4.40483757338552       0.894084948262729     
   4.46354207436399       0.926777517124089     
   4.52224657534247       0.922758036421361     
   4.58095107632094       0.889092834900684     
   4.63965557729941       0.833311895438355     
   4.69836007827789       0.762654398263260     
   4.75706457925636       0.683563690755979     
   4.81576908023483       0.601405966121302     
   4.87447358121331       0.520369690836429     
   4.93317808219178       0.443497160794299     
   4.99188258317025       0.372801881996074     
   5.05058708414873       0.309432438314610     
   5.10929158512720       0.253852468130849     
   5.16799608610568       0.206015449608346     
   5.22670058708415       0.165521047541308     
   5.28540508806262       0.131746248832793     
   5.34410958904110       0.103949275678445     
   5.40281409001957       8.134744657878955E-002
   5.46151859099804       6.317202363192520E-002
   5.52022309197652       4.870395407422515E-002
   5.57892759295499       3.729458598945160E-002
   5.63763209393346       2.837516956761171E-002
   5.69633659491194       2.145844694673674E-002
   5.75504109589041       1.613503001769499E-002
   5.81374559686888       1.206666202927078E-002
   5.87245009784736       8.977911711013926E-003
   5.93115459882583       6.647385460835923E-003
   5.98985909980431       4.899171862419100E-003
   6.04856360078278       3.594949204111024E-003
   6.10726810176125       2.626980000110688E-003
   6.16597260273973       1.912073307834451E-003
   6.22467710371820       1.386502220751792E-003
   6.28338160469667       1.001807832449156E-003
   6.34208610567515       7.213916426592001E-004
   6.40079060665362       5.177873161235767E-004
   6.45949510763209       3.705033957076367E-004
   6.51819960861057       2.643362247439426E-004
   6.57690410958904       1.880635813546535E-004
   6.63560861056752       1.334421104009228E-004
   6.69431311154599       9.444412942236802E-005
   6.75301761252446       6.668095472612032E-005
   6.81172211350294       4.697012681480796E-005
   6.87042661448141       3.301266612915143E-005
   6.92913111545988       2.315378386973095E-005
   6.98783561643836       1.620642642773154E-005
   7.04654011741683       1.132180910550877E-005
   7.10524461839530       7.894872511890607E-006
   7.16394911937378       5.495545128286611E-006
   7.22265362035225       3.818974213527300E-006
   7.28135812133072       2.649630246384863E-006
   7.34006262230920       1.835511876046653E-006
   7.39876712328767       1.269672859551779E-006
   7.45747162426615       8.770354457738192E-007
   7.51617612524462       6.050061496389417E-007
   7.57488062622309       4.168167802657454E-007
   7.63358512720157       2.868122005097345E-007
   7.69228962818004       1.971243250473419E-007
   7.75099412915851       1.353303118418201E-007
   7.80969863013699       9.280754915457750E-008
   7.86840313111546       6.358065886326245E-008
   7.92710763209393       4.351504900253980E-008
   7.98581213307241       2.975397784213383E-008
   8.04451663405088       2.032634306892178E-008
   8.10322113502936       1.387391075548089E-008
   8.16192563600783       9.461935832226852E-009
   8.22063013698630       6.447893804937498E-009
   8.27933463796478       4.390633364966803E-009
   8.33803913894325       2.987596143530569E-009
   8.39674363992172       2.031493387549997E-009
   8.45544814090020       1.380449561281753E-009
   8.51415264187867       9.374530425178803E-010
   8.57285714285714       6.362298815551399E-010
   8.63156164383562       4.315442790260547E-010
   8.69026614481409       2.925459849160319E-010
   8.74897064579256       1.982123226261486E-010
   8.80767514677104       1.342284884515610E-010
   8.86637964774951       9.085433977039581E-011
   8.92508414872799       6.146707766101430E-011
   8.98378864970646       4.156654860217186E-011
   9.04249315068493       2.809688050040667E-011
   9.10119765166341       1.898422448917167E-011
   9.15990215264188       1.282200007914556E-011
   9.21860665362035       8.656733874189217E-012
   9.27731115459883       5.842445181700915E-012
   9.33601565557730       3.941705115951685E-012
   9.39472015655577       2.658452205390144E-012
   9.45342465753425       1.792399814217488E-012
   9.51212915851272       1.208114343448794E-012
   9.57083365949119       8.140552302349285E-013
   9.62953816046967       5.483750777969573E-013
   9.68824266144814       3.693045489051997E-013
   9.74694716242662       2.486449264134095E-013
   9.80565166340509       1.673659950349053E-013
   9.86435616438356       1.126294610540656E-013
   9.92306066536204       7.577714563610036E-014
   9.98176516634051       5.097180888438080E-014
   10.0404696673190       3.427925363587722E-014
   10.0991741682975       2.304867429243186E-014
   10.1578786692759       1.549449556475027E-014
   10.2165831702544       1.041428107925641E-014
   10.2752876712329       6.998497767296998E-015
   10.3339921722114       4.702266310166841E-015
   10.3926966731898       3.158926495157893E-015
   10.4514011741683       2.121800970358124E-015
   10.5101056751468       1.424968904889288E-015
   10.5688101761252       9.568512551941581E-016
   10.6275146771037       6.424278223980857E-016
   10.6862191780822       4.312683408686418E-016
   10.7449236790607       2.894786231864944E-016
   10.8036281800391       1.942823556748358E-016
   10.8623326810176       1.303768034831832E-016
   10.9210371819961       8.748215590042546E-017
   10.9797416829746       5.869387630495967E-017
   11.0384461839530       3.937514617905903E-017
   11.0971506849315       2.641249707881406E-017
   11.1558551859100       1.771562138452957E-017
   11.2145596868885       1.188131852681373E-017
   11.2732641878669       7.967752131493661E-018
   11.3319686888454       5.342831251183940E-018
   11.3906731898239       3.582391463431857E-018
   11.4493776908024       2.401828424343404E-018
   11.5080821917808       1.610199282741697E-018
   11.5667866927593       1.079412109341417E-018
   11.6254911937378       7.235460811543878E-019
   11.6841956947162       4.849729890082516E-019
   11.7429001956947       3.250442550646188E-019
   11.8016046966732       2.178422541896196E-019
   11.8603091976517       1.459881093456956E-019
   11.9190136986301       9.782944425287759E-020
   11.9777181996086       6.555402970711362E-020
   12.0364227005871       4.392460151140156E-020
   12.0951272015656       2.943037408178460E-020
   12.1538317025440       1.971805615995802E-020
   12.2125362035225       1.321032781670702E-020
   12.2712407045010       8.850036246764886E-021
   12.3299452054795       5.928696392345198E-021
   12.3886497064579       3.971520381095856E-021
   12.4473542074364       2.660348248691528E-021
   12.5060587084149       1.781988739571293E-021
   12.5647632093933       1.193594530415346E-021
   12.6234677103718       7.994562273579987E-022
   12.6821722113503       5.354502734244323E-022
   12.7408767123288       3.586168904221596E-022
   12.7995812133072       2.401762224846697E-022
   12.8582857142857       1.608486661157431E-022
   12.9169902152642       1.077193170851738E-022
   12.9756947162427       7.213713039821338E-023
   13.0343992172211       4.830740691862822E-023
   13.0931037181996       3.234883264886949E-023
   13.1518082191781       2.166176987546360E-023
   13.2105127201566       1.450507890414223E-023
   13.2692172211350       9.712643901759857E-024
   13.3279217221135       6.503489058156012E-024
   13.3866262230920       4.354590162986334E-024
   13.4453307240705       2.915683777755147E-024
   13.5040352250489       1.952208208479794E-024
   13.5627397260274       1.307087725722514E-024
   13.6214442270059       8.751379569548870E-025
   13.6801487279843       5.859246506185828E-025
   13.7388532289628       3.922841437018582E-025
   13.7975577299413       2.626356842488998E-025
   13.8562622309198       1.758332307266833E-025
   13.9149667318982       1.177179417881584E-025
   13.9736712328767       7.880959120997678E-026
   14.0323757338552       5.276068418595271E-026
   14.0910802348337       3.532131809465698E-026
   14.1497847358121       2.364605664107799E-026
   14.2084892367906       1.582982386614284E-026
   14.2671937377691       1.059715186239715E-026
   14.3258982387476       7.094113442925419E-027
   14.3846027397260       4.749010891499453E-027
   14.4433072407045       3.179101767976719E-027
   14.5020117416830       2.128149239015399E-027
   14.5607162426614       1.424610903231374E-027
   14.6194207436399       9.536458548035751E-028
   14.6781252446184       6.383734290407514E-028
   14.7368297455969       4.273261066101941E-028
   14.7955342465753       2.860494540865875E-028
   14.8542387475538       1.914784993608657E-028
   14.9129432485323       1.281729021435046E-028
   14.9716477495108       8.579655356944229E-029
   15.0303522504892       5.743028827358758E-029
   15.0890567514677       3.844233694009658E-029
   15.1477612524462       2.573216305605172E-029
   15.2064657534247       1.722426234559169E-029
   15.2651702544031       1.152929845864175E-029
   15.3238747553816       7.717259992395485E-030
   15.3825792563601       5.165608214908732E-030
   15.4412837573386       3.457625545387441E-030
   15.4999882583170       2.314369462054207E-030
   15.5586927592955       1.549122397325867E-030
   15.6173972602740       1.036900673733468E-030
   15.6761017612524       6.940440382869992E-031
   15.7348062622309       4.645531523977057E-031
   15.7935107632094       3.109441342369109E-031
   15.8522152641879       2.081267766871286E-031
   15.9109197651663       1.393067746605346E-031
   15.9696242661448       9.324278994391007E-032
   16.0283287671233       6.241041604031666E-032
   16.0870332681018       4.177319959168347E-032
   16.1457377690802       2.796000840175751E-032
   16.2044422700587       1.871439505581839E-032
   16.2631467710372       1.252602492263049E-032
   16.3218512720157       8.383971143283852E-033
   16.3805557729941       5.611582388732096E-033
   16.4392602739726       3.755951851732008E-033
   16.4979647749511       2.513933759876670E-033
   16.5566692759296       1.682622998724594E-033
   16.6153737769080       1.126209073500857E-033
   16.6740782778865       7.537901648704520E-034
   16.7327827788650       5.045232516083730E-034
   16.7914872798434       3.376845649869937E-034
   16.8501917808219       2.260167198857456E-034
   16.9088962818004       1.512757401863655E-034
   16.9676007827789       1.012505504383553E-034
   17.0263052837573       6.776803797206284E-035
   17.0850097847358       4.535778817214836E-035
   17.1437142857143       3.035835850738223E-035
   17.2024187866928       2.031908677362683E-035
   17.2611232876712       1.359970816267332E-035
   17.3198277886497       9.102370680957252E-036
   17.3785322896282       6.092267871248490E-036
   17.4372367906067       4.077585037106492E-036
   17.4959412915851       2.729145214581455E-036
   17.5546457925636       1.826626949921297E-036
   17.6133502935421       1.222567066292216E-036
   17.6720547945205       8.182672233049345E-037
   17.7307592954990       5.476678720903461E-037
   17.7894637964775       3.665549047045995E-037
   17.8481682974560       2.453355482397411E-037
   17.9068727984344       1.642031992916654E-037
   17.9655772994129       1.099012039490759E-037
   18.0242818003914       7.355682911417932E-038
   18.0829863013699       4.923152337805488E-038
   18.1416908023483       3.295059691424924E-038
   18.2003953033268       2.205378042864859E-038
   18.2590998043053       1.476055082750736E-038
   18.3178043052838       9.879201673187685E-039
   18.3765088062622       6.612122876216306E-039
   18.4352133072407       4.425473732118614E-039
   18.4939178082192       2.961954718228922E-039
   18.5526223091977       1.982425460408821E-039
   18.6113268101761       1.326829537557261E-039
   18.6700313111546       8.880414059248481E-040
   18.7287358121331       5.943621266970246E-040
   18.7874403131115       3.978037520744717E-040
   18.8461448140900       2.662480672179480E-040
   18.9048493150685       1.781984411877392E-040
   18.9635538160470       1.192672462679338E-040
   19.0222583170254       7.982489278991320E-041
   19.0809628180039       5.342633242762317E-041
   19.1396673189824       3.575792029725546E-041
   19.1983718199609       2.393255243403053E-041
   19.2570763209393       1.601790333114376E-041
   19.3157808219178       1.072067683201736E-041
   19.3744853228963       7.175276358709171E-042
   19.4331898238748       4.802362698595823E-042
   19.4918943248532       3.214187308366281E-042
   19.5505988258317       2.151232306512113E-042
   19.6093033268102       1.439803912619041E-042
   19.6680078277886       9.636499425115391E-043
   19.7267123287671       6.449635425649493E-043
   19.7854168297456       4.316690903568911E-043
   19.8441213307241       2.889127185503099E-043
   19.9028258317025       1.933669715578482E-043
   19.9615303326810       1.294189462120889E-043
   20.0202348336595       8.661903778662201E-044
   20.0789393346380       5.797340188978641E-044
   20.1376438356164       3.880111034437009E-044
   20.1963483365949       2.596925326475788E-044
   20.2550528375734       1.738099812020055E-044
   20.3137573385519       1.163295125520297E-044
   20.3724618395303       7.785832408890079E-045
   20.4311663405088       5.210988846143311E-045
   20.4898708414873       3.487668408025840E-045
   20.5485753424658       2.334265142667937E-045
   20.6072798434442       1.562302535602301E-045
   20.6659843444227       1.045634845871209E-045
   20.7246888454012       6.998338048452254E-046
   20.7833933463796       4.683922997306245E-046
   20.8420978473581       3.134906115120742E-046
   20.9008023483366       2.098163342992120E-046
   20.9595068493151       1.404280990146598E-046
   21.0182113502935       9.398719863053377E-047
   21.0769158512720       6.290473859623747E-047
   21.1356203522505       4.210154061378186E-047
   21.1943248532290       2.817815704237871E-047
   21.2530293542074       1.885936883906136E-047
   21.3117338551859       1.262239295838068E-047
   21.3704383561644       8.448044890511015E-048
   21.4291428571429       5.654193991203317E-048
   21.4878473581213       3.784296646672334E-048
   21.5465518590998       2.532792540386170E-048
   21.6052563600783       1.695173061398686E-048
   21.6639608610568       1.134562552792088E-048
   21.7226653620352       7.593514528672791E-049
   21.7813698630137       5.082263663182187E-049
   21.8400743639922       3.401508320506554E-049
   21.8987788649706       2.276595460766096E-049
   21.9574833659491       1.523702487974073E-049
   22.0161878669276       1.019798741361216E-049
   22.0748923679061       6.825410104646596E-050
   22.1335968688845       4.568177976140277E-050
   22.1923013698630       3.057435233602335E-050
   22.2510058708415       2.046310358921551E-050
   22.3097103718200       1.369574705259931E-050
   22.3684148727984       9.166423905121568E-051
   22.4271193737769       6.134993918927831E-051
   22.4858238747554       4.106088674957623E-051
   22.5445283757339       2.748163078986926E-051
   22.6032328767123       1.839317346123906E-051
   22.6619373776908       1.231036195250174E-051
   22.7206418786693       8.239198544267524E-052
   22.7793463796478       5.514410661181620E-052
   22.8380508806262       3.690738140452012E-052
   22.8967553816047       2.470172895978612E-052
   22.9554598825832       1.653261160337296E-052
   23.0141643835616       1.106510568210548E-052
   23.0728688845401       7.405760479034692E-053
   23.1315733855186       4.956598602347902E-053
   23.1902778864971       3.317399932368315E-053
   23.2489823874755       2.220301264160333E-053
   23.3076868884540       1.486024516717317E-053
   23.3663913894325       9.945807214774310E-054
   23.4250958904110       6.656625022405729E-054
   23.4838003913894       4.455209633464514E-054
   23.5425048923679       2.981825259079583E-054
   23.6012093933464       1.995704467693107E-054
   23.6599138943249       1.335704117760220E-054
   23.7186183953033       8.939727798370160E-055
   23.7773228962818       5.983266144770214E-055
   23.8360273972603       4.004537297700901E-055
   23.8947318982387       2.680194801030697E-055
   23.9534363992172       1.793826245380843E-055
   24.0121409001957       1.200589064993067E-055
   24.0708454011742       8.035416442794768E-056
   24.1295499021526       5.378019737747814E-056
   24.1882544031311       3.599452035903757E-056
   24.2469589041096       2.409075364879807E-056
   24.3056634050881       1.612368775648565E-056
   24.3643679060665       1.079141436897566E-056
   24.4230724070450       7.222579913222215E-057
   24.4817769080235       4.833996591214129E-057
   24.5404814090020       3.235342936098122E-057
   24.5991859099804       2.165380892602132E-057
   24.6578904109589       1.449266577490177E-057
   24.7165949119374       9.699788192572137E-058
   24.7752994129159       6.491965795798016E-058
   24.8340039138943       4.345004122863350E-058
   24.8927084148728       2.908065343070853E-058
   24.9514129158513       1.946337394031680E-058
   25.0101174168297       1.302663038197079E-058
   25.0688219178082       8.718585941357826E-059
   25.1275264187867       5.835257337232700E-059
   25.1862309197652       3.905475990198933E-059
   25.2449354207436       2.613893745043628E-059
   25.3036399217221       1.749451412244977E-059
   25.3623444227006       1.170889306183157E-059
   25.4210489236791       7.836638121773403E-060
   25.4797534246575       5.244978883878724E-060
   25.5384579256360       3.510408798239274E-060
   25.5971624266145       2.349479410457047E-060
   25.6558669275930       1.572481668797829E-060
   25.7145714285714       1.052445312473374E-060
   25.7732759295499       7.043904898671598E-061
   25.8319804305284       4.714410859658254E-061
   25.8906849315069       3.155305192584905E-061
   25.9493894324853       2.111812299120917E-061
   26.0080939334638       1.413413570208708E-061
   26.0667984344423       9.459827074871360E-062
   26.1255029354207       6.331361888686284E-062
   26.1842074363992       4.237513325989809E-062
   26.2429119373777       2.836122697104645E-062
   26.3016164383562       1.898186818674917E-062
   26.3603209393346       1.270436288386271E-062
   26.4190254403131       8.502895207401292E-063
   26.4777299412916       5.690897486215419E-063
   26.5364344422701       3.808857261220173E-063
   26.5951389432485       2.549227718741826E-063
   26.6538434442270       1.706171039695003E-063
   26.7125479452055       1.141922156114065E-063
   26.7712524461840       7.642763701322634E-064
   26.8299569471624       5.115220561541979E-064
   26.8886614481409       3.423562782601452E-064
   26.9473659491194       2.291354199272107E-064
   27.0060704500978       1.533579021196172E-064
   27.0647749510763       1.026408144446365E-064
   27.1234794520548       6.869640647357795E-065
   27.1821839530333       4.597777486139695E-065
   27.2408884540117       3.077243611265641E-065
   27.2995929549902       2.059566445695041E-065
   27.3582974559687       1.378445933020395E-065
   27.4170019569472       9.225792121369154E-066
   27.4757064579256       6.174724605851397E-066
   27.5344109589041       4.132677544630839E-066
   27.5931154598826       2.765957150583036E-066
   27.6518199608611       1.851225717786661E-066
   27.7105244618395       1.239005692969273E-066
   27.7692289628180       8.292533382359326E-067
   27.8279334637965       5.550104430414572E-067
   27.8866379647750       3.714625887102601E-067
   27.9453424657534       2.486159611399666E-067
   28.0040469667319       1.663960193604064E-067
   28.0627514677104       1.113670864846447E-067
   28.1214559686888       7.453680679419559E-068
   28.1801604696673       4.988669219965513E-068
   28.2388649706458       3.338863260463618E-068
   28.2975694716243       2.234665674555597E-068
   28.3562739726027       1.495637971831534E-068
   28.4149784735812       1.001014589083242E-068
   28.4736829745597       6.699684188772637E-069
   28.5323874755382       4.484027376172840E-069
   28.5910919765166       3.001111834104607E-069
   28.6497964774951       2.008612232351279E-069
   28.7085009784736       1.344342804186819E-069
   28.7672054794521       8.997543406038793E-070
   28.8259099804305       6.021960103409737E-070
   28.8846144814090       4.030433846322655E-070
   28.9433189823875       2.697526504079953E-070
   29.0020234833659       1.805425796799104E-070
   29.0607279843444       1.208352282009960E-070
   29.1194324853229       8.087373292775939E-071
   29.1781369863014       5.412792919452982E-071
   29.2368414872798       3.622724724359123E-071
   29.2955459882583       2.424651122109441E-071
   29.3542504892368       1.622793204050714E-071
   29.4129549902153       1.086118228978606E-071
   29.4716594911937       7.269273769266221E-072
   29.5303639921722       4.865247605083060E-072
   29.5890684931507       3.256258466295270E-072
   29.6477729941292       2.179379151560897E-072
   29.7064774951076       1.458635281788873E-072
   29.7651819960861       9.762490769248526E-073
   29.8238864970646       6.533931216166633E-073
   29.8825909980431       4.373090652906581E-073
   29.9412954990215       2.926863051275332E-073
   30.0000000000000       1.958918302827970E-073
