  2.000000000000000E-003  2.149132981803383E-002 -1.029412686005145E-002
  6.070450097847359E-002 -4.065061370107485E-003 -9.350406126320090E-003
  0.119409001956947       6.709589618773141E-003  6.148882779056699E-003
  0.178113502935421       1.574176799472726E-002 -1.235840582274881E-002
  0.236818003913894      -2.361698858697517E-004 -1.660820581873577E-002
  0.295522504892368       8.570074344725627E-003  2.087130930236757E-003
  0.354227005870842      -6.887585900459822E-003  2.533178806368363E-003
  0.412931506849315       2.201468736438036E-002  2.222366460340833E-002
  0.471636007827789       5.768378859471190E-003 -6.829120136964454E-003
  0.530340508806262      -3.974518790314761E-003  3.263352988455531E-002
  0.589045009784736       3.515717238482126E-003  1.218855416500858E-002
  0.647749510763209       1.424474364295129E-003 -1.156206499287080E-002
  0.706454011741683      -1.424064813408596E-002 -3.604794455042800E-003
  0.765158512720157       1.253803118674443E-002  8.383213503950283E-003
  0.823863013698630       4.446436333469748E-003  3.549085668210299E-002
  0.882567514677104       3.516911448450434E-002  4.355791004838604E-002
  0.941272015655577       5.047862806403197E-002  4.009895613021187E-002
  0.999976516634051       6.748093166584328E-002  3.470463362786096E-002
   1.05868101761252       4.080107646819261E-002  2.615808597626477E-002
   1.11738551859100      -3.711128650764815E-002 -2.922748026472972E-002
   1.17609001956947      -7.729879545327577E-002 -5.583988851293029E-002
   1.23479452054795      -9.831668548067952E-002 -0.105981361283529     
   1.29349902152642      -7.247187559226168E-002 -4.784410876179342E-002
   1.35220352250489      -9.869217251510638E-003  1.287646399083606E-002
   1.41090802348337      -3.386948546771431E-002  6.095716965851444E-002
   1.46961252446184      -4.673521788914543E-002  0.116830124016122     
   1.52831702544031      -0.105809503331501       8.491737451397244E-002
   1.58702152641879      -0.139571356903185       0.151960879717770     
   1.64572602739726      -0.122534785081582       0.202939486376109     
   1.70443052837573      -0.175524154676341       0.256293105459415     
   1.76313502935421      -0.290313244007909       0.301366890935487     
   1.82183953033268      -0.400605288907706       0.256222545250530     
   1.88054403131115      -0.418028240305877       0.133777200322544     
   1.93924853228963      -0.374783101419775      -1.287136521623878E-002
   1.99795303326810      -0.334060956670546      -0.173786183535105     
   2.05665753424658      -0.348966670193061      -0.352872585910805     
   2.11536203522505      -0.299241547678039      -0.478793622077821     
   2.17406653620352      -0.186073318866836      -0.505821453292175     
   2.23277103718200      -3.868327290626380E-002 -0.459706639570758     
   2.29147553816047       0.126270209023397      -0.349134975195359     
   2.35018003913894       0.175244699471714      -0.278990355046710     
   2.40888454011742       0.178359844433030      -0.147522410251930     
   2.46758904109589       0.188846756060760      -3.117636806590946E-002
   2.52629354207436       0.216874395655449       0.106902896751629     
   2.58499804305284       0.221425056039870       0.195569444319202     
   2.64370254403131       0.228780636033852       0.199514699901879     
   2.70240704500978       0.166722675336219       0.171938640554900     
   2.76111154598826       9.670953296951477E-002  0.117896451231689     
   2.81981604696673       9.135859065094764E-003  0.135813041442442     
   2.87852054794521      -2.579725696026509E-002  0.141190916162468     
   2.93722504892368      -0.109293232137205       0.127455739737307     
   2.99592954990215      -0.149955726464070       9.003319483555691E-002
   3.05463405088063      -0.193158288485427       9.453656043646599E-002
   3.11333855185910      -0.161749527390273       0.112246385848846     
   3.17204305283757      -0.109983776643611       7.870067374347485E-002
   3.23074755381605      -0.108463413245677      -2.226860430955144E-002
   3.28945205479452      -0.120415630544041      -8.519486044998024E-002
   3.34815655577299      -0.151747638692941      -0.148894329656285     
   3.40686105675147      -0.163468792426678      -9.575606812338455E-002
   3.46556555772994      -0.175743154840175      -2.811114992706134E-002
   3.52427005870842      -0.162120405960389       6.350661496909732E-002
   3.58297455968689      -0.125623168273882       7.181499272726469E-002
   3.64167906066536      -0.104166275159566       4.622302384726894E-002
   3.70038356164384      -6.799108481494336E-002  2.005925154241139E-003
   3.75908806262231      -6.786045235966853E-002 -6.653370274203133E-002
   3.81779256360078      -0.116163737666684       2.546257006017330E-004
   3.87649706457926      -7.831489311613739E-002  7.362025282723980E-002
   3.93520156555773      -3.470719189295807E-002  0.130441270897183     
   3.99390606653620       3.753514064134560E-003  0.114979825676248     
   4.05261056751468       2.375682756483532E-002  0.113188720805426     
   4.11131506849315       6.039862616813791E-002  6.446069183261166E-002
   4.17001956947162       0.101305800136904      -2.935803519134822E-002
   4.22872407045010       7.673907514762109E-002 -8.327953344893434E-002
   4.28742857142857       4.204396941060053E-002 -2.000179243097798E-002
   4.34613307240704      -9.189010693583055E-003  6.333735859898880E-002
   4.40483757338552      -4.678883471159607E-002  8.997745008167972E-002
   4.46354207436399      -0.177385829863709       6.308209704936242E-002
   4.52224657534247      -0.197842630964222       2.085072950988655E-002
   4.58095107632094      -0.165416450477835      -1.208338939853032E-002
   4.63965557729941      -9.433044259476203E-002 -1.730999746957240E-002
   4.69836007827789      -5.992409160575825E-002  7.208771964442931E-003
   4.75706457925636      -4.308851621268811E-002  3.464709727659875E-002
   4.81576908023483      -5.595171290548723E-002  9.007227282816003E-003
   4.87447358121331      -1.182050602120784E-002 -2.591450873659114E-002
   4.93317808219178      -1.157265598116461E-002 -8.250795470630223E-002
   4.99188258317025      -5.655758313890288E-002 -3.727018030279319E-002
   5.05058708414873      -4.948881879116040E-002  0.101697778810660     
   5.10929158512720      -3.148604984674178E-002  9.390948733554633E-002
   5.16799608610568      -6.890247603251060E-002  0.117229178904299     
   5.22670058708415      -8.713411828902442E-003  8.939660594299785E-002
   5.28540508806262       1.462340839749094E-002  1.791611160248982E-002
   5.34410958904110       1.028936265495618E-002 -3.810533616853506E-002
   5.40281409001957       1.564767361549402E-002 -0.140500973911249     
   5.46151859099804      -6.852616976721800E-003 -0.198614438581320     
   5.52022309197652       2.705193375308850E-002 -0.174512950787648     
   5.57892759295499       6.364318858086609E-002 -0.163860930980981     
   5.63763209393346       1.945830470597126E-002 -0.158963960762060     
   5.69633659491194      -3.473552067589356E-002 -0.115906309251822     
   5.75504109589041       1.195282452516582E-004 -0.131898508155615     
   5.81374559686888       5.212940062220439E-002 -0.162517977966123     
   5.87245009784736       3.785064814237722E-002 -8.488449586665139E-002
   5.93115459882583       8.517408733545465E-002 -6.476272943138928E-003
   5.98985909980431       3.598147787844161E-002 -2.926074748831931E-002
   6.04856360078278       8.267612315285933E-003 -1.235795694339745E-002
   6.10726810176125       1.788000539773436E-002 -6.060207062638207E-002
   6.16597260273973       6.423742987581112E-002 -5.337422995800842E-002
   6.22467710371820       0.123653701496127       2.810733214062457E-002
   6.28338160469667       0.170259619180977      -4.067375421848264E-003
   6.34208610567515       8.081509537459544E-002 -7.045494833798710E-003
   6.40079060665362       8.232425017436103E-003  2.510351452653267E-002
   6.45949510763209      -4.268576753783726E-002  1.081626232363318E-002
   6.51819960861057      -6.611660445729628E-002 -3.612994874666339E-002
   6.57690410958904      -8.825844605479784E-002 -3.207093265804870E-002
   6.63560861056752       5.622823303016566E-002  4.127053828560983E-002
   6.69431311154599       0.151213219538561       6.426263190362133E-002
   6.75301761252446       0.170187468044840       0.114298349939946     
   6.81172211350294       0.149670793941611       0.158229373827641     
   6.87042661448141       7.796364187360427E-002  0.120563104684947     
   6.92913111545988      -2.321278464367842E-002  0.142321719082160     
   6.98783561643836      -3.926270432724975E-002  0.128300717084817     
   7.04654011741683      -7.047985350847183E-002  9.307913168023083E-002
   7.10524461839530      -9.108461867762289E-002  3.791936532236841E-002
   7.16394911937378      -8.158740485306078E-002  2.544010386378336E-002
   7.22265362035225       4.031449982425785E-002  1.934033789936970E-002
   7.28135812133072       9.024715196721741E-002  2.981947012227586E-002
   7.34006262230920       0.106608583099898       7.771755420243182E-002
   7.39876712328767       7.799293023700557E-002  6.473207917872002E-003
   7.45747162426615      -1.265869859030379E-002 -5.698976636576697E-002
   7.51617612524462      -1.555305617460769E-002 -5.838659050914893E-002
   7.57488062622309       2.483153315624435E-002 -8.075769383987219E-002
   7.63358512720157      -3.241814406883037E-002 -5.281356318001484E-002
   7.69228962818004      -0.131240043387034       2.386701653119664E-002
   7.75099412915851      -0.111350662336884       0.139562358854533     
   7.80969863013699      -3.589687700650136E-002  0.135792831772060     
   7.86840313111546      -2.228217492553150E-002  0.119744692931887     
   7.92710763209393      -2.707827929616159E-003  8.843073425935143E-002
   7.98581213307241      -1.788523008292396E-002  1.927452054013743E-002
   8.04451663405088      -3.195333320297738E-003  3.071172716214292E-002
   8.10322113502936       3.025769404267028E-002  3.750672557800816E-002
   8.16192563600783      -3.879565766486411E-002  1.819012512334409E-002
   8.22063013698630      -0.162820564108948       4.403450420979337E-002
   8.27933463796478      -0.156694567747325       3.031770047483439E-002
   8.33803913894325      -0.113448464060959      -4.915310508080753E-002
   8.39674363992172      -0.155084623809365      -0.134304629493268     
   8.45544814090020      -0.205888411477687      -8.254586186960119E-002
   8.51415264187867      -0.140997450398677      -6.658451608024100E-002
   8.57285714285714      -8.654697987190796E-002 -3.678384560216975E-002
   8.63156164383562      -5.052352527281518E-002 -6.829074101468682E-002
   8.69026614481409      -2.483469646223619E-002 -6.822132981910808E-002
   8.74897064579256      -4.436803291905868E-002 -6.119496314899196E-002
   8.80767514677104      -4.850673770096517E-002 -8.457953543861526E-003
   8.86637964774951      -4.169481499508392E-002  6.391201302570748E-002
   8.92508414872799      -4.388944911425260E-002  3.334527860838041E-002
   8.98378864970646      -0.148165540303666       1.887558382156130E-002
   9.04249315068493      -0.153819098959542       9.038014016770712E-002
   9.10119765166341      -8.117547302385453E-002  0.133668519211719     
   9.15990215264188      -7.244392265099364E-002  7.121484103447075E-002
   9.21860665362035      -0.184572250246907       4.995620884255865E-002
   9.27731115459883      -0.185790168566766      -3.712943300564073E-003
   9.33601565557730      -7.722621729063196E-002 -3.760537298053196E-002
   9.39472015655577       6.763237601284935E-002 -6.895772585263475E-002
   9.45342465753425       0.212584541046726      -5.850011386792960E-002
   9.51212915851272       0.284893475735733      -0.103830163248429     
   9.57083365949119       0.248468783929580      -0.120690177629975     
   9.62953816046967       0.192954992195573      -5.682145716591053E-002
   9.68824266144814       0.184265730276339       2.726069987728813E-002
   9.74694716242662       9.765224936203086E-002  2.225520522812349E-002
   9.80565166340509       3.969587452151947E-002  6.697116250534998E-002
   9.86435616438356      -2.532264741775267E-002  6.712955090551488E-002
   9.92306066536204      -1.963260152333627E-002  7.284239024867190E-002
   9.98176516634051      -6.104310734172303E-002  6.141655564051399E-003
   10.0404696673190      -0.103097151437922      -1.936773564715506E-002
   10.0991741682975      -7.782229484209696E-002 -0.112611377574999     
   10.1578786692759      -8.770702223187467E-002 -0.159382829730978     
   10.2165831702544      -6.336133811716824E-002 -0.108204186636419     
   10.2752876712329      -2.285740763013255E-002 -2.454661218777308E-002
   10.3339921722114       2.266691044509770E-002  5.266030115236323E-002
   10.3926966731898       1.338397822314817E-002  9.554211960105513E-002
   10.4514011741683      -3.523108341316294E-002  0.127131636260782     
   10.5101056751468      -7.017080344590268E-002  7.479042000376758E-002
   10.5688101761252      -9.763427843764552E-002 -3.368882089281234E-002
   10.6275146771037      -8.944790110705643E-002 -7.136443219326255E-002
   10.6862191780822      -5.655673989403293E-002 -6.695356895565149E-002
   10.7449236790607       6.440606950170527E-004 -0.115936152078037     
   10.8036281800391      -5.955873678271067E-002 -0.175208412105736     
   10.8623326810176      -5.221055993510822E-002 -0.159105058985666     
   10.9210371819961       5.563528283753699E-003 -0.170361195895710     
   10.9797416829746       9.260080703243165E-002 -0.128101276789633     
   11.0384461839530       0.129451715346599      -0.113287411370914     
   11.0971506849315       0.134986340761581      -1.169697219771731E-002
   11.1558551859100       0.142898456284128       4.657756477701186E-002
   11.2145596868885       0.129832033179402       0.108194385557199     
   11.2732641878669       0.209261713434582      -1.122261234301433E-002
   11.3319686888454       0.192265331241355      -0.119550124714044     
   11.3906731898239       6.523089750093877E-002 -0.154673625178302     
   11.4493776908024       3.860027548295039E-002 -0.175234846642251     
   11.5080821917808       0.103778101171299      -0.204832941750627     
   11.5667866927593       0.119783819537015      -0.315662740250724     
   11.6254911937378       0.109052249195018      -0.291151547875264     
   11.6841956947162       0.146873584625444      -8.303905800405276E-002
   11.7429001956947       0.189290280596499       2.704536065167154E-002
   11.8016046966732       0.202702109048512       1.824076672178577E-002
   11.8603091976517       0.102292942324471       2.634187439895922E-002
   11.9190136986301      -5.263722496305596E-002  7.822393606038945E-003
   11.9777181996086      -0.132370001831306      -9.851179977282737E-002
   12.0364227005871      -8.478321191417355E-002 -0.125448889524587     
   12.0951272015656      -2.022202989104199E-002 -0.108859757228254     
   12.1538317025440       6.990709498146583E-002 -7.245788181517482E-002
   12.2125362035225       1.546285307641106E-002 -8.673147584486064E-002
   12.2712407045010      -1.215458675861983E-002 -4.686647381680645E-002
   12.3299452054795       7.332048284394455E-002 -2.830114963682712E-002
   12.3886497064579       6.460913384460101E-002 -5.197264825178190E-002
   12.4473542074364       3.726292201307693E-002 -9.244137319987683E-002
   12.5060587084149      -6.912417597802689E-002 -5.919497158823234E-002
   12.5647632093933      -9.878459951379240E-002 -5.037831447397660E-002
   12.6234677103718      -4.218101184186953E-002 -9.734995905932040E-002
   12.6821722113503      -7.873700674639897E-002 -9.446424942117773E-002
   12.7408767123288      -3.254250846242847E-002 -9.775812529890845E-002
   12.7995812133072       6.807020186634213E-002 -6.811108612094009E-002
   12.8582857142857       0.157732451096916      -7.890535762804649E-002
   12.9169902152642       0.217883018127530      -5.587645793515398E-002
   12.9756947162427       0.195535273917775      -1.971952633498385E-002
   13.0343992172211       9.768844970168265E-002  2.381782737518989E-002
   13.0931037181996       5.709625371978396E-002  7.782993329503517E-002
   13.1518082191781       7.831908882524188E-002  0.130984049810043     
   13.2105127201566       0.120720167196364       3.110858747805702E-002
   13.2692172211350       4.957972443032398E-002 -4.731784464549665E-002
   13.3279217221135      -8.661838936843705E-003 -3.895530352063692E-002
   13.3866262230920       3.395894505685945E-002  1.422193315868081E-002
   13.4453307240705       4.671189675987928E-002 -3.436875785480082E-002
   13.5040352250489       4.115600481535419E-002 -0.141704364940867     
   13.5627397260274      -1.313062467512543E-002 -0.160712372816826     
   13.6214442270059      -1.524090501261580E-003 -9.318673763306276E-002
   13.6801487279843      -3.635721387058088E-002 -1.989933226803348E-002
   13.7388532289628      -6.605784881473042E-002 -6.814180436736889E-003
   13.7975577299413      -5.992016666822557E-002 -7.331974004227632E-002
   13.8562622309198       4.714479523424834E-002 -2.928726201900474E-002
   13.9149667318982       0.194716724064890       0.100073647034328     
   13.9736712328767       0.207493470866468       0.137616275555952     
   14.0323757338552       0.121425897845382       7.450660659189665E-002
   14.0910802348337      -1.002523010141739E-002 -3.119537984945593E-002
   14.1497847358121       6.344919584633232E-003 -2.676149777919188E-002
   14.2084892367906       6.385932320141230E-002  1.925951895166807E-002
   14.2671937377691       7.915340838324186E-002  4.881458253407013E-002
   14.3258982387476      -3.824605232757432E-002  5.554924749551029E-002
   14.3846027397260      -9.892300016657471E-002  3.288562278716101E-002
   14.4433072407045      -9.249928421482720E-002  1.966868706249751E-002
   14.5020117416830       5.251052809135889E-004  5.927871826833665E-003
   14.5607162426614       9.811944949536852E-002 -4.009027614871725E-002
   14.6194207436399       3.222309330623254E-002 -2.134220170192279E-002
   14.6781252446184      -9.876089655499383E-002 -4.984064701989804E-002
   14.7368297455969      -0.122501593543737      -5.060783828622480E-002
   14.7955342465753      -5.368524762773960E-003 -6.729225377422501E-002
   14.8542387475538       0.167908783204206      -3.963782912372319E-002
   14.9129432485323       0.102424800051623       5.677922298146030E-002
   14.9716477495108       1.703539222517877E-002  7.192215773334037E-002
   15.0303522504892       3.327071532796988E-002  6.362561847582189E-002
   15.0890567514677       8.090472382191832E-003  7.614361005304651E-002
   15.1477612524462       7.393328686560854E-002  7.667868768123778E-002
   15.2064657534247       1.452021898720924E-002  6.081670746756151E-002
   15.2651702544031      -8.665078274632712E-002 -5.039000681572078E-003
   15.3238747553816      -0.129233589868227      -4.122245768424096E-002
   15.3825792563601      -0.188819069307299      -4.814656861333668E-002
   15.4412837573386      -7.482396571597877E-002 -7.117000540328658E-002
   15.4999882583170      -2.747728753666717E-002 -7.864837101317704E-002
   15.5586927592955       2.235804384276642E-002  5.252878417232832E-002
   15.6173972602740       7.568695085522401E-002  0.134972749757859     
   15.6761017612524       8.832334268294922E-002  9.787543351800840E-002
   15.7348062622309       0.138689197348771       0.148112986642510     
   15.7935107632094       0.125650825754006       0.123455798773185     
   15.8522152641879       1.050699647110279E-002  4.751334650024107E-002
   15.9109197651663      -1.670018839867335E-002  8.173805109538820E-002
   15.9696242661448       6.621815800129087E-002  7.048540367120401E-002
   16.0283287671233       0.111096552822246       6.723062943127930E-002
   16.0870332681018       7.657390607833013E-002  2.552991068942454E-002
   16.1457377690802       3.885701095441441E-002  4.104968017471831E-002
   16.2044422700587      -9.476696084088979E-003  7.868253368240864E-002
   16.2631467710372       9.059134004377539E-002 -7.129574517248265E-003
   16.3218512720157       0.100005541707925      -2.623333566411483E-002
   16.3805557729941       4.452449541443761E-002 -7.165169246397683E-002
   16.4392602739726      -2.281063482596087E-002 -3.568117126258361E-002
   16.4979647749511      -0.113974311788247       2.784776692910098E-002
   16.5566692759296      -0.134995214588925       2.677253939293098E-002
   16.6153737769080      -0.115155444583267       4.293112510220405E-002
   16.6740782778865      -7.677374595410880E-002  1.873044007177291E-002
   16.7327827788650      -0.100521216942935      -2.571974099946817E-002
   16.7914872798434      -0.126208526369334       1.122927843331711E-002
   16.8501917808219      -3.313161132811321E-002  7.093088119180604E-002
   16.9088962818004       8.347942967147397E-002  0.104309226772505     
   16.9676007827789       4.418318735725823E-002  8.262312455018864E-003
   17.0263052837573      -8.815723012001033E-003 -5.885283792447532E-002
   17.0850097847358      -7.938790823621483E-002 -2.789866670563772E-002
   17.1437142857143      -3.332660941232331E-002  4.344490655516731E-002
   17.2024187866928       6.544901552020714E-002  0.118006160251244     
   17.2611232876712       0.117431899604304       0.162850352409097     
   17.3198277886497       5.811809439077818E-002  0.181926340700847     
   17.3785322896282      -1.337273880710125E-002  9.029489116069012E-002
   17.4372367906067      -9.749049922330784E-003  9.331086606510998E-003
   17.4959412915851       2.749235835824630E-002  2.906904750854440E-002
   17.5546457925636      -5.997998539542544E-002 -1.711183986327145E-002
   17.6133502935421      -0.134683434047573      -7.209933749777135E-003
   17.6720547945205      -6.518170961180855E-002  3.156579858401901E-002
   17.7307592954990       2.199348544652076E-002  4.872042407233434E-002
   17.7894637964775       5.452649024122411E-002  9.038773447679516E-002
   17.8481682974560       4.763622878405103E-002  9.146756614030907E-002
   17.9068727984344      -3.014282250146769E-002  0.140896903274057     
   17.9655772994129      -6.919722052516816E-002  0.181128684436729     
   18.0242818003914      -5.180131917670103E-002  7.360079539507160E-002
   18.0829863013699       6.388503074984619E-003  3.954577769640710E-002
   18.1416908023483      -5.713568647152653E-002 -3.295795308167605E-002
   18.2003953033268      -0.102786210430987      -0.111597490312771     
   18.2590998043053      -0.130801863829156      -0.122362135239933     
   18.3178043052838      -6.002762228630663E-002 -9.390546661674723E-002
   18.3765088062622       2.018514192682245E-002 -5.084647390477402E-002
   18.4352133072407       6.397350381838601E-002 -3.257033496801103E-002
   18.4939178082192       0.115328468520099       7.749853439462186E-003
   18.5526223091977       5.947825875754478E-002 -1.949555435647945E-002
   18.6113268101761       3.568328187289780E-002 -3.156305918278986E-002
   18.6700313111546       0.103284183240641      -1.359826334756653E-002
   18.7287358121331       8.951848402089110E-002  4.993330061948575E-003
   18.7874403131115       1.504720203705583E-002  4.715898689660161E-002
   18.8461448140900      -5.413104415470467E-003  4.121793999891915E-002
   18.9048493150685       1.564829679371198E-002  1.726929083776873E-002
   18.9635538160470       4.017339698587777E-002  4.308566294029245E-002
   19.0222583170254       5.579667473095522E-002  1.957347010950220E-002
   19.0809628180039       9.356046608989971E-002 -1.982931101496154E-002
   19.1396673189824       0.138760929001294       2.179897925455329E-002
   19.1983718199609       0.127246448204845      -5.841471767950884E-003
   19.2570763209393       9.294297986402383E-002  1.610360815747072E-002
   19.3157808219178       4.477469117361181E-002  9.201944218006851E-002
   19.3744853228963       1.059587479178444E-002  0.102445922112617     
   19.4331898238748       5.696794879306598E-003  4.670163198602550E-002
   19.4918943248532       7.244439611356424E-002 -6.515449865122874E-002
   19.5505988258317       6.597670869466118E-002 -0.147463504829320     
   19.6093033268102      -4.927686692958755E-002 -0.160194001697892     
   19.6680078277886      -0.133304938353532      -0.166896434950223     
   19.7267123287671      -0.155511219750314      -0.122377048949140     
   19.7854168297456      -0.102177256226392      -3.599538665363874E-002
   19.8441213307241      -7.467347799159914E-002  0.114053067947237     
   19.9028258317025      -6.435486123468440E-002  0.168355242826645     
   19.9615303326810      -3.362213644583728E-002  0.123956622609976     
   20.0202348336595       4.051842576878344E-002  6.966881546193822E-002
   20.0789393346380       4.004392760453189E-002  8.278235361384820E-003
   20.1376438356164      -1.242332897984343E-002 -9.354521925093069E-003
   20.1963483365949      -4.350821558614865E-002 -3.553887726139515E-002
   20.2550528375734       2.829353815784485E-003 -0.102266054016563     
   20.3137573385519      -8.632332043908902E-005 -0.106793576325297     
   20.3724618395303      -1.980984900794942E-002 -6.469352757291973E-002
   20.4311663405088      -0.101974643029252      -2.968070671450560E-002
   20.4898708414873      -0.169146854532400      -5.004383681068762E-002
   20.5485753424658      -0.176806076924514      -3.992300093651868E-002
   20.6072798434442      -0.160896644558364      -5.831790104548575E-003
   20.6659843444227      -0.132042839419266       3.184482560105361E-002
   20.7246888454012      -9.604531534279287E-002  6.023876419885187E-002
   20.7833933463796      -2.631988310307771E-003  9.711829583039562E-002
   20.8420978473581       1.984416425016459E-002  8.751485355860665E-002
   20.9008023483366       3.546800227953728E-004 -2.724045054643311E-002
   20.9595068493151      -4.055399906121446E-002 -9.484642447105204E-002
   21.0182113502935      -6.949509524653961E-002 -9.216432416198098E-002
   21.0769158512720      -4.185994305109401E-002 -2.200876148728326E-002
   21.1356203522505      -6.715677669591708E-002  9.781499160325288E-002
   21.1943248532290      -8.539005937297427E-002  0.119432888645870     
   21.2530293542074      -0.147289710783529       7.767187034161090E-002
   21.3117338551859      -9.479783259968169E-002  3.757065710432734E-005
   21.3704383561644      -2.495648110082341E-002 -1.804293867570151E-002
   21.4291428571429      -1.718093853667283E-002 -6.496773385708268E-002
   21.4878473581213      -1.472774784799962E-003 -0.109976932991868     
   21.5465518590998       2.316397284104690E-002 -0.125986805643712     
   21.6052563600783       6.839299617283025E-002 -0.113802045296937     
   21.6639608610568       5.024573912413142E-002 -6.576397177849624E-002
   21.7226653620352       9.106688169959903E-002 -9.687156720370790E-002
   21.7813698630137       0.198760626811128      -5.963326593924835E-002
   21.8400743639922       0.199504792819979      -3.233053016146281E-004
   21.8987788649706       0.117765592274294       9.160405689767220E-002
   21.9574833659491      -2.284498723385886E-002  0.122060302203617     
   22.0161878669276      -6.480473956055047E-002  1.117190704353867E-002
   22.0748923679061       5.514308787435791E-002 -0.109126761881816     
   22.1335968688845       0.126219676498300      -0.126175954476357     
   22.1923013698630       4.874240419927278E-002 -7.208480605596804E-002
   22.2510058708415      -9.819490281229154E-002 -1.642154346911245E-002
   22.3097103718200      -0.191023247333958       2.604303153494485E-003
   22.3684148727984      -0.194163475077123       5.828458666223928E-002
   22.4271193737769      -0.157738296702453       9.672584876700210E-002
   22.4858238747554      -6.738609541457036E-002  7.174040414411237E-002
   22.5445283757339       5.079454561093750E-002  2.540531074301525E-002
   22.6032328767123       0.153899802193737       5.681655414805954E-003
   22.6619373776908       0.198522695281376      -1.276929718863591E-002
   22.7206418786693       0.146361961085232       1.303933305964900E-002
   22.7793463796478       0.111419347482097       1.167459424761330E-002
   22.8380508806262       0.113671630050225       7.163600675555742E-002
   22.8967553816047       6.091489611821787E-002  0.150253203719192     
   22.9554598825832      -8.387332794967320E-002  0.211878919176089     
   23.0141643835616      -0.104141360283608       0.182993421937865     
   23.0728688845401      -1.137585848319281E-002  0.166932245313562     
   23.1315733855186       4.723373135634829E-002  0.156417260484781     
   23.1902778864971       3.037593914902774E-002  9.688439993635355E-002
   23.2489823874755      -2.481138102931178E-003 -2.947879110652604E-002
   23.3076868884540       5.638260022990675E-002 -6.538360099505364E-002
   23.3663913894325       0.103331617587446      -6.303319446918215E-002
   23.4250958904110       0.120721701877689      -5.142924688461630E-002
   23.4838003913894       0.120987881512453      -3.578857388170361E-002
   23.5425048923679       6.846982910629507E-002 -3.741881911039154E-002
   23.6012093933464      -8.202255993458168E-003  2.986575917330663E-002
   23.6599138943249      -0.103261162707441       1.483549564455777E-002
   23.7186183953033      -0.119978234213580      -2.631091243243480E-002
   23.7773228962818      -8.464641418097082E-002 -1.974358875125345E-002
   23.8360273972603      -4.789439038221602E-002  3.539916232440299E-002
   23.8947318982387      -6.449267192380026E-002  1.543373653163490E-002
   23.9534363992172      -2.523684365221383E-002  8.432696136051885E-003
   24.0121409001957      -4.440342930999902E-003  2.861943594273333E-002
   24.0708454011742      -3.476464804744930E-002  5.294402536914716E-002
   24.1295499021526      -6.269520671158646E-002  6.792827032877277E-002
   24.1882544031311      -9.907639055935885E-002  1.156442158644537E-002
   24.2469589041096      -4.325088866221963E-002 -5.864524026232055E-002
   24.3056634050881      -5.455375524243468E-002 -5.333614813236459E-002
   24.3643679060665      -0.106900867561526      -6.386163076964693E-002
   24.4230724070450      -0.146125769647489      -0.143093046384679     
   24.4817769080235      -0.133462895550036      -0.223426190128920     
   24.5404814090020      -0.142905659666104      -0.186434853810592     
   24.5991859099804      -0.106957963007414      -0.142300576647891     
   24.6578904109589      -4.532045961708504E-002 -9.603295070941598E-002
   24.7165949119374       1.902665305283522E-002  2.291768744098845E-002
   24.7752994129159       3.365201420860233E-002  9.569049853829067E-002
   24.8340039138943       6.760814401200692E-002  4.963615912065851E-002
   24.8927084148728       7.617807888039588E-002  1.808376294230046E-002
   24.9514129158513       6.310697506503241E-002  2.221666820113120E-002
   25.0101174168297       0.120464133529127       2.935445707822441E-002
   25.0688219178082       0.144527723962337       5.863513149893205E-002
   25.1275264187867       0.173564162388440       6.084901496507232E-002
   25.1862309197652       0.127364934914736       3.070064664956931E-002
   25.2449354207436       5.102485229996259E-002 -7.693214599033445E-002
   25.3036399217221      -1.458232115476044E-002 -0.168424796706001     
   25.3623444227006      -1.756260566820655E-002 -0.120206662684606     
   25.4210489236791      -6.544067103806836E-002 -4.455341995328563E-002
   25.4797534246575      -9.522212189647776E-002 -7.870776617913702E-003
   25.5384579256360      -0.128993970672014      -2.673225312095907E-002
   25.5971624266145      -4.707054245710467E-002 -2.520795387503873E-002
   25.6558669275930      -2.006774166273428E-002  9.234998221931943E-002
   25.7145714285714      -3.316931808233600E-002  0.166576510983067     
   25.7732759295499      -6.393633521041561E-002  0.212514361901010     
   25.8319804305284      -5.404426358205840E-002  0.163399432231023     
   25.8906849315069      -2.673526919314644E-002  9.420552404441018E-002
   25.9493894324853      -4.292244134445310E-002  1.607039259771255E-002
   26.0080939334638      -3.567449873450887E-002 -9.091820001337919E-002
   26.0667984344423       1.136226698531871E-002 -0.176641002520380     
   26.1255029354207       2.906821281674907E-002 -0.206138953384098     
   26.1842074363992       1.652150835230145E-002 -0.132433939697502     
   26.2429119373777      -1.591685426875841E-002 -2.215996576472623E-002
   26.3016164383562       1.915617031972057E-002  8.887051565188650E-002
   26.3603209393346       4.278145987948884E-002  0.190943675500789     
   26.4190254403131       1.891915374217179E-002  0.173656359063131     
   26.4777299412916       7.690473994175410E-002  7.554422419428292E-002
   26.5364344422701       4.138670691506897E-002  2.861544439748271E-002
   26.5951389432485       2.563805104864507E-002 -6.965728347455526E-002
   26.6538434442270      -3.027458322139436E-002 -0.136714198797007     
   26.7125479452055      -4.586414777551288E-002 -0.192548154410790     
   26.7712524461840      -6.310739573900012E-002 -0.153830674970773     
   26.8299569471624      -2.801327512261778E-002 -8.688702350344867E-002
   26.8886614481409       1.618532401151271E-002 -4.697682614391920E-002
   26.9473659491194       7.587690791254996E-002 -2.807207593675902E-002
   27.0060704500978       0.174320687974160      -1.098631330520287E-002
   27.0647749510763       0.174453908548404       1.101037032412808E-003
   27.1234794520548       0.164940443601845       2.386640320275702E-004
   27.1821839530333       0.151959923189874      -1.635611762303064E-002
   27.2408884540117       0.134313112572450       2.074540122551112E-002
   27.2995929549902       8.142928712454683E-002  6.573534313293809E-002
   27.3582974559687      -5.109055559611289E-003 -1.584565005159235E-002
   27.4170019569472      -3.527560384748551E-002 -7.999014784620059E-002
   27.4757064579256      -3.370642952164678E-002 -0.114703966472371     
   27.5344109589041      -3.255817099308927E-002 -7.254996489961331E-002
   27.5931154598826      -5.843196649791847E-002 -9.050370214441193E-002
   27.6518199608611       2.104350293828021E-002 -7.062395487193923E-002
   27.7105244618395       6.706556564676537E-002 -1.649991774832357E-002
   27.7692289628180       7.953290682961273E-003 -3.631507995267258E-002
   27.8279334637965       1.593607981514153E-002 -0.121246762861529     
   27.8866379647750       5.681828555245183E-002 -0.106752373567209     
   27.9453424657534       8.469302372083520E-002 -7.687566690750013E-002
   28.0040469667319       5.096268055180124E-002 -2.191146530031924E-002
   28.0627514677104       4.445641480775644E-002 -5.044885602589194E-002
   28.1214559686888       5.755029644260989E-002 -6.122309252526593E-002
   28.1801604696673       1.179307580253338E-002 -0.109886914082349     
   28.2388649706458      -2.392851286045883E-003 -0.164267867001550     
   28.2975694716243      -3.584687550381497E-002 -0.160259010652445     
   28.3562739726027      -7.698914585750849E-002 -0.180433085478606     
   28.4149784735812      -0.140179339614541      -0.157947126562406     
   28.4736829745597      -0.146403236922421      -0.102833734560998     
   28.5323874755382      -7.312426084268051E-002 -0.111105783172147     
   28.5910919765166       1.240605442463864E-002 -0.103372490076722     
   28.6497964774951       4.273313645825011E-002 -0.105890899860397     
   28.7085009784736       0.102009946989373      -8.875936177017743E-002
   28.7672054794521       2.903436179972534E-002 -7.222477505204652E-002
   28.8259099804305      -2.169722947272209E-002 -7.058342560037717E-002
   28.8846144814090      -1.608206150658336E-002 -2.893006834549230E-002
   28.9433189823875       3.446416604075735E-002 -2.309199637677360E-002
   29.0020234833659       4.252499456181680E-002 -3.064971871424701E-002
   29.0607279843444       4.299430467714020E-002  1.783722971116179E-002
   29.1194324853229       3.249903709105537E-003  5.397983000705665E-002
   29.1781369863014      -7.029010614248493E-002  1.521803661518216E-002
   29.2368414872798      -9.118485794938522E-002 -1.231678985465085E-002
   29.2955459882583      -4.731194843242441E-002 -2.375088595033557E-002
   29.3542504892368       4.058167664400211E-002 -4.110946002249587E-002
   29.4129549902153       0.117744518336955      -1.975563779953957E-002
   29.4716594911937       0.149459616192069       2.417015105997573E-002
   29.5303639921722       0.116361622934749       1.581348006968600E-002
   29.5890684931507       2.225839123881267E-002  2.049428090004704E-004
   29.6477729941292      -8.552164825789491E-002  5.579968595099648E-003
   29.7064774951076      -0.128006605246023      -4.364048112461280E-002
   29.7651819960861      -0.131674365908314      -2.252864313369155E-002
   29.8238864970646      -7.680524902783414E-002 -1.917897797274854E-002
   29.8825909980431       1.172771872847436E-002 -2.587317777263122E-002
   29.9412954990215       5.526834352408359E-002 -2.771793821969689E-002
   30.0000000000000       3.651668547688126E-002 -2.545636992550793E-002
  2.000000000000000E-003  8.486500793934783E-003 -2.449472924286634E-002
  6.070450097847359E-002 -6.402588846247624E-003  9.341810436889310E-004
  0.119409001956947       1.262965498167954E-002 -1.995980167697940E-003
  0.178113502935421       3.659714083347807E-003 -2.005323119472799E-002
  0.236818003913894      -5.502909435071657E-003 -8.995843430332657E-003
  0.295522504892368       7.018139688691145E-003 -8.664471602492917E-003
  0.354227005870842      -3.778006837319292E-003  1.578116152846895E-002
  0.412931506849315       2.997984486820490E-002  2.258951437355564E-003
  0.471636007827789      -4.732893605815262E-003  1.211031169160258E-003
  0.530340508806262       1.120873712573710E-002  2.889863494904738E-002
  0.589045009784736       5.671756488467412E-003  1.228192723602493E-002
  0.647749510763209      -6.513242659143295E-003 -1.377308505615402E-002
  0.706454011741683      -1.038360204158494E-002  4.543228550437635E-003
  0.765158512720157       6.607154588312489E-003  1.513163387837544E-003
  0.823863013698630       1.293567833517428E-002  4.113853510767096E-002
  0.882567514677104       3.523380695262054E-002  3.910977556335982E-002
  0.941272015655577       5.361519522856156E-002  3.993619715924909E-002
  0.999976516634051       6.617103059479440E-002  3.006021927933462E-002
   1.05868101761252       4.771325051346780E-002  1.656685303896515E-002
   1.11738551859100      -4.158811514244653E-002 -2.054756487559783E-002
   1.17609001956947      -6.966629608657980E-002 -6.046429224547601E-002
   1.23479452054795      -0.111777325033861      -0.100587508974026     
   1.29349902152642      -6.660590005739175E-002 -4.598119580772192E-002
   1.35220352250489      -1.166776514567160E-002 -2.251338352198104E-003
   1.41090802348337      -3.758200013690673E-002  6.672704056148608E-002
   1.46961252446184      -4.005901369740313E-002  0.101495655736038     
   1.52831702544031      -0.127276474059327       8.661788782062019E-002
   1.58702152641879      -0.142680092185645       0.147184328464117     
   1.64572602739726      -0.138369398707485       0.185449721877641     
   1.70443052837573      -0.192214240116534       0.236748896506112     
   1.76313502935421      -0.300257819747641       0.279856714765567     
   1.82183953033268      -0.408288751478966       0.239011438052347     
   1.88054403131115      -0.425623142591140       0.110418896053388     
   1.93924853228963      -0.370667920029366      -3.992676794714209E-002
   1.99795303326810      -0.318925623495881      -0.207541251414428     
   2.05665753424658      -0.327060791625556      -0.368855482902791     
   2.11536203522505      -0.276124234239689      -0.491814094128347     
   2.17406653620352      -0.156652149586233      -0.517156659582005     
   2.23277103718200      -1.297524102549750E-002 -0.454530218665686     
   2.29147553816047       0.157925590922031      -0.359496818751154     
   2.35018003913894       0.185525360265112      -0.266425746519668     
   2.40888454011742       0.192463225326778      -0.136757138799458     
   2.46758904109589       0.187533519964268      -1.264503407910975E-002
   2.52629354207436       0.214124757393216       0.116515148260873     
   2.58499804305284       0.222279204045982       0.212804444956317     
   2.64370254403131       0.216028523184229       0.204898056633793     
   2.70240704500978       0.164270839899776       0.181682908211250     
   2.76111154598826       7.506481585216157E-002  0.121448331360101     
   2.81981604696673       8.296358086362565E-003  0.143596894569840     
   2.87852054794521      -3.712553248104173E-002  0.128845743196194     
   2.93722504892368      -0.109820437587905       0.125250114029622     
   2.99592954990215      -0.165613465058627       7.693163370127966E-002
   3.05463405088063      -0.197666980106442       9.112504385504412E-002
   3.11333855185910      -0.164305393483416       0.104135124198937     
   3.17204305283757      -0.105148951751989       6.283135284057191E-002
   3.23074755381605      -0.114326392112127      -2.532549834178161E-002
   3.28945205479452      -0.113141091312159      -9.929099888896069E-002
   3.34815655577299      -0.161255203268515      -0.148547207879155     
   3.40686105675147      -0.156506952545014      -0.108446355730746     
   3.46556555772994      -0.178856333734430      -2.938651852846272E-002
   3.52427005870842      -0.150548117741089       5.900045152205681E-002
   3.58297455968689      -0.125863126475560       6.752672161396830E-002
   3.64167906066536      -0.104622731560563       4.892322813904952E-002
   3.70038356164384      -6.283993965676773E-002 -5.119713595657695E-003
   3.75908806262231      -8.901273552128121E-002 -7.244608230159720E-002
   3.81779256360078      -0.111137946230628       5.150725744564820E-003
   3.87649706457926      -8.188492548114115E-002  7.107718713097790E-002
   3.93520156555773      -2.582385180492954E-002  0.125625623555035     
   3.99390606653620      -4.383412950464292E-003  0.116335772383008     
   4.05261056751468       2.667714618233334E-002  0.115640442076402     
   4.11131506849315       6.476651977282707E-002  6.905130783611890E-002
   4.17001956947162       9.589412947020404E-002 -3.735070600332180E-002
   4.22872407045010       6.688458418767559E-002 -7.964862188664906E-002
   4.28742857142857       4.001191678308745E-002 -2.450778875839300E-002
   4.34613307240704       2.312234382791939E-003  6.845656081615056E-002
   4.40483757338552      -4.654572826544871E-002  7.224258405195105E-002
   4.46354207436399      -0.168755966966269       7.681717587975419E-002
   4.52224657534247      -0.201088576966148       1.763814388904202E-002
   4.58095107632094      -0.164823421213732      -1.034942474589677E-002
   4.63965557729941      -9.995045407445775E-002 -2.717014263899984E-002
   4.69836007827789      -5.835570037602990E-002  5.115037798527211E-003
   4.75706457925636      -3.900920410784515E-002  2.358595786128384E-002
   4.81576908023483      -5.261284075572110E-002  1.846908115157236E-002
   4.87447358121331      -5.082222889180530E-003 -3.558216436439693E-002
   4.93317808219178      -1.995602123144055E-002 -9.072926503508572E-002
   4.99188258317025      -6.802842152751794E-002 -2.788201306745775E-002
   5.05058708414873      -2.398581874318307E-002  9.389189953173682E-002
   5.10929158512720      -4.594218577844086E-002  8.531849894834247E-002
   5.16799608610568      -5.541555521301418E-002  0.128501126860649     
   5.22670058708415      -5.664966720015062E-003  8.080996223998411E-002
   5.28540508806262       1.186506049599995E-002  1.846592027274133E-002
   5.34410958904110       1.929431027931303E-002 -3.698692864979088E-002
   5.40281409001957       8.098785243071931E-003 -0.146034765515012     
   5.46151859099804      -1.521318372036717E-002 -0.192117185416070     
   5.52022309197652       3.340142510111144E-002 -0.178093603031410     
   5.57892759295499       6.555989565975442E-002 -0.176598325747387     
   5.63763209393346       1.387168005471007E-002 -0.156770207815058     
   5.69633659491194      -2.870801444601946E-002 -0.105540698004684     
   5.75504109589041      -1.128007940711523E-003 -0.128556094837755     
   5.81374559686888       2.863768622092328E-002 -0.174014100840429     
   5.87245009784736       4.167437027028142E-002 -7.484253965130727E-002
   5.93115459882583       9.566100327508451E-002 -2.910824719690776E-002
   5.98985909980431       3.424135240062613E-002 -1.993024912527386E-002
   6.04856360078278       1.962799727491685E-002 -1.390629090934157E-002
   6.10726810176125       1.051236289389695E-002 -5.479417627574849E-002
   6.16597260273973       4.564949928605845E-002 -5.138545850432658E-002
   6.22467710371820       0.142218220486965       2.383861573177687E-002
   6.28338160469667       0.159327535882020      -2.142524151152945E-002
   6.34208610567515       8.638123080867742E-002  4.186892114148161E-004
   6.40079060665362       1.821970457786957E-002  2.786076628512958E-002
   6.45949510763209      -3.115764017487338E-002  1.800314323138093E-002
   6.51819960861057      -7.639640232211808E-002 -3.903987109834797E-002
   6.57690410958904      -9.285504983033306E-002 -6.701504512450926E-003
   6.63560861056752       5.729339241409422E-002  2.400472510556417E-002
   6.69431311154599       0.144195784675203       5.219809225266493E-002
   6.75301761252446       0.167245301898163       0.106138471209863     
   6.81172211350294       0.164221026631925       0.145557498474834     
   6.87042661448141       6.625709134539595E-002  0.118288466216236     
   6.92913111545988      -1.077630728458082E-002  0.153162326663439     
   6.98783561643836      -4.309141136317973E-002  0.127467132575652     
   7.04654011741683      -6.726056999273750E-002  9.738799676226439E-002
   7.10524461839530      -0.104588261414587       4.024227860373997E-002
   7.16394911937378      -8.027768926486914E-002  3.879247804589687E-002
   7.22265362035225       3.098207257380000E-002  4.866538816575047E-003
   7.28135812133072       8.064755490062692E-002  3.234984365959376E-002
   7.34006262230920       0.120932179704614       7.282455289126920E-002
   7.39876712328767       6.995588123909716E-002  1.175595127251183E-003
   7.45747162426615      -2.376343937642983E-002 -4.298766203450090E-002
   7.51617612524462      -1.359083055164331E-002 -5.564999683826873E-002
   7.57488062622309       1.334007699767324E-002 -9.214497665601624E-002
   7.63358512720157      -3.743101864789365E-002 -6.276415760967721E-002
   7.69228962818004      -0.141493500065361       4.301127536496899E-002
   7.75099412915851      -0.100242245730359       0.146580055255783     
   7.80969863013699      -4.644743131929671E-002  0.135057185892564     
   7.86840313111546      -2.332674489037245E-002  0.126757470381473     
   7.92710763209393      -1.517436929340885E-003  8.116889915477313E-002
   7.98581213307241      -2.763070311174667E-002  2.874801175979586E-002
   8.04451663405088       2.097669095088146E-003  3.456626439001040E-002
   8.10322113502936       3.697660093206529E-002  2.755625954215979E-002
   8.16192563600783      -4.789872389805778E-002  1.923235858829358E-002
   8.22063013698630      -0.157459591319222       6.735704956930978E-002
   8.27933463796478      -0.153692826427472       4.527660241211137E-002
   8.33803913894325      -0.112278084276484      -5.448986639704784E-002
   8.39674363992172      -0.172077698309691      -0.125319174285883     
   8.45544814090020      -0.188134772565380      -6.891022371057114E-002
   8.51415264187867      -0.146307055199174      -6.468273321900889E-002
   8.57285714285714      -7.339585423419843E-002 -3.938249865910071E-002
   8.63156164383562      -5.610046423782045E-002 -6.517315390007525E-002
   8.69026614481409      -2.713688212270169E-002 -7.884945001646031E-002
   8.74897064579256      -5.036836707634998E-002 -6.146068398515328E-002
   8.80767514677104      -5.265370518944953E-002 -1.152821082189917E-002
   8.86637964774951      -2.010390644429422E-002  5.609334064580500E-002
   8.92508414872799      -4.729203776441303E-002  1.193461095848777E-002
   8.98378864970646      -0.151544171822376       2.768619815822528E-002
   9.04249315068493      -0.152543397983695       9.476888614175197E-002
   9.10119765166341      -6.839261591222787E-002  0.119410007569144     
   9.15990215264188      -8.570487901018901E-002  5.637034735256718E-002
   9.21860665362035      -0.170465809203325       6.015420736421399E-002
   9.27731115459883      -0.187428329948499       1.120654403519318E-002
   9.33601565557730      -7.562550604104271E-002 -3.306058991973680E-002
   9.39472015655577       5.797554616579341E-002 -6.015474295223363E-002
   9.45342465753425       0.223397443891381      -6.814556733513578E-002
   9.51212915851272       0.283401561053290      -0.114975735207271     
   9.57083365949119       0.239604580739408      -0.123175786534305     
   9.62953816046967       0.190287870139714      -4.283869213368628E-002
   9.68824266144814       0.188970548309840       1.232295280948440E-002
   9.74694716242662       8.762486256415283E-002  3.778829447947495E-002
   9.80565166340509       4.221506028674928E-002  6.245301173524512E-002
   9.86435616438356      -2.473574759818283E-002  9.003228019285969E-002
   9.92306066536204      -3.648944869474924E-003  6.663741061857725E-002
   9.98176516634051      -6.021662170827646E-002  2.036987351106793E-002
   10.0404696673190      -7.522393147032430E-002 -3.906217247798618E-003
   10.0991741682975      -7.730095406297544E-002 -0.109025765084606     
   10.1578786692759      -9.004857469872854E-002 -0.150789934484691     
   10.2165831702544      -6.717689977136300E-002 -0.110057292956401     
   10.2752876712329      -2.154416917813579E-002 -2.841321046562399E-002
   10.3339921722114       2.584016258697828E-002  3.904034501948167E-002
   10.3926966731898       1.181617588442402E-002  8.679360408413525E-002
   10.4514011741683      -2.256517573012250E-002  0.125481692074158     
   10.5101056751468      -6.020692537500281E-002  7.223799580050617E-002
   10.5688101761252      -0.102113635874599      -2.733225789028118E-002
   10.6275146771037      -9.383905143811848E-002 -7.504774519456781E-002
   10.6862191780822      -4.287102376089925E-002 -6.124567461036434E-002
   10.7449236790607       2.322061240029379E-003 -0.130247736710436     
   10.8036281800391      -6.419879459702935E-002 -0.149325996846468     
   10.8623326810176      -5.241268764188738E-002 -0.151342504300676     
   10.9210371819961      -1.302102756898810E-002 -0.153958447987611     
   10.9797416829746       8.837672425365363E-002 -0.139397992102354     
   11.0384461839530       0.105397082484298      -0.114743672807598     
   11.0971506849315       0.138409549247920      -2.520699945422231E-002
   11.1558551859100       0.125574716957676       3.825182889781592E-002
   11.2145596868885       0.158414810505876       0.111849677411162     
   11.2732641878669       0.205339474260654      -1.992227853205634E-002
   11.3319686888454       0.191949637574686      -0.134915680554247     
   11.3906731898239       8.083447391275407E-002 -0.145317043678492     
   11.4493776908024       5.103978484897357E-002 -0.162955669958016     
   11.5080821917808       0.123306428126847      -0.212314629281836     
   11.5667866927593       0.105016575682155      -0.315242719682712     
   11.6254911937378       8.827585743025136E-002 -0.283653182265738     
   11.6841956947162       0.154712460853684      -9.014220502720757E-002
   11.7429001956947       0.200085036994652       2.713478831666197E-002
   11.8016046966732       0.195975034641850       1.824142369267111E-002
   11.8603091976517       0.111744941206792       3.664278470625541E-002
   11.9190136986301      -3.252406207124259E-002  2.607630228117248E-002
   11.9777181996086      -0.140508828285439      -6.747819629565169E-002
   12.0364227005871      -9.903137142520768E-002 -0.124828347638656     
   12.0951272015656      -2.648071363801918E-002 -0.104560312456073     
   12.1538317025440       7.238592214263335E-002 -0.105581344551946     
   12.2125362035225       5.896503714008211E-003 -8.826313023945022E-002
   12.2712407045010      -7.431718913908890E-003 -3.831576128034069E-002
   12.3299452054795       6.661202438537275E-002 -4.566744036846985E-002
   12.3886497064579       7.023699692917122E-002 -5.486379201645350E-002
   12.4473542074364       2.479907148046391E-002 -0.104159101189671     
   12.5060587084149      -6.224876043021397E-002 -5.257186102149539E-002
   12.5647632093933      -8.640170543285430E-002 -4.078681328337506E-002
   12.6234677103718      -5.536484396771606E-002 -0.108707130900398     
   12.6821722113503      -6.903194983264979E-002 -8.563147235068357E-002
   12.7408767123288      -3.836395146231245E-002 -9.371742290294002E-002
   12.7995812133072       7.701119751116661E-002 -7.354728909077579E-002
   12.8582857142857       0.153170173833706      -7.910585646858448E-002
   12.9169902152642       0.225135904677061      -6.795577950369520E-002
   12.9756947162427       0.203927757339382      -3.460953517200439E-002
   13.0343992172211       0.110514006627847       2.165479081308147E-002
   13.0931037181996       5.603111846221631E-002  8.069743454507174E-002
   13.1518082191781       9.946742814867929E-002  0.128677022114749     
   13.2105127201566       0.108744035563659       1.708578995106729E-002
   13.2692172211350       3.805546984832590E-002 -5.179974195988401E-002
   13.3279217221135      -2.205568806170508E-002 -3.160794498614732E-002
   13.3866262230920       3.088266164989496E-002 -2.408796390506035E-004
   13.4453307240705       4.654641952625149E-002 -3.125088153950315E-002
   13.5040352250489       2.177278362554344E-002 -0.143288011287477     
   13.5627397260274      -2.098510482664022E-002 -0.146911797121269     
   13.6214442270059      -5.908870703216842E-003 -0.107595798619340     
   13.6801487279843      -2.304124809953260E-002 -1.810588005259893E-002
   13.7388532289628      -5.041751941205762E-002 -9.515917077745767E-004
   13.7975577299413      -7.320908820669590E-002 -5.892611954872201E-002
   13.8562622309198       3.387720884524106E-002 -2.718057160737455E-002
   13.9149667318982       0.203070306789236       7.134835065604242E-002
   13.9736712328767       0.233328373277806       0.126378823256821     
   14.0323757338552       0.142408388770222       6.977748849392901E-002
   14.0910802348337      -9.856874697584735E-003 -1.516155892655933E-003
   14.1497847358121      -2.228410013823838E-003 -2.362323160510604E-002
   14.2084892367906       6.047249244954913E-002  1.519655658244201E-002
   14.2671937377691       7.419644605593302E-002  2.842951925175776E-002
   14.3258982387476      -2.649111093662793E-002  6.636355921013395E-002
   14.3846027397260      -0.102023043731865       3.846466606733877E-002
   14.4433072407045      -0.101352313883878       3.836697453725523E-002
   14.5020117416830      -3.114669464612113E-003  1.311654876060286E-002
   14.5607162426614       8.199774558534316E-002 -5.224686470830361E-002
   14.6194207436399       4.876421684257440E-002 -3.219707676338107E-002
   14.6781252446184      -9.407490415740366E-002 -2.775833819404486E-002
   14.7368297455969      -0.125832067659338      -2.538039897746559E-002
   14.7955342465753      -2.398565915832877E-002 -5.223671777082266E-002
   14.8542387475538       0.139755657569088      -7.157688763617805E-002
   14.9129432485323       0.116345159507877       5.455375686443029E-002
   14.9716477495108       2.622346558190388E-002  8.877303981425759E-002
   15.0303522504892       2.241487703246613E-002  6.001915856762941E-002
   15.0890567514677       1.460789685801104E-002  9.534367626766846E-002
   15.1477612524462       7.688895375600940E-002  6.442077605924995E-002
   15.2064657534247       3.246045819905290E-002  6.239845083003098E-002
   15.2651702544031      -7.182090698502544E-002  1.518545063717458E-002
   15.3238747553816      -0.130133036545299      -3.658147362651739E-002
   15.3825792563601      -0.177497950206631      -1.009657546316191E-002
   15.4412837573386      -8.897029425636514E-002 -8.064969620398209E-002
   15.4999882583170      -5.464900967155833E-002 -6.785458988455742E-002
   15.5586927592955       2.365228455943345E-002  4.903295725402033E-002
   15.6173972602740       8.770554632402658E-002  0.123151995702372     
   15.6761017612524       7.017959309268709E-002  0.115838795842889     
   15.7348062622309       0.154237901567562       0.148680694666817     
   15.7935107632094       0.135981595064931       0.111465008506052     
   15.8522152641879       7.007785998143227E-003  6.831697807349868E-002
   15.9109197651663      -4.766086508321379E-003  9.191179995229469E-002
   15.9696242661448       5.663866053228021E-002  6.401639972326174E-002
   16.0283287671233       0.119176949201526       4.655057988411514E-002
   16.0870332681018       7.885003991216076E-002  1.288433283696341E-002
   16.1457377690802       3.036919146185343E-002  2.119972959338974E-002
   16.2044422700587       1.558265521961225E-002  8.069226657085379E-002
   16.2631467710372       6.773400070646027E-002 -2.734794924959009E-002
   16.3218512720157       0.108670506788501      -4.351088380068861E-002
   16.3805557729941       3.641224864325983E-002 -7.970718853424834E-002
   16.4392602739726      -1.716745452065277E-002 -5.235424089905077E-002
   16.4979647749511      -9.350058950571945E-002  2.897454257169704E-002
   16.5566692759296      -0.143155705832281       3.319954827058962E-002
   16.6153737769080      -0.111409789638350       4.927003407552119E-002
   16.6740782778865      -7.341737880072338E-002  1.166210518087780E-002
   16.7327827788650      -0.111703716861425      -2.173932492504856E-002
   16.7914872798434      -0.131378236957486       1.968551628078069E-002
   16.8501917808219      -2.957359145607316E-002  7.324605677110813E-002
   16.9088962818004       0.105087553433709       8.242572372846529E-002
   16.9676007827789       6.637569958874349E-002  2.448340769834889E-002
   17.0263052837573       3.507819146516596E-003 -5.852206561910990E-002
   17.0850097847358      -5.796811835485387E-002 -1.197768113877036E-002
   17.1437142857143      -2.916554701844531E-002  4.419916340021482E-002
   17.2024187866928       7.225400547162691E-002  0.111245278797838     
   17.2611232876712       0.124919266721786       0.151164536449303     
   17.3198277886497       8.658129370678659E-002  0.187708666194008     
   17.3785322896282      -1.212560490985631E-002  0.112906212888874     
   17.4372367906067      -2.177533806647526E-002  3.238383506529396E-002
   17.4959412915851       4.220432660123109E-002  1.330643339313250E-002
   17.5546457925636      -6.527968957177671E-002 -8.693861696228572E-003
   17.6133502935421      -0.135439781608516       1.509507386675231E-002
   17.6720547945205      -7.220988776160456E-002  3.475207436869436E-002
   17.7307592954990      -2.310789626994653E-003  4.598796872111243E-002
   17.7894637964775       5.181573699298693E-002  9.126869944453003E-002
   17.8481682974560       3.062882484584056E-002  8.412438158498101E-002
   17.9068727984344      -3.565958333133344E-002  0.156239556360284     
   17.9655772994129      -6.349489421334806E-002  0.190939550847158     
   18.0242818003914      -7.586986884645237E-002  0.101331330069005     
   18.0829863013699       3.797962317707321E-003  3.320333989512467E-002
   18.1416908023483      -4.691802523030546E-002 -1.672583927336682E-002
   18.2003953033268      -0.110993238883882      -0.102725148984310     
   18.2590998043053      -0.132052684435179      -0.103439160394182     
   18.3178043052838      -7.194598603461369E-002 -9.183524021564550E-002
   18.3765088062622       8.160429597693487E-003 -5.844868191897683E-002
   18.4352133072407       5.326250108593004E-002 -2.115697987079098E-002
   18.4939178082192       0.123998103702243      -7.007176147580964E-004
   18.5526223091977       5.440199610951499E-002 -3.466463866967742E-003
   18.6113268101761       3.460839816789019E-002 -9.871869280670839E-003
   18.6700313111546       0.107067606372143      -1.943731333282625E-002
   18.7287358121331       9.341699425050091E-002  6.316899093802016E-003
   18.7874403131115       2.981953438069008E-002  5.907109415290203E-002
   18.8461448140900       6.947356550172697E-004  4.784832917006314E-002
   18.9048493150685       5.666656049668241E-003  2.524484981022649E-002
   18.9635538160470       3.860265203121874E-002  4.302871638161211E-002
   19.0222583170254       4.774744527215481E-002  1.749396558224738E-002
   19.0809628180039       6.971225367918717E-002 -1.788931136322943E-002
   19.1396673189824       0.137891769102766       5.092258971805264E-003
   19.1983718199609       0.108534008621968      -1.482869570358120E-002
   19.2570763209393       7.921657273486109E-002 -2.450016491939332E-003
   19.3157808219178       5.388103716317277E-002  8.056659275439418E-002
   19.3744853228963       7.821367318389682E-003  0.110904311814376     
   19.4331898238748       2.511019183417826E-003  6.901201977525662E-002
   19.4918943248532       6.384395764365629E-002 -6.181184471994985E-002
   19.5505988258317       6.550602014698018E-002 -0.149209690775885     
   19.6093033268102      -3.067382052032207E-002 -0.152938942693671     
   19.6680078277886      -0.129665138216827      -0.171098910066486     
   19.7267123287671      -0.150996909867518      -0.132819609960531     
   19.7854168297456      -0.111131724237082      -6.266530657250957E-002
   19.8441213307241      -5.798352492777303E-002  8.709119591704627E-002
   19.9028258317025      -4.855744376189713E-002  0.162439531306401     
   19.9615303326810      -2.766929179700692E-002  0.142412465401601     
   20.0202348336595       4.248135467108113E-002  7.029797098256656E-002
   20.0789393346380       4.138282945004530E-002  1.109529104443591E-002
   20.1376438356164      -5.142144194585870E-003  5.640053601447953E-004
   20.1963483365949      -3.615442291755973E-002 -1.485078342373567E-002
   20.2550528375734      -2.247198010612960E-002 -0.102064380193739     
   20.3137573385519      -1.373729723611470E-002 -0.106478794062672     
   20.3724618395303      -2.631177021262467E-002 -7.346125296122599E-002
   20.4311663405088      -9.353006925433585E-002 -2.721620941698904E-002
   20.4898708414873      -0.178330615444802      -3.698705909868783E-002
   20.5485753424658      -0.189063693952920      -3.862515954488661E-002
   20.6072798434442      -0.168855778382265      -7.099786210833042E-003
   20.6659843444227      -0.141791206547943       2.447391794040293E-002
   20.7246888454012      -0.108854918430886       6.901690119565047E-002
   20.7833933463796      -1.343030268711429E-002  9.095618465214941E-002
   20.8420978473581       3.335096122917392E-002  8.746652458976091E-002
   20.9008023483366       1.907259312680043E-003 -1.177873120517800E-002
   20.9595068493151      -4.145797577300328E-002 -8.913532249057737E-002
   21.0182113502935      -6.949487466287257E-002 -9.567733892857101E-002
   21.0769158512720      -5.214852028213299E-002 -5.833330052628671E-002
   21.1356203522505      -3.892629379668376E-002  6.935986860334514E-002
   21.1943248532290      -7.345804771004374E-002  9.136199710915424E-002
   21.2530293542074      -0.134613839946915       7.941102811477291E-002
   21.3117338551859      -0.106464777236893      -3.852199980574196E-003
   21.3704383561644      -2.296198673114686E-002 -3.363598272245007E-002
   21.4291428571429      -2.191303799149164E-002 -6.414118169357644E-002
   21.4878473581213      -1.101125491912764E-002 -0.107828421662276     
   21.5465518590998       1.307542699596283E-002 -0.125338826858578     
   21.6052563600783       4.978608739805863E-002 -0.133170640590464     
   21.6639608610568       5.404062502919042E-002 -7.907558620283717E-002
   21.7226653620352       6.701647590126568E-002 -9.864839235736078E-002
   21.7813698630137       0.181054640142759      -9.444036552239897E-002
   21.8400743639922       0.190606487346273      -2.910437135140159E-002
   21.8987788649706       0.136030664171165       7.051054266313039E-002
   21.9574833659491       1.239561886699293E-002  0.138870474497435     
   22.0161878669276      -6.003864168423470E-002  5.219282824552612E-002
   22.0748923679061       2.845592264640422E-002 -0.100314109853566     
   22.1335968688845       0.115161417957609      -0.144940296238205     
   22.1923013698630       6.137277896663117E-002 -8.314656333146238E-002
   22.2510058708415      -7.890855493904841E-002 -7.741926097898706E-003
   22.3097103718200      -0.198120227145718       2.835506473275910E-002
   22.3684148727984      -0.207823816412786       7.406001601772978E-002
   22.4271193737769      -0.171023149998534       0.121248042345639     
   22.4858238747554      -9.186241006107843E-002  0.100148096914155     
   22.5445283757339       1.517081117444556E-002  4.895030864692970E-002
   22.6032328767123       0.140122707436154       1.061765114586506E-002
   22.6619373776908       0.189470356057735      -1.611208987367335E-002
   22.7206418786693       0.157699228578216       1.658600754505132E-002
   22.7793463796478       0.100519690560847       9.125869871904170E-003
   22.8380508806262       0.118083044918173       4.408056569654725E-002
   22.8967553816047       6.757793945608831E-002  0.117617092677574     
   22.9554598825832      -5.925671973632866E-002  0.208786563043943     
   23.0141643835616      -0.105254634943665       0.183266273252072     
   23.0728688845401      -1.392203224649650E-002  0.148124549168775     
   23.1315733855186       5.307310406581722E-002  0.138668307791877     
   23.1902778864971       3.981819206073477E-002  8.910787532095965E-002
   23.2489823874755      -2.464106132095771E-002 -9.242239581810710E-004
   23.3076868884540       3.133777003248883E-002 -5.104498184259817E-002
   23.3663913894325       8.048437304848313E-002 -5.216612891538762E-002
   23.4250958904110       0.116765003354594      -4.290388764837794E-002
   23.4838003913894       0.130542445109468      -4.676392863373258E-002
   23.5425048923679       6.937074687436896E-002 -5.493505896900689E-002
   23.6012093933464       1.497588105725893E-002  8.404981813098233E-005
   23.6599138943249      -9.659632766177184E-002  1.354562586328440E-002
   23.7186183953033      -0.136637555866357      -3.938720040242038E-002
   23.7773228962818      -0.107388122415373      -3.503901018576419E-002
   23.8360273972603      -5.150368104356109E-002  3.445381994373324E-003
   23.8947318982387      -7.359500346660744E-002  7.500330822503690E-003
   23.9534363992172      -3.932059190307561E-002 -1.151681187150306E-002
   24.0121409001957      -1.173175746867656E-002  8.451976134889511E-003
   24.0708454011742      -2.672478495343906E-002  4.503377709311047E-002
   24.1295499021526      -4.118177462668795E-002  6.784577156212830E-002
   24.1882544031311      -7.460009488854789E-002  3.613237167026620E-002
   24.2469589041096      -3.497032950178104E-002 -6.282817688667006E-002
   24.3056634050881      -2.161071772721120E-002 -5.429455396962864E-002
   24.3643679060665      -7.569626347630870E-002 -5.384632086876630E-002
   24.4230724070450      -0.122244593659966      -0.117920842993207     
   24.4817769080235      -0.143868895867079      -0.211749375671014     
   24.5404814090020      -0.133972235150145      -0.171697826853357     
   24.5991859099804      -0.107987112493809      -0.136981672583504     
   24.6578904109589      -5.046729182557265E-002 -9.826412596641151E-002
   24.7165949119374       2.527624368416937E-002  1.230561033205979E-002
   24.7752994129159       4.533754742215479E-002  9.745412321817921E-002
   24.8340039138943       5.108373997195131E-002  4.862118243303969E-002
   24.8927084148728       4.238391745750313E-002  1.573680162191961E-002
   24.9514129158513       3.517964365133468E-002  2.517091368690788E-002
   25.0101174168297       8.546949389124031E-002  1.154443880124795E-002
   25.0688219178082       0.127380112631744       4.146708125467057E-002
   25.1275264187867       0.158095294129858       3.928419175889136E-002
   25.1862309197652       0.133200750432987       3.154897504349986E-002
   25.2449354207436       4.529212939049358E-002 -6.561461465163097E-002
   25.3036399217221      -3.519921670819564E-002 -0.150559284171165     
   25.3623444227006      -3.106883928625496E-002 -0.142912457920583     
   25.4210489236791      -6.070259735478422E-002 -6.358652911590362E-002
   25.4797534246575      -0.102549234941488      -2.659444892018146E-002
   25.5384579256360      -0.153101235854966      -1.363029846666199E-002
   25.5971624266145      -0.108414497735031      -4.275663353268104E-002
   25.6558669275930      -4.684426116158378E-002  6.217596791168212E-002
   25.7145714285714      -7.027994183630520E-002  0.143527283557149     
   25.7732759295499      -7.661680838310128E-002  0.194707288050451     
   25.8319804305284      -7.752607565571384E-002  0.149119194793025     
   25.8906849315069      -4.280470257181290E-002  7.693025560762755E-002
   25.9493894324853      -4.161348143252943E-002  2.428663990882253E-002
   26.0080939334638      -3.168473636720271E-002 -7.678609944127940E-002
   26.0667984344423       1.414436032425000E-002 -0.175851301586742     
   26.1255029354207       2.852378629619354E-002 -0.211475490729817     
   26.1842074363992       2.253944614047179E-002 -0.144347610453403     
   26.2429119373777       5.264686986657455E-004 -2.581618351987036E-002
   26.3016164383562       4.419928065266638E-002  8.480226429600755E-002
   26.3603209393346       7.913873657201842E-002  0.185176804653702     
   26.4190254403131       6.264969751362837E-002  0.190984753344639     
   26.4777299412916       8.068470531364126E-002  7.502991595773421E-002
   26.5364344422701       7.011514639886833E-002  3.865070335975143E-002
   26.5951389432485       2.033917223892370E-002 -6.968951879405824E-002
   26.6538434442270      -2.533019419552206E-002 -0.120564014219637     
   26.7125479452055      -7.018551840123960E-002 -0.176359657231821     
   26.7712524461840      -7.596493377531155E-002 -0.129905308023309     
   26.8299569471624      -4.803607789816810E-002 -6.707961392841567E-002
   26.8886614481409      -1.001663173648926E-002 -3.158927644824693E-002
   26.9473659491194       4.268732307386065E-002 -8.990478389247658E-003
   27.0060704500978       0.139054589659615      -2.042280974828480E-002
   27.0647749510763       0.164764440642818       1.573424950848226E-002
   27.1234794520548       0.165964782602019       1.866413775970329E-002
   27.1821839530333       0.151313674008303       1.031130929980469E-002
   27.2408884540117       0.141032370713113       3.883436355550595E-002
   27.2995929549902       0.113263583862866       6.371484833931118E-002
   27.3582974559687       3.073579003094275E-003  7.912885778194340E-003
   27.4170019569472      -3.320654420125119E-002 -7.164802996022797E-002
   27.4757064579256      -3.785034077788958E-002 -9.601500722934084E-002
   27.5344109589041      -2.208499869180591E-002 -6.402368440691977E-002
   27.5931154598826      -7.004258159285434E-002 -4.803839928403832E-002
   27.6518199608611      -2.114823434571051E-003 -6.578906184975752E-002
   27.7105244618395       4.676603681999845E-002 -4.093093560205797E-002
   27.7692289628180       2.819155305158964E-003 -4.794096806752415E-002
   27.8279334637965      -2.309249475376968E-002 -0.122253308037660     
   27.8866379647750       3.983959600701504E-002 -0.115154241067137     
   27.9453424657534       6.547975172115050E-002 -8.018989965437975E-002
   28.0040469667319       6.550849417394937E-002 -1.450729844509832E-002
   28.0627514677104       3.938760520064900E-002 -3.521777424833895E-002
   28.1214559686888       5.633294157733640E-002 -8.173470038377931E-002
   28.1801604696673       1.601027278085314E-002 -0.120536623376303     
   28.2388649706458      -1.665469514996988E-002 -0.189268961384762     
   28.2975694716243      -3.774859852872788E-002 -0.177918494299353     
   28.3562739726027      -9.377177819036596E-002 -0.194438299537182     
   28.4149784735812      -0.142584790139147      -0.148314759592096     
   28.4736829745597      -0.136265525233003      -9.393851386124397E-002
   28.5323874755382      -6.900167723058290E-002 -0.103002159556812     
   28.5910919765166       1.410587000012003E-002 -0.104945948063451     
   28.6497964774951       4.938704160211985E-002 -7.298209526095285E-002
   28.7085009784736       9.734197884059320E-002 -7.977230578489435E-002
   28.7672054794521       4.429148359889008E-002 -2.976503949715408E-002
   28.8259099804305      -2.181162831365678E-002 -3.897292265094007E-002
   28.8846144814090      -4.585777748537054E-004 -1.889304120909212E-002
   28.9433189823875       3.633040891450849E-002 -4.614677365446433E-002
   29.0020234833659       4.490261080271513E-002 -6.216349902692429E-002
   29.0607279843444       5.355156462160961E-002 -2.352800063639143E-002
   29.1194324853229       2.513563844765911E-002  1.480484084944793E-002
   29.1781369863014      -5.844671143853186E-002 -8.893937039952185E-004
   29.2368414872798      -8.197832824559539E-002 -1.583372025290698E-002
   29.2955459882583      -3.968704358142700E-002 -1.705553720048630E-002
   29.3542504892368       4.314523485338351E-002 -2.384590060740581E-002
   29.4129549902153       0.123232112304013       6.067272066286950E-003
   29.4716594911937       0.166675363352377       3.984433760228546E-002
   29.5303639921722       0.130350535400592       2.657651365314001E-002
   29.5890684931507       3.092229862778032E-002  1.223823092609141E-002
   29.6477729941292      -6.316810901896744E-002  2.286200818800245E-002
   29.7064774951076      -0.130565464591817      -2.306541789720120E-002
   29.7651819960861      -0.123003332310598       4.738233692272616E-004
   29.8238864970646      -8.363426254749906E-002 -8.109430584373918E-004
   29.8825909980431      -4.625614806106309E-003 -3.697406219058884E-002
   29.9412954990215       3.203625332423724E-002 -4.569538017070548E-002
   30.0000000000000       1.873702040849328E-002 -3.089329488529300E-002
