  2.000000000000000E-003  4.444312591403642E-012
  6.070450097847359E-002  5.047758087812423E-011
  0.119409001956947       4.962124961545564E-010
  0.178113502935421       4.243784402856832E-009
  0.236818003913894       3.172976548657019E-008
  0.295522504892368       2.083481199288802E-007
  0.354227005870842       1.206620375447767E-006
  0.412931506849315       6.187620497731847E-006
  0.471636007827789       2.819817290814156E-005
  0.530340508806262       1.145737217323149E-004
  0.589045009784736       4.162706651857458E-004
  0.647749510763209       1.355728063382950E-003
  0.706454011741683       3.965952212323544E-003
  0.765158512720157       1.043582516707014E-002
  0.823863013698630       2.471913659890741E-002
  0.882567514677104       5.269839207347032E-002
  0.941272015655577       0.100975235994001     
  0.999976516634051       0.173343530819381     
   1.05868101761252       0.265027339168254     
   1.11738551859100       0.357038329432347     
   1.17609001956947       0.415463365265361     
   1.23479452054795       0.400684568853744     
   1.29349902152642       0.287152616581414     
   1.35220352250489       8.597981762840817E-002
   1.41090802348337      -0.144579316081238     
   1.46961252446184      -0.314384739582533     
   1.52831702544031      -0.342773530960670     
   1.58702152641879      -0.207047220521273     
   1.64572602739726       3.258494468540316E-002
   1.70443052837573       0.254203916634905     
   1.76313502935421       0.337072324205896     
   1.82183953033268       0.232171584958238     
   1.88054403131115      -4.034984059203560E-003
   1.93924853228963      -0.237699550366467     
   1.99795303326810      -0.334146792484151     
   2.05665753424658      -0.237353333994549     
   2.11536203522505      -3.416475990059836E-003
   2.17406653620352       0.232641135172701     
   2.23277103718200       0.336083223276067     
   2.29147553816047       0.249620726907436     
   2.35018003913894       2.360126185811385E-002
   2.40888454011742      -0.215780775431029     
   2.46758904109589      -0.338685976354601     
   2.52629354207436      -0.281614315291241     
   2.58499804305284      -7.749856827564919E-002
   2.64370254403131       0.166636880549847     
   2.70240704500978       0.328087955887842     
   2.76111154598826       0.329917784035582     
   2.81981604696673       0.174861684417190     
   2.87852054794521      -6.155522475955644E-002
   2.93722504892368      -0.270778802278911     
   2.99592954990215      -0.361848093216327     
   3.05463405088063      -0.299158325928988     
   3.11333855185910      -0.112811544137116     
   3.17204305283757       0.119117919293339     
   3.23074755381605       0.305400324180566     
   3.28945205479452       0.377515222017734     
   3.34815655577299       0.312801212821046     
   3.40686105675147       0.138250696450801     
   3.46556555772994      -8.349717147948865E-002
   3.52427005870842      -0.278424206553204     
   3.58297455968689      -0.385992480282331     
   3.64167906066536      -0.376512531580253     
   3.70038356164384      -0.256836757672175     
   3.75908806262231      -6.458324450159507E-002
   3.81779256360078       0.145532971028311     
   3.87649706457926       0.318116060467623     
   3.93520156555773       0.411364918082354     
   3.99390606653620       0.405874079175752     
   4.05261056751468       0.306718627828597     
   4.11131506849315       0.139512724571309     
   4.17001956947162      -5.756058069835274E-002
   4.22872407045010      -0.243233766099255     
   4.28742857142857      -0.381832649947359     
   4.34613307240704      -0.449497983210247     
   4.40483757338552      -0.437169869287849     
   4.46354207436399      -0.350375399640820     
   4.52224657534247      -0.206471028178527     
   4.58095107632094      -3.032269641755087E-002
   4.63965557729941       0.150531456845574     
   4.69836007827789       0.310336697539366     
   4.75706457925636       0.428565055922530     
   4.81576908023483       0.492024302733812     
   4.87447358121331       0.495593245731291     
   4.93317808219178       0.441760278728785     
   4.99188258317025       0.339274811218267     
   5.05058708414873       0.201272810822453     
   5.10929158512720       4.322328774139052E-002
   5.16799608610568      -0.119016823455246     
   5.22670058708415      -0.270834711406761     
   5.28540508806262      -0.400063733266888     
   5.34410958904110      -0.497717758939148     
   5.40281409001957      -0.558282760858665     
   5.46151859099804      -0.579633385966267     
   5.52022309197652      -0.562665606062975     
   5.57892759295499      -0.510743309256051     
   5.63763209393346      -0.429050932613730     
   5.69633659491194      -0.323930288113338     
   5.75504109589041      -0.202261568568308     
   5.81374559686888      -7.092935417823477E-002
   5.87245009784736       6.360340683153541E-002
   5.93115459882583       0.195605555621952     
   5.98985909980431       0.320275765453811     
   6.04856360078278       0.433840294075976     
   6.10726810176125       0.533567081792502     
   6.16597260273973       0.617714905020095     
   6.22467710371820       0.685436259939760     
   6.28338160469667       0.736651138016433     
   6.34208610567515       0.771906434205288     
   6.40079060665362       0.792232871691228     
   6.45949510763209       0.799008395736313     
   6.51819960861057       0.793834237616334     
   6.57690410958904       0.778427436406105     
   6.63560861056752       0.754531612265346     
   6.69431311154599       0.723846231415361     
   6.75301761252446       0.687973470235757     
   6.81172211350294       0.648381027808087     
   6.87042661448141       0.606378793034321     
   6.92913111545988       0.563107080012444     
   6.98783561643836       0.519534141592942     
   7.04654011741683       0.476460800075283     
   7.10524461839530       0.434530248289314     
   7.16394911937378       0.394241335416945     
   7.22265362035225       0.355963930326667     
   7.28135812133072       0.319955229483639     
   7.34006262230920       0.286376132161761     
   7.39876712328767       0.255307033882713     
   7.45747162426615       0.226762585312219     
   7.51617612524462       0.200705127097257     
   7.57488062622309       0.177056642456388     
   7.63358512720157       0.155709171342823     
   7.69228962818004       0.136533706131332     
   7.75099412915851       0.119387642842928     
   7.80969863013699       0.104120897744160     
   7.86840313111546       9.058082036082375E-002
   7.92710763209393       7.861604380103135E-002
   7.98581213307241       6.807941464147843E-002
   8.04451663405088       5.883013990136581E-002
   8.10322113502936       5.073527978608562E-002
   8.16192563600783       4.367070350202119E-002
   8.22063013698630       3.752161274306866E-002
   8.27933463796478       3.218272434084327E-002
   8.33803913894325       2.755819071000977E-002
   8.39674363992172       2.356132455561365E-002
   8.45544814090020       2.011418312360486E-002
   8.51415264187867       1.714705722483504E-002
   8.57285714285714       1.459790140773849E-002
   8.63156164383562       1.241173398847902E-002
   8.69026614481409       1.054002911553380E-002
   8.74897064579256       8.940117564525299E-003
   8.80767514677104       7.574608427558964E-003
   8.86637964774951       6.410840170896022E-003
   8.92508414872799       5.420366576443374E-003
   8.98378864970646       4.578480751420839E-003
   9.04249315068493       3.863778589036026E-003
   9.10119765166341       3.257761702441510E-003
   9.15990215264188       2.744478855854982E-003
   9.21860665362035       2.310204211645032E-003
   9.27731115459883       1.943150241202692E-003
   9.33601565557730       1.633212860312538E-003
   9.39472015655577       1.371746204483903E-003
   9.45342465753425       1.151364421586751E-003
   9.51212915851272       9.657678998406658E-004
   9.57083365949119       8.095914459338890E-004
   9.62953816046967       6.782720626998234E-004
   9.68824266144814       5.679341341921072E-004
   9.74694716242662       4.752899972862117E-004
   9.80565166340509       3.975540548879746E-004
   9.86435616438356       3.323687604091838E-004
   9.92306066536204       2.777409720785138E-004
   9.98176516634051       2.319873359641451E-004
   10.0404696673190       1.936875064330996E-004
   10.0991741682975       1.616441511198297E-004
   10.1578786692759       1.348488138962424E-004
   10.2165831702544       1.124528238511707E-004
   10.2752876712329       9.374254124464368E-005
   10.3339921722114       7.811832336508535E-005
   10.3926966731898       6.507667488941348E-005
   10.4514011741683       5.419511950993711E-005
   10.5101056751468       4.511939306515266E-005
   10.5688101761252       3.755261401235534E-005
   10.6275146771037       3.124613560468168E-005
   10.6862191780822       2.599182634177251E-005
   10.7449236790607       2.161556186155358E-005
   10.8036281800391       1.797174308641339E-005
   10.8623326810176       1.493868272951176E-005
   10.9210371819961       1.241472574859580E-005
   10.9797416829746       1.031498949284288E-005
   11.0384461839530       8.568626557688636E-006
   11.0971506849315       7.116528128986454E-006
   11.1558551859100       5.909398201458034E-006
   11.2145596868885       4.906139796084808E-006
   11.2732641878669       4.072503438255267E-006
   11.3319686888454       3.379955920894018E-006
   11.3906731898239       2.804733962261822E-006
   11.4493776908024       2.327052947896074E-006
   11.5080821917808       1.930445668109922E-006
   11.5667866927593       1.601209953915130E-006
   11.6254911937378       1.327947484561511E-006
   11.6841956947162       1.101178882861057E-006
   11.7429001956947       9.130226103049654E-007
   11.8016046966732       7.569271911817360E-007
   11.8603091976517       6.274479918490337E-007
   11.9190136986301       5.200612076879524E-007
   11.9777181996086       4.310089082945400E-007
   12.0364227005871       3.571699969633250E-007
   12.0951272015656       2.959527838475463E-007
   12.1538317025440       2.452055790320107E-007
   12.2125362035225       2.031423038446065E-007
   12.2712407045010       1.682806144001443E-007
   12.3299452054795       1.393904460845211E-007
   12.3886497064579       1.154512344838285E-007
   12.4473542074364       9.561635811754437E-008
   12.5060587084149       7.918359047939174E-008
   12.5647632093933       6.557055108380389E-008
   12.6234677103718       5.429431397714529E-008
   12.6821722113503       4.495447297027479E-008
   12.7408767123288       3.721908026944225E-008
   12.7995812133072       3.081297307009253E-008
   12.8582857142857       2.550808425260801E-008
   12.9169902152642       2.111540127548232E-008
   12.9756947162427       1.747829395462227E-008
   13.0343992172211       1.446697893269668E-008
   13.0931037181996       1.197392785524268E-008
   13.1518082191781       9.910058896717135E-009
   13.2105127201566       8.201578418657086E-009
   13.2692172211350       6.787362110665155E-009
   13.3279217221135       5.616783728071937E-009
   13.3866262230920       4.647915135785174E-009
   13.4453307240705       3.846034327783403E-009
   13.5040352250489       3.182388859045959E-009
   13.5627397260274       2.633171070531681E-009
   13.6214442270059       2.178668915468564E-009
   13.6801487279843       1.802562362551997E-009
   13.7388532289628       1.491340471587091E-009
   13.7975577299413       1.233818486793050E-009
   13.8562622309198       1.020737819749832E-009
   13.9149667318982       8.444347203216199E-010
   13.9736712328767       6.985658616852175E-010
   14.0323757338552       5.778810794706774E-010
   14.0910802348337       4.780351753226684E-010
   14.1497847358121       3.954320803463481E-010
   14.2084892367906       3.270958224433000E-010
   14.2671937377691       2.705636937741070E-010
   14.3258982387476       2.237978039662240E-010
   14.3846027397260       1.851118589960575E-010
   14.4433072407045       1.531105479671656E-010
   14.5020117416830       1.266393694132929E-010
   14.5607162426614       1.047431011493657E-010
   14.6194207436399       8.663142624371344E-011
   14.6781252446184       7.165048331346718E-011
   14.7368297455969       5.925932111100261E-011
   14.7955342465753       4.901041278441560E-011
   14.8542387475538       4.053353048763311E-011
   14.9129432485323       3.352240134960012E-011
   14.9716477495108       2.772366546723998E-011
   15.0303522504892       2.292773911141413E-011
   15.0890567514677       1.896125466912012E-011
   15.1477612524462       1.568080542522477E-011
   15.2064657534247       1.296777013205287E-011
   15.2651702544031       1.072403109788269E-011
   15.3238747553816       8.868431631601975E-012
   15.3825792563601       7.333845258429939E-012
   15.4412837573386       6.064751121569396E-012
   15.4999882583170       5.015228194487857E-012
   15.5586927592955       4.147296000485896E-012
   15.6173972602740       3.429542010449980E-012
   15.6761017612524       2.835986213483951E-012
   15.7348062622309       2.345141898840220E-012
   15.7935107632094       1.939238757868839E-012
   15.8522152641879       1.603580265457807E-012
   15.9109197651663       1.326012141829501E-012
   15.9696242661448       1.096482701581933E-012
   16.0283287671233       9.066792115489706E-013
   16.0870332681018       7.497271216215843E-013
   16.1457377690802       6.199413018003424E-013
   16.2044422700587       5.126202961114621E-013
   16.2631467710372       4.238761572104295E-013
   16.3218512720157       3.504937104579407E-013
   16.3805557729941       2.898141592799033E-013
   16.4392602739726       2.396388230245589E-013
   16.4979647749511       1.981495260088645E-013
   16.5566692759296       1.638427582338893E-013
   16.6153737769080       1.354752260518941E-013
   16.6740782778865       1.120188228442976E-013
   16.7327827788650       9.262339038030601E-014
   16.7914872798434       7.658592326396453E-014
   16.8501917808219       6.332510191472095E-014
   16.9088962818004       5.236023227793157E-014
   16.9676007827789       4.329382988891176E-014
   17.0263052837573       3.579721777630631E-014
   17.0850097847358       2.959861675196237E-014
   17.1437142857143       2.447329683648480E-014
   17.2024187866928       2.023543317231101E-014
   17.2611232876712       1.673137147642885E-014
   17.3198277886497       1.383405911349545E-014
   17.3785322896282       1.143844007236981E-014
   17.4372367906067       9.457647031180318E-015
   17.4959412915851       7.819852560508334E-015
   17.5546457925636       6.465665385206708E-015
   17.6133502935421       5.345977366498636E-015
   17.6720547945205       4.420183191601190E-015
   17.7307592954990       3.654708259018746E-015
   17.7894637964775       3.021791412479049E-015
   17.8481682974560       2.498478409367736E-015
   17.9068727984344       2.065789644700546E-015
   17.9655772994129       1.708031965565086E-015
   18.0242818003914       1.412229632190423E-015
   18.0829863013699       1.167653799414591E-015
   18.1416908023483       9.654334626837858E-016
   18.2003953033268       7.982337651322564E-016
   18.2590998043053       6.599900037004698E-016
   18.3178043052838       5.456876910792094E-016
   18.3765088062622       4.511806996556246E-016
   18.4352133072407       3.730408940585324E-016
   18.4939178082192       3.084338003690734E-016
   18.5526223091977       2.550158039365861E-016
   18.6113268101761       2.108491482188702E-016
   18.6700313111546       1.743316524336607E-016
   18.7287358121331       1.441385994504627E-016
   18.7874403131115       1.191746866095319E-016
   18.8461448140900       9.853429701905449E-017
   18.9048493150685       8.146865057765586E-017
   18.9635538160470       6.735864343187506E-017
   19.0222583170254       5.569239085016589E-017
   19.0809628180039       4.604665905316520E-017
   19.1396673189824       3.807151256763741E-017
   19.1983718199609       3.147762028093474E-017
   19.2570763209393       2.602575979181635E-017
   19.3157808219178       2.151813937751099E-017
   19.3744853228963       1.779122281664921E-017
   19.4331898238748       1.470979681312943E-017
   19.4918943248532       1.216206583347421E-017
   19.5505988258317       1.005559643390942E-017
   19.6093033268102       8.313963964462546E-018
   19.6680078277886       6.873980013138876E-018
   19.7267123287671       5.683400017483970E-018
   19.7854168297456       4.699027887484455E-018
   19.8441213307241       3.885148884392350E-018
   19.9028258317025       3.212233906943117E-018
   19.9615303326810       2.655868181386552E-018
   20.0202348336595       2.195865491828486E-018
   20.0789393346380       1.815535817800814E-018
   20.1376438356164       1.501079810857981E-018
   20.1963483365949       1.241088143164795E-018
   20.2550528375734       1.026127565387429E-018
   20.3137573385519       8.483986567104083E-019
   20.3724618395303       7.014528505707064E-019
   20.4311663405088       5.799584700640006E-019
   20.4898708414873       4.795072849336421E-019
   20.5485753424658       3.964545720966056E-019
   20.6072798434442       3.277868771134499E-019
   20.6659843444227       2.710126789636373E-019
   20.7246888454012       2.240719913961036E-019
   20.7833933463796       1.852616211309900E-019
   20.8420978473581       1.531733712121423E-019
   20.9008023483366       1.266429474584591E-019
   20.9595068493151       1.047077142717517E-019
   21.0182113502935       8.657176711677284E-020
   21.0769158512720       7.157705444247323E-020
   21.1356203522505       5.917950129233497E-020
   21.1943248532290       4.892926831832924E-020
   21.2530293542074       4.045442995072484E-020
   21.3117338551859       3.344747952809710E-020
   21.3704383561644       2.765417175870543E-020
   21.4291428571429       2.286429768720413E-020
   21.4878473581213       1.890405745587586E-020
   21.5465518590998       1.562975412114025E-020
   21.6052563600783       1.292257971710648E-020
   21.6639608610568       1.068430438746617E-020
   21.7226653620352       8.833712172760781E-021
   21.7813698630137       7.303654130852349E-021
   21.8400743639922       6.038611867108412E-021
   21.8987788649706       4.992683070073478E-021
   21.9574833659491       4.127915960125456E-021
   22.0161878669276       3.412932218354828E-021
   22.0748923679061       2.821788429974685E-021
   22.1335968688845       2.333034730732485E-021
   22.1923013698630       1.928936500053923E-021
   22.2510058708415       1.594830860604209E-021
   22.3097103718200       1.318594635257391E-021
   22.3684148727984       1.090204456585172E-021
   22.4271193737769       9.013730676486948E-022
   22.4858238747554       7.452486174150482E-022
   22.5445283757339       6.161660398356327E-022
   22.6032328767123       5.094414954442815E-022
   22.6619373776908       4.212024168327272E-022
   22.7206418786693       3.482469912297137E-022
   22.7793463796478       2.879279815227570E-022
   22.8380508806262       2.380566701734964E-022
   22.8967553816047       1.968234406305645E-022
   22.9554598825832       1.627321145320013E-022
   23.0141643835616       1.345456621154367E-022
   23.0728688845401       1.112413159300532E-022
   23.1315733855186       9.197345914244368E-023
   23.1902778864971       7.604294182971038E-023
   23.2489823874755       6.287171189284758E-023
   23.3076868884540       5.198184006506089E-023
   23.3663913894325       4.297817792993720E-023
   23.4250958904110       3.553401968888420E-023
   23.4838003913894       2.937924740894992E-023
   23.5425048923679       2.429052959589730E-023
   23.6012093933464       2.008321744295829E-023
   23.6599138943249       1.660464470642585E-023
   23.7186183953033       1.372858809039778E-023
   23.7773228962818       1.135068713252537E-023
   23.8360273972603       9.384657398565515E-024
   23.8947318982387       7.759159579110041E-024
   23.9534363992172       6.415210881626330E-024
   24.0121409001957       5.304044788412989E-024
   24.0708454011742       4.385341520294156E-024
   24.1295499021526       3.625764997148742E-024
   24.1882544031311       2.997753207805370E-024
   24.2469589041096       2.478518096951362E-024
   24.3056634050881       2.049218679173571E-024
   24.3643679060665       1.694277375912775E-024
   24.4230724070450       1.400814768060931E-024
   24.4817769080235       1.158182253728299E-024
   24.5404814090020       9.575756532711511E-025
   24.5991859099804       7.917157409047334E-025
   24.6578904109589       6.545841107101152E-025
   24.7165949119374       5.412047926977718E-025
   24.7752994129159       4.474636946681463E-025
   24.8340039138943       3.699593181518737E-025
   24.8927084148728       3.058793315179148E-025
   24.9514129158513       2.528985215887742E-025
   25.0101174168297       2.090944208395410E-025
   25.0688219178082       1.728775486322321E-025
   25.1275264187867       1.429337352205489E-025
   25.1862309197652       1.181764356946037E-025
   25.2449354207436       9.770730352972950E-026
   25.3036399217221       8.078359311082830E-026
   25.3623444227006       6.679120839990436E-026
   25.4210489236791       5.522241979007222E-026
   25.4797534246575       4.565744057914117E-026
   25.5384579256360       3.774919454598431E-026
   25.5971624266145       3.121072190527127E-026
   25.6558669275930       2.580476665236935E-026
   25.7145714285714       2.133516746418631E-026
   25.7732759295499       1.763973976561021E-026
   25.8319804305284       1.458439067969300E-026
   25.8906849315069       1.205825331618978E-026
   25.9493894324853       9.969663840846972E-027
   26.0080939334638       8.242835348999897E-027
   26.0667984344423       6.815107851349040E-027
   26.1255029354207       5.634674584617302E-027
   26.1842074363992       4.658702143758037E-027
   26.2429119373777       3.851776222623890E-027
   26.3016164383562       3.184616565063903E-027
   26.3603209393346       2.633014497011697E-027
   26.4190254403131       2.176954486722150E-027
   26.4777299412916       1.799887857981602E-027
   26.5364344422701       1.488132302151634E-027
   26.5951389432485       1.230375399661496E-027
   26.6538434442270       1.017264135660514E-027
   26.7125479452055       8.410655149376929E-028
   26.7712524461840       6.953859611323334E-028
   26.8299569471624       5.749393183139709E-028
   26.8886614481409       4.753550366020620E-028
   26.9473659491194       3.930195816191747E-028
   27.0060704500978       3.249453131366857E-028
   27.0647749510763       2.686620750222718E-028
   27.1234794520548       2.221275627048818E-028
   27.1821839530333       1.836532157361690E-028
   27.2408884540117       1.518429463736284E-028
   27.2995929549902       1.255424808804925E-028
   27.3582974559687       1.037974753321642E-028
   27.4170019569472       8.581888611212491E-029
   27.4757064579256       7.095433852510703E-029
   27.5344109589041       5.866445460395590E-029
   27.5931154598826       4.850328113682628E-029
   27.6518199608611       4.010210772252996E-029
   27.7105244618395       3.315608767310811E-029
   27.7692289628180       2.741317628722843E-029
   27.8279334637965       2.266498510656573E-029
   27.8866379647750       1.873922029101296E-029
   27.9453424657534       1.549343073019102E-029
   28.0040469667319       1.280983903405544E-029
   28.0627514677104       1.059106783893943E-029
   28.1214559686888       8.756606352968297E-030
   28.1801604696673       7.239888925221446E-030
   28.2388649706458       5.985879631049851E-030
   28.2975694716243       4.949075227333548E-030
   28.3562739726027       4.091854012529661E-030
   28.4149784735812       3.383110677919790E-030
   28.4736829745597       2.797127614000721E-030
   28.5323874755382       2.312641716018833E-030
   28.5910919765166       1.912072826567152E-030
   28.6497964774951       1.580885818360774E-030
   28.7085009784736       1.307063169596251E-030
   28.7672054794521       1.080668893659813E-030
   28.8259099804305       8.934879998489163E-031
   28.8846144814090       7.387284025059924E-031
   28.9433189823875       6.107744619785446E-031
   29.0020234833659       5.049832143425765E-031
   29.0607279843444       4.175158958393906E-031
   29.1194324853229       3.451986486868718E-031
   29.1781369863014       2.854073538076598E-031
   29.2368414872798       2.359724114908272E-031
   29.2955459882583       1.951000148383886E-031
   29.3542504892368       1.613070593086861E-031
   29.4129549902153       1.333673264707329E-031
   29.4716594911937       1.102669891820447E-031
   29.5303639921722       9.116782364154558E-032
   29.5890684931507       7.537679342240189E-032
   29.6477729941292       6.232090180463118E-032
   29.7064774951076       5.152639989392101E-032
   29.7651819960861       4.260159606813001E-032
   29.8238864970646       3.522264297136383E-032
   29.8825909980431       2.912178631955101E-032
   29.9412954990215       2.407764911114719E-032
   30.0000000000000       1.990719869381059E-032
