  2.000000000000000E-003  3.801250534351371E-013
  6.070450097847359E-002  4.533877509499862E-012
  0.119409001956947       4.694403706778355E-011
  0.178113502935421       4.242371683551447E-010
  0.236818003913894       3.363483156386067E-009
  0.295522504892368       2.350949462578453E-008
  0.354227005870842       1.455393048151908E-007
  0.412931506849315       8.014915067865597E-007
  0.471636007827789       3.942640140223940E-006
  0.530340508806262       1.739086922809147E-005
  0.589045009784736       6.903413809860153E-005
  0.647749510763209       2.474342562286406E-004
  0.706454011741683       8.032118098132893E-004
  0.765158512720157       2.367897107500901E-003
  0.823863013698630       6.354772253807748E-003
  0.882567514677104       1.555671841062091E-002
  0.941272015655577       3.479360852875765E-002
  0.999976516634051       7.116908674171966E-002
   1.05868101761252       0.133180687839174     
   1.11738551859100       0.227875046100755     
   1.17609001956947       0.355828492050536     
   1.23479452054795       0.505129357430995     
   1.29349902152642       0.647313120543888     
   1.35220352250489       0.739211048396060     
   1.41090802348337       0.733550107516721     
   1.46961252446184       0.597347728932710     
   1.52831702544031       0.331918203850095     
   1.58702152641879      -1.541706088926363E-002
   1.64572602739726      -0.356933308968574     
   1.70443052837573      -0.589884981435076     
   1.76313502935421      -0.634318110002511     
   1.82183953033268      -0.467974682827049     
   1.88054403131115      -0.141744097613591     
   1.93924853228963       0.233648424594914     
   1.99795303326810       0.526369699897528     
   2.05665753424658       0.632440523910982     
   2.11536203522505       0.514745100997583     
   2.17406653620352       0.216185765985934     
   2.23277103718200      -0.157639588659232     
   2.29147553816047      -0.478157160705616     
   2.35018003913894      -0.639505615575464     
   2.40888454011742      -0.592934841517163     
   2.46758904109589      -0.358763930768323     
   2.52629354207436      -1.431647715003531E-002
   2.58499804305284       0.335046265163961     
   2.64370254403131       0.590006837682484     
   2.70240704500978       0.685012071713462     
   2.76111154598826       0.602295154133787     
   2.81981604696673       0.370535138529499     
   2.87852054794521       5.142636432292722E-002
   2.93722504892368      -0.279796459045197     
   2.99592954990215      -0.553535218895232     
   3.05463405088063      -0.719965233522560     
   3.11333855185910      -0.755879317339795     
   3.17204305283757      -0.664392645677605     
   3.23074755381605      -0.469341614566035     
   3.28945205479452      -0.206935782003152     
   3.34815655577299       8.289212261776645E-002
   3.40686105675147       0.363644972385511     
   3.46556555772994       0.606986674361510     
   3.52427005870842       0.794872846429582     
   3.58297455968689       0.919480783491584     
   3.64167906066536       0.981618920920117     
   3.70038356164384       0.988348008218425     
   3.75908806262231       0.950438852306307     
   3.81779256360078       0.880105841083824     
   3.87649706457926       0.789257694839928     
   3.93520156555773       0.688339569885266     
   3.99390606653620       0.585723144619669     
   4.05261056751468       0.487535405790797     
   4.11131506849315       0.397793689350020     
   4.17001956947162       0.318720966652812     
   4.22872407045010       0.251138362841003     
   4.28742857142857       0.194860964863296     
   4.34613307240704       0.149051034116711     
   4.40483757338552       0.112505892591463     
   4.46354207436399       8.387458740171516E-002
   4.52224657534247       6.180816351380399E-002
   4.58095107632094       4.505405671996544E-002
   4.63965557729941       3.250712465684361E-002
   4.69836007827789       2.322947197518861E-002
   4.75706457925636       1.644956812375083E-002
   4.81576908023483       1.154897988778969E-002
   4.87447358121331       8.042846661696197E-003
   4.93317808219178       5.558292316097148E-003
   4.99188258317025       3.813411358193025E-003
   5.05058708414873       2.598304405267336E-003
   5.10929158512720       1.758827448190459E-003
   5.16799608610568       1.183194902386044E-003
   5.22670058708415       7.912675586752490E-004
   5.28540508806262       5.261995922361894E-004
   5.34410958904110       3.480617908552300E-004
   5.40281409001957       2.290617930532393E-004
   5.46151859099804       1.500185139427099E-004
   5.52022309197652       9.779857621868155E-005
   5.57892759295499       6.347603717232338E-005
   5.63763209393346       4.102662082655836E-005
   5.69633659491194       2.641099156839884E-005
   5.75504109589041       1.693739534708531E-005
   5.81374559686888       1.082249321490924E-005
   5.87245009784736       6.891261917645694E-006
   5.93115459882583       4.373501320070595E-006
   5.98985909980431       2.766838231468339E-006
   6.04856360078278       1.745114800581075E-006
   6.10726810176125       1.097510476248278E-006
   6.16597260273973       6.883251744265785E-007
   6.22467710371820       4.305584560847252E-007
   6.28338160469667       2.686425077371384E-007
   6.34208610567515       1.672128835017495E-007
   6.40079060665362       1.038396268850741E-007
   6.45949510763209       6.434261697855486E-008
   6.51819960861057       3.978490698361815E-008
   6.57690410958904       2.455058666483923E-008
   6.63560861056752       1.512054171584394E-008
   6.69431311154599       9.295464273294233E-009
   6.75301761252446       5.704370715614438E-009
   6.81172211350294       3.494704116167237E-009
   6.87042661448141       2.137522521541232E-009
   6.92913111545988       1.305385521991905E-009
   6.98783561643836       7.960191703487200E-010
   7.04654011741683       4.847216968966825E-010
   7.10524461839530       2.947622909747025E-010
   7.16394911937378       1.790140367540705E-010
   7.22265362035225       1.085830427405762E-010
   7.28135812133072       6.578391104124387E-011
   7.34006262230920       3.980907882481311E-011
   7.39876712328767       2.406414055005739E-011
   7.45747162426615       1.453130064863844E-011
   7.51617612524462       8.766046466113843E-012
   7.57488062622309       5.283072889507394E-012
   7.63358512720157       3.181050772586859E-012
   7.69228962818004       1.913694516477086E-012
   7.75099412915851       1.150293749051992E-012
   7.80969863013699       6.908670363222450E-013
   7.86840313111546       4.146145258578788E-013
   7.92710763209393       2.486411568784096E-013
   7.98581213307241       1.490024851923715E-013
   8.04451663405088       8.923165432548855E-014
   8.10322113502936       5.340251514908330E-014
   8.16192563600783       3.193990946929808E-014
   8.22063013698630       1.909177087296515E-014
   8.27933463796478       1.140539127968534E-014
   8.33803913894325       6.809826133657451E-015
   8.39674363992172       4.063812788227263E-015
   8.45544814090020       2.423889110618570E-015
   8.51415264187867       1.445048209557627E-015
   8.57285714285714       8.610953007154885E-016
   8.63156164383562       5.128941987127415E-016
   8.69026614481409       3.053655747743073E-016
   8.74897064579256       1.817338312953556E-016
   8.80767514677104       1.081140858207850E-016
   8.86637964774951       6.429343534836936E-017
   8.92508414872799       3.822043288615020E-017
   8.98378864970646       2.271306117035305E-017
   9.04249315068493       1.349314063493337E-017
   9.10119765166341       8.013341998809331E-018
   9.15990215264188       4.757548918456381E-018
   9.21860665362035       2.823756597769904E-018
   9.27731115459883       1.675524940609724E-018
   9.33601565557730       9.939377554322382E-019
   9.39472015655577       5.894635199003457E-019
   9.45342465753425       3.495012493947818E-019
   9.51212915851272       2.071757854986090E-019
   9.57083365949119       1.227812190802772E-019
   9.62953816046967       7.274976930598982E-020
   9.68824266144814       4.309649095375053E-020
   9.74694716242662       2.552504554261829E-020
   9.80565166340509       1.511503050679505E-020
   9.86435616438356       8.948965409880812E-021
   9.92306066536204       5.297380878210948E-021
   9.98176516634051       3.135286784480573E-021
   10.0404696673190       1.855342312932416E-021
   10.0991741682975       1.097752435259129E-021
   10.1578786692759       6.494131967104218E-022
   10.2165831702544       3.841287326926961E-022
   10.2752876712329       2.271820391670590E-022
   10.3339921722114       1.343430292938459E-022
   10.3926966731898       7.943328995135214E-023
   10.4514011741683       4.696112187677965E-023
   10.5101056751468       2.776035481868347E-023
   10.5688101761252       1.640832487913204E-023
   10.6275146771037       9.697462903658112E-024
   10.6862191780822       5.730711372722895E-024
   10.7449236790607       3.386236415429540E-024
   10.8036281800391       2.000718901263943E-024
   10.8623326810176       1.181997586520639E-024
   10.9210371819961       6.982491367031041E-025
   10.9797416829746       4.124478551388762E-025
   11.0384461839530       2.436093619156192E-025
   11.0971506849315       1.438754117207671E-025
   11.1558551859100       8.496659311435909E-026
   11.2145596868885       5.017416277317320E-026
   11.2732641878669       2.962672177496063E-026
   11.3319686888454       1.749281803083566E-026
   11.3906731898239       1.032784718404246E-026
   11.4493776908024       6.097260600713569E-027
   11.5080821917808       3.599446142889390E-027
   11.5667866927593       2.124778024542272E-027
   11.6254911937378       1.254207434173171E-027
   11.6841956947162       7.402936234303941E-028
   11.7429001956947       4.369365313072659E-028
   11.8016046966732       2.578773837079400E-028
   11.8603091976517       1.521911892307481E-028
   11.9190136986301       8.981479740495350E-029
   11.9777181996086       5.300162042389779E-029
   12.0364227005871       3.127619981475110E-029
   12.0951272015656       1.845538329262810E-029
   12.1538317025440       1.088972895482376E-029
   12.2125362035225       6.425347300653503E-030
   12.2712407045010       3.791074145147860E-030
   12.3299452054795       2.236735644516192E-030
   12.3886497064579       1.319636436683699E-030
   12.4473542074364       7.785414240062753E-031
   12.5060587084149       4.593010566660735E-031
   12.5647632093933       2.709579772374435E-031
   12.6234677103718       1.598437577494732E-031
   12.6821722113503       9.429292496143833E-032
   12.7408767123288       5.562277468563062E-032
   12.7995812133072       3.281079210740827E-032
   12.8582857142857       1.935404280318524E-032
   12.9169902152642       1.141610545249737E-032
   12.9756947162427       6.733733112279003E-033
   13.0343992172211       3.971785862247344E-033
   13.0931037181996       2.342653632082341E-033
   13.1518082191781       1.381729357877147E-033
   13.2105127201566       8.149497683225869E-034
   13.2692172211350       4.806533125032358E-034
   13.3279217221135       2.834827010317671E-034
   13.3866262230920       1.671918009744154E-034
   13.4453307240705       9.860465965103523E-035
   13.5040352250489       5.815327740165654E-035
   13.5627397260274       3.429615901421817E-035
   13.6214442270059       2.022607111972265E-035
   13.6801487279843       1.192813512768751E-035
   13.7388532289628       7.034427424399203E-036
   13.7975577299413       4.148397254651027E-036
   13.8562622309198       2.446400158473713E-036
   13.9149667318982       1.442681326878252E-036
   13.9736712328767       8.507642988834016E-037
   14.0323757338552       5.017001189041774E-037
   14.0910802348337       2.958526152817587E-037
   14.1497847358121       1.744628802467329E-037
   14.2084892367906       1.028791170585906E-037
   14.2671937377691       6.066638623531349E-038
   14.3258982387476       3.577386522996522E-038
   14.3846027397260       2.109505108544221E-038
   14.4433072407045       1.243919842782160E-038
   14.5020117416830       7.335022143740443E-039
   14.5607162426614       4.325215965135556E-039
   14.6194207436399       2.550419441532421E-039
   14.6781252446184       1.503879273119835E-039
   14.7368297455969       8.867720358439865E-040
   14.7955342465753       5.228880948623597E-040
   14.8542387475538       3.083211810068217E-040
   14.9129432485323       1.818008458219074E-040
   14.9716477495108       1.071979438387196E-040
   15.0303522504892       6.320844558888443E-041
   15.0890567514677       3.727021889560448E-041
   15.1477612524462       2.197591820447689E-041
   15.2064657534247       1.295777522594329E-041
   15.2651702544031       7.640332327594374E-042
   15.3238747553816       4.504976375421759E-042
   15.3825792563601       2.656264459441499E-042
   15.4412837573386       1.566205307274793E-042
   15.4999882583170       9.234740917972478E-043
   15.5586927592955       5.445019519440750E-043
   15.6173972602740       3.210501821903245E-043
   15.6761017612524       1.892976430251513E-043
   15.7348062622309       1.116134025447305E-043
   15.7935107632094       6.580916675805112E-044
   15.8522152641879       3.880211374871016E-044
   15.9109197651663       2.287827988620121E-044
   15.9696242661448       1.348933022420235E-044
   16.0283287671233       7.953466896456917E-045
   16.0870332681018       4.689447530824277E-045
   16.1457377690802       2.764942046141694E-045
   16.2044422700587       1.630232581109763E-045
   16.2631467710372       9.611968122916703E-046
   16.3218512720157       5.667275499261195E-046
   16.3805557729941       3.341454945083150E-046
   16.4392602739726       1.970135990980931E-046
   16.4979647749511       1.161598759303297E-046
   16.5566692759296       6.848815087670707E-047
   16.6153737769080       4.038072713083467E-047
   16.6740782778865       2.380851165734629E-047
   16.7327827788650       1.403750104208986E-047
   16.7914872798434       8.276501937227144E-048
   16.8501917808219       4.879814665739168E-048
   16.9088962818004       2.877129058432819E-048
   16.9676007827789       1.696347752198020E-048
   17.0263052837573       1.000161148712333E-048
   17.0850097847358       5.896911909413529E-049
   17.1437142857143       3.476793403093597E-049
   17.2024187866928       2.049900266531400E-049
   17.2611232876712       1.208610039665020E-049
   17.3198277886497       7.125893011596373E-050
   17.3785322896282       4.201380807012004E-050
   17.4372367906067       2.477105255816415E-050
   17.4959412915851       1.460483155478093E-050
   17.5546457925636       8.610895827770433E-051
   17.6133502935421       5.076914181011077E-051
   17.6720547945205       2.993305375000256E-051
   17.7307592954990       1.764826258253981E-051
   17.7894637964775       1.040525259553942E-051
   17.8481682974560       6.134837283308979E-052
   17.9068727984344       3.617039316141643E-052
   17.9655772994129       2.132569437853560E-052
   18.0242818003914       1.257340522044098E-052
   18.0829863013699       7.413143938642889E-053
   18.1416908023483       4.370707576321248E-053
   18.2003953033268       2.576919637049463E-053
   18.2590998043053       1.519321953582144E-053
   18.3178043052838       8.957742485546259E-054
   18.3765088062622       5.281376911967569E-054
   18.4352133072407       3.113834943772033E-054
   18.4939178082192       1.835878164722983E-054
   18.5526223091977       1.082410445225164E-054
   18.6113268101761       6.381752369427895E-055
   18.6700313111546       3.762597683387430E-055
   18.7287358121331       2.218377678457643E-055
   18.7874403131115       1.307925666901589E-055
   18.8461448140900       7.711351799662993E-056
   18.9048493150685       4.546506892084918E-056
   18.9635538160470       2.680557200449596E-056
   19.0222583170254       1.580418835825674E-056
   19.0809628180039       9.317925036626512E-057
   19.1396673189824       5.493715039707102E-057
   19.1983718199609       3.239014936227871E-057
   19.2570763209393       1.909675964671299E-057
   19.3157808219178       1.125916870532668E-057
   19.3744853228963       6.638239050686560E-058
   19.4331898238748       3.913806671504869E-058
   19.4918943248532       2.307521595107906E-058
   19.5505988258317       1.360479824232430E-058
   19.6093033268102       8.021181931207072E-059
   19.6680078277886       4.729166022251502E-059
   19.7267123287671       2.788243444687485E-059
   19.7854168297456       1.643905153974474E-059
   19.8441213307241       9.692208874062091E-060
   19.9028258317025       5.714374720388041E-060
   19.9615303326810       3.369105512114721E-060
   20.0202348336595       1.986371412449131E-060
   20.0789393346380       1.171133085157848E-060
   20.1376438356164       6.904814189073862E-061
   20.1963483365949       4.070968067704520E-061
   20.2550528375734       2.400177451389272E-061
   20.3137573385519       1.415105974957571E-061
   20.3724618395303       8.343236172118323E-062
   20.4311663405088       4.919036794328896E-062
   20.4898708414873       2.900184102011589E-062
   20.5485753424658       1.709901243824071E-062
   20.6072798434442       1.008129804876566E-062
   20.6659843444227       5.943767982248071E-063
   20.7246888454012       3.504347862107114E-063
   20.7833933463796       2.066105729817071E-063
   20.8420978473581       1.218141797059276E-063
   20.9008023483366       7.181962285479922E-064
   20.9595068493151       4.234365755727757E-064
   21.0182113502935       2.496511620065503E-064
   21.0769158512720       1.471901644279633E-064
   21.1356203522505       8.678086319048268E-065
   21.1943248532290       5.116454523882070E-065
   21.2530293542074       3.016575848016881E-065
   21.3117338551859       1.778522485028126E-065
   21.3704383561644       1.048586955874000E-065
   21.4291428571429       6.182292128790865E-066
   21.4878473581213       3.644975187931505E-066
   21.5465518590998       2.149015819802225E-066
   21.6052563600783       1.267023389176504E-066
   21.6639608610568       7.470155383315312E-067
   21.7226653620352       4.404276981359335E-067
   21.7813698630137       2.596686959742797E-067
   21.8400743639922       1.530962511297114E-067
   21.8987788649706       9.026294560476881E-068
   21.9574833659491       5.321749582947294E-068
   22.0161878669276       3.137612851352810E-068
   22.0748923679061       1.849883009607784E-068
   22.1335968688845       1.090659434850043E-068
   22.1923013698630       6.430341630573564E-069
   22.2510058708415       3.791219437095094E-069
   22.3097103718200       2.235238081110215E-069
   22.3684148727984       1.317858080013913E-069
   22.4271193737769       7.769865307681169E-070
   22.4858238747554       4.580979286234349E-070
   22.5445283757339       2.700866743416951E-070
   22.6032328767123       1.592384635051195E-070
   22.6619373776908       9.388426091512940E-071
   22.7206418786693       5.535254549469792E-071
   22.7793463796478       3.263490826106975E-071
   22.8380508806262       1.924097999148383E-071
   22.8967553816047       1.134415033284295E-071
   22.9554598825832       6.688315509824005E-072
   23.0141643835616       3.943315490570874E-072
   23.0728688845401       2.324910783197613E-072
   23.1315733855186       1.370727270860411E-072
   23.1902778864971       8.081571308320258E-073
   23.2489823874755       4.764754844413438E-073
   23.3076868884540       2.809217119397657E-073
   23.3663913894325       1.656265851271063E-073
   23.4250958904110       9.765057042673493E-074
   23.4838003913894       5.757308708914828E-074
   23.5425048923679       3.394409588062942E-074
   23.6012093933464       2.001285136639849E-074
   23.6599138943249       1.179923064417470E-074
   23.7186183953033       6.956622026313484E-075
   23.7773228962818       4.101503825687173E-075
   23.8360273972603       2.418175579847024E-075
   23.8947318982387       1.425714406279576E-075
   23.9534363992172       8.405764952690145E-076
   24.0121409001957       4.955893245389612E-076
   24.0708454011742       2.921908694546745E-076
   24.1295499021526       1.722706673283397E-076
   24.1882544031311       1.015677960757303E-076
   24.2469589041096       5.988260973515527E-077
   24.3056634050881       3.530574717086678E-077
   24.3643679060665       2.081565553385063E-077
   24.4230724070450       1.227254902764050E-077
   24.4817769080235       7.235681752154830E-078
   24.5404814090020       4.266032269022401E-078
   24.5991859099804       2.515178508758947E-078
   24.6578904109589       1.482905544300254E-078
   24.7165949119374       8.742953379465295E-079
   24.7752994129159       5.154693351118862E-079
   24.8340039138943       3.039117594574491E-079
   24.8927084148728       1.791810897602241E-079
   24.9514129158513       1.056420550292275E-079
   25.0101174168297       6.228471859801568E-080
   25.0688219178082       3.672198687759649E-080
   25.1275264187867       2.165064475660056E-080
   25.1862309197652       1.276484354101144E-080
   25.2449354207436       7.525929689493129E-081
   25.3036399217221       4.437157208956317E-081
   25.3623444227006       2.616070686101622E-081
   25.4210489236791       1.542389754410549E-081
   25.4797534246575       9.093661580038928E-082
   25.5384579256360       5.361464604417213E-082
   25.5971624266145       3.161026214684674E-082
   25.6558669275930       1.863686034760637E-082
   25.7145714285714       1.098796844231379E-082
   25.7732759295499       6.478314909610904E-083
   25.8319804305284       3.819501685997238E-083
   25.8906849315069       2.251911694202653E-083
   25.9493894324853       1.327687925503376E-083
   26.0080939334638       7.827816824331777E-084
   26.0667984344423       4.615144490158697E-084
   26.1255029354207       2.721008821668613E-084
   26.1842074363992       1.604259414379509E-084
   26.2429119373777       9.458434109504339E-085
   26.3016164383562       5.576528015664175E-085
   26.3603209393346       3.287823788849502E-085
   26.4190254403131       1.938443637898924E-085
   26.4777299412916       1.142872603369009E-085
   26.5364344422701       6.738177786300480E-086
   26.5951389432485       3.972712242630832E-086
   26.6538434442270       2.342241930572923E-086
   26.7125479452055       1.380945037278214E-086
   26.7712524461840       8.141811353099465E-087
   26.8299569471624       4.800270123772098E-087
   26.8886614481409       2.830155630252564E-087
   26.9473659491194       1.668610448649816E-087
   27.0060704500978       9.837836468737841E-088
   27.0647749510763       5.800216964412424E-088
   27.1234794520548       3.419706854938303E-088
   27.1821839530333       2.016199572765776E-088
   27.2408884540117       1.188716134731430E-088
   27.2995929549902       7.008463185672649E-089
   27.3582974559687       4.132067762839050E-089
   27.4170019569472       2.436195144977325E-089
   27.4757064579256       1.436338202014364E-089
   27.5344109589041       8.468399724497302E-090
   27.5931154598826       4.992820893872871E-090
   27.6518199608611       2.943680184798797E-090
   27.7105244618395       1.735542534061385E-090
   27.7692289628180       1.023245630323944E-090
   27.8279334637965       6.032877898246984E-091
   27.8866379647750       3.556879662259237E-091
   27.9453424657534       2.097074255456320E-091
   28.0040469667319       1.236398430307334E-091
   28.0627514677104       7.289589645794238E-092
   28.1214559686888       4.297814999014208E-092
   28.1801604696673       2.533916812472289E-092
   28.2388649706458       1.493953185960948E-092
   28.2975694716243       8.808087582683900E-093
   28.3562739726027       5.193094908874935E-093
   28.4149784735812       3.061758238859620E-093
   28.4736829745597       1.805159288469152E-093
   28.5323874755382       1.064290450674219E-093
   28.5910919765166       6.274870978681350E-094
   28.6497964774951       3.699554549668149E-094
   28.7085009784736       2.181192873814569E-094
   28.7672054794521       1.285993296720453E-094
   28.8259099804305       7.581992306651626E-095
   28.8846144814090       4.470210495888085E-095
   28.9433189823875       2.635558183845089E-095
   29.0020234833659       1.553879161959389E-095
   29.0607279843444       9.161400663960051E-096
   29.1194324853229       5.401402127391692E-096
   29.1781369863014       3.184572535043855E-096
   29.2368414872798       1.877568451703183E-096
   29.2955459882583       1.106981628304593E-096
   29.3542504892368       6.526570704329329E-097
   29.4129549902153       3.847952311360144E-097
   29.4716594911937       2.268685602180588E-097
   29.5303639921722       1.337577481323730E-097
   29.5890684931507       7.886123650651143E-098
   29.6477729941292       4.649521025466529E-098
   29.7064774951076       2.741276541109237E-098
   29.7651819960861       1.616208859550330E-098
   29.8238864970646       9.528885678791154E-099
   29.8825909980431       5.618064876573070E-099
   29.9412954990215       3.312313109667189E-099
   30.0000000000000       1.952882064645086E-099
