  2.000000000000000E-003 -8.019647010023985E-003 -1.412066976024634E-003
  6.070450097847359E-002  4.801207627626957E-003  4.791409242467322E-005
  0.119409001956947       6.002658522836417E-003  8.748539626159695E-003
  0.178113502935421      -8.087462795968727E-003 -5.150859780229482E-003
  0.236818003913894      -2.123448052137858E-003 -7.125851627476894E-003
  0.295522504892368      -2.729691930789854E-003 -1.731400429723678E-002
  0.354227005870842       2.360912528380790E-003  4.879244066828712E-003
  0.412931506849315      -2.223511818785266E-002 -2.617555815751248E-003
  0.471636007827789      -1.729688106938729E-002 -1.709836779801765E-003
  0.530340508806262      -2.260292373069761E-004 -2.861458997585894E-003
  0.589045009784736      -7.758917902117330E-004 -1.988156048996632E-002
  0.647749510763209      -9.259853803472433E-003 -5.712329240561559E-002
  0.706454011741683      -7.275521395050002E-003 -5.515258971577233E-002
  0.765158512720157      -9.428719666880593E-003 -5.951816918354286E-003
  0.823863013698630      -1.591999814396363E-002  3.996107514787996E-002
  0.882567514677104       1.234641175999857E-002  5.617790066310283E-002
  0.941272015655577       3.220214277545744E-002  4.670762299952243E-002
  0.999976516634051       7.563626369309842E-002 -6.382604879085924E-003
   1.05868101761252       6.841448149968016E-002  2.277356881991648E-003
   1.11738551859100       5.280880277421392E-002  1.409488044400692E-002
   1.17609001956947       6.646015680291549E-003  8.924339536550445E-002
   1.23479452054795      -6.092298395746580E-002  0.134348942017718     
   1.29349902152642      -0.164547594804821       9.574948573857557E-002
   1.35220352250489      -0.246219030678568       9.090841298324501E-003
   1.41090802348337      -0.277000843740990      -5.931689412527524E-002
   1.46961252446184      -0.276787113909179      -7.647990483033654E-002
   1.52831702544031      -0.220872957428509      -9.236121446983896E-002
   1.58702152641879      -0.198421639017350      -0.112820854552126     
   1.64572602739726      -0.144148139871105      -0.169263722831848     
   1.70443052837573      -0.102661448262315      -0.222582387269623     
   1.76313502935421      -3.788550318060689E-002 -0.283525464235518     
   1.82183953033268       3.795344109629482E-002 -0.267967802159368     
   1.88054403131115       0.100244348746977      -0.275472578949423     
   1.93924853228963       9.919422489028915E-002 -0.273387324163201     
   1.99795303326810       3.197982908491411E-002 -0.367686444399487     
   2.05665753424658      -4.192475616262092E-002 -0.449185938221952     
   2.11536203522505      -0.185407961086794      -0.490245757223013     
   2.17406653620352      -0.272748493747809      -0.595466858715835     
   2.23277103718200      -0.319443444141610      -0.730101029477750     
   2.29147553816047      -0.342131536714192      -0.815634451391963     
   2.35018003913894      -0.408812169943906      -0.782059023877369     
   2.40888454011742      -0.513838915859884      -0.735163173240767     
   2.46758904109589      -0.511639491575056      -0.624540439435823     
   2.52629354207436      -0.438106670465135      -0.400790481676456     
   2.58499804305284      -0.399914906314234      -0.206716315855229     
   2.64370254403131      -0.386933487195669      -4.797516164627929E-002
   2.70240704500978      -0.428988128496043       8.966296455221748E-002
   2.76111154598826      -0.452361277412707       0.184897271427830     
   2.81981604696673      -0.472099012633831       0.269193597640153     
   2.87852054794521      -0.461542908851467       0.313655791443997     
   2.93722504892368      -0.405241801152439       0.295695740940799     
   2.99592954990215      -0.360969534563044       0.246021494455695     
   3.05463405088063      -0.289115472112760       0.205430239048932     
   3.11333855185910      -0.263806696371919       0.218106147763353     
   3.17204305283757      -0.236738821612384       0.157260529883598     
   3.23074755381605      -0.170450667930042       1.645577216340576E-002
   3.28945205479452      -5.453438456286757E-002 -6.983845553901523E-002
   3.34815655577299       3.968061273489517E-002 -0.122841629121003     
   3.40686105675147       7.337418955424817E-002 -0.156586906582966     
   3.46556555772994       9.315753289924328E-002 -0.164915301702157     
   3.52427005870842       0.116434656410627      -0.164973624630716     
   3.58297455968689       3.814378296752612E-002 -0.125086853510691     
   3.64167906066536      -2.091647949171925E-002 -0.120245550913838     
   3.70038356164384      -2.512677907569747E-002 -9.738707456142917E-002
   3.75908806262231       1.018495236836982E-004 -0.105775369160570     
   3.81779256360078       5.070416367674595E-002 -6.405806928460227E-002
   3.87649706457926       4.072659171243333E-002 -1.251067576172893E-002
   3.93520156555773      -6.008448501229709E-002  1.025262143846839E-002
   3.99390606653620      -9.992830938230243E-002  2.916099797932582E-002
   4.05261056751468      -0.129550514746203       1.158510089795843E-002
   4.11131506849315      -0.131217666899771      -2.219997058271195E-002
   4.17001956947162      -0.143102495858967      -3.677839337390834E-002
   4.22872407045010      -0.117352149669127      -7.303561825093105E-002
   4.28742857142857      -4.950029999088385E-002 -6.487291173189685E-002
   4.34613307240704       1.909188560631818E-002 -2.697564522576878E-002
   4.40483757338552      -1.861082019485412E-002 -3.142326648078540E-002
   4.46354207436399      -3.043149826942557E-002 -9.249213087699934E-002
   4.52224657534247      -3.453880672648526E-002 -0.132311268639228     
   4.58095107632094      -2.834795163180840E-002 -0.121979414474520     
   4.63965557729941      -2.707691714777013E-002 -9.706291794297300E-002
   4.69836007827789      -2.223383912876552E-002 -0.100863669086373     
   4.75706457925636      -1.404673233624443E-002 -0.119683916158521     
   4.81576908023483       1.521455310948933E-002 -0.104062991970344     
   4.87447358121331       3.232159458249281E-002 -9.828484290864190E-002
   4.93317808219178       6.040012222496595E-003 -6.784549479645083E-002
   4.99188258317025       1.079304722042562E-002 -9.651137280205950E-002
   5.05058708414873       5.687763940490997E-002 -7.158714578816811E-002
   5.10929158512720       6.371887614142002E-002 -4.071911524656184E-002
   5.16799608610568       3.047221866285811E-002 -2.147150960962928E-002
   5.22670058708415       5.479712514834570E-002 -5.638632780387944E-002
   5.28540508806262       5.954972669737088E-002 -5.364540477936153E-002
   5.34410958904110       6.585752712105776E-002 -7.484929682384212E-002
   5.40281409001957       5.483247152458458E-002 -4.866576092451213E-002
   5.46151859099804       5.033841784530906E-002  3.853423825572723E-003
   5.52022309197652       2.780926998704635E-002  7.000858961175277E-002
   5.57892759295499      -2.261457310435782E-002  0.141413831816320     
   5.63763209393346      -5.013849182005627E-002  0.160376306868931     
   5.69633659491194      -8.869541020527150E-002  0.117941489127272     
   5.75504109589041      -0.138353872308785       5.140675475049207E-002
   5.81374559686888      -0.166254357629805       2.908250842859383E-002
   5.87245009784736      -0.213496566528366       1.398096562343059E-002
   5.93115459882583      -0.222836177481401       2.247721866976162E-002
   5.98985909980431      -0.142852137341505       1.669940500278304E-002
   6.04856360078278      -5.248392345441987E-002  5.613903834787720E-002
   6.10726810176125      -1.565499723510441E-002  3.615741140328115E-002
   6.16597260273973       2.082243939167620E-002 -2.074394281836527E-002
   6.22467710371820       8.845716782655472E-002 -6.806122179300406E-002
   6.28338160469667       0.103110849178140      -2.666074527606095E-002
   6.34208610567515       0.126679005928085       1.173803927002479E-002
   6.40079060665362       0.131673382272817       4.027985875082014E-002
   6.45949510763209       0.190806398508240       8.921259914416139E-002
   6.51819960861057       0.200760450740631       0.106109806227097     
   6.57690410958904       0.165393978235509       9.568727609991276E-002
   6.63560861056752       7.280555839405052E-002  7.865191452294133E-002
   6.69431311154599      -1.819972698910436E-003  0.105722863613573     
   6.75301761252446      -9.407364384912642E-002  0.136310926101911     
   6.81172211350294      -9.151999421564273E-002  0.137433733514282     
   6.87042661448141      -6.268655571881515E-002  0.132008117116897     
   6.92913111545988      -2.949522074162755E-003  8.431197077439516E-002
   6.98783561643836       2.330697496759425E-002 -1.211751045791807E-002
   7.04654011741683       3.702946580138800E-002 -5.072769690973565E-002
   7.10524461839530       9.291010612343852E-002 -3.944866058160372E-002
   7.16394911937378       9.967310079737965E-002 -4.662997425710305E-002
   7.22265362035225       0.102828239228857      -1.286453792948747E-002
   7.28135812133072       5.511493493512147E-002  4.288612753867270E-002
   7.34006262230920      -2.615148959966732E-003  1.112803385158473E-002
   7.39876712328767      -9.525428019092876E-003 -1.563685078555158E-002
   7.45747162426615      -7.515897956339841E-003 -3.548115875973271E-002
   7.51617612524462      -2.840636968045689E-002 -4.649095976832875E-002
   7.57488062622309      -2.915771251752839E-002 -5.902740018803312E-002
   7.63358512720157      -4.389444181494622E-003 -4.144810504806164E-002
   7.69228962818004      -3.077265755621309E-002 -3.403343958284857E-002
   7.75099412915851      -5.350378389905981E-002 -6.176085491515353E-002
   7.80969863013699      -1.399663365906542E-002 -5.238046743750647E-002
   7.86840313111546       4.687713538697687E-003 -9.320938204500914E-002
   7.92710763209393       3.890663196858949E-002 -8.915529077867218E-002
   7.98581213307241       1.866292140799553E-002 -0.129934000164824     
   8.04451663405088       2.260734274365997E-002 -0.112411502750667     
   8.10322113502936       4.240947133792420E-002 -3.582224227778272E-002
   8.16192563600783       7.431692403598987E-002  6.369142129201642E-002
   8.22063013698630       7.724922985594754E-002  0.135554289421636     
   8.27933463796478       0.117471564205582       0.184211620031222     
   8.33803913894325       4.299980248659782E-002  0.208836461351910     
   8.39674363992172      -1.349530552854034E-002  0.186932402212818     
   8.45544814090020      -5.913452141978099E-002  0.123368487276072     
   8.51415264187867      -6.973079714141101E-002  7.651002387162217E-002
   8.57285714285714      -1.817247783053452E-002  1.698210310145190E-002
   8.63156164383562       3.674146451325791E-002 -6.226120699462592E-002
   8.69026614481409       0.104137951889022      -5.793419478880925E-002
   8.74897064579256       9.772061173909938E-002  5.355120627713837E-005
   8.80767514677104       7.268889320632146E-002  3.324443918877706E-002
   8.86637964774951       9.654970281683016E-003  7.713208284402440E-002
   8.92508414872799      -5.967623378957623E-002  3.280064435804102E-002
   8.98378864970646      -8.216807873763129E-002 -4.744529969750527E-002
   9.04249315068493      -5.750046704387333E-002 -0.104129172232426     
   9.10119765166341      -3.599760593006334E-002 -0.125625819628635     
   9.15990215264188      -1.736369794799382E-002 -0.119188098510331     
   9.21860665362035       1.003100736401682E-002 -0.127859442701619     
   9.27731115459883       9.836859977665022E-003 -9.323358109474814E-002
   9.33601565557730      -3.013748088145623E-002 -7.834930198506471E-002
   9.39472015655577      -1.585008240800559E-003 -6.755655001962418E-002
   9.45342465753425      -6.021299595920038E-002 -1.010658586415666E-002
   9.51212915851272      -0.111865122079610      -4.430095696439067E-002
   9.57083365949119      -0.115489726616990      -4.008103392387986E-002
   9.62953816046967      -6.994818011641328E-002 -6.741365602177073E-002
   9.68824266144814       4.103545857035758E-003 -2.779769429682281E-002
   9.74694716242662       2.148108906230479E-002  3.442645049249066E-002
   9.80565166340509      -1.699389821032905E-002  1.346699814626566E-002
   9.86435616438356      -3.763282322607544E-002  2.645374942109200E-002
   9.92306066536204      -7.681550737134668E-002 -2.803747407431639E-002
   9.98176516634051      -4.438660371361964E-002 -4.018684830733445E-002
   10.0404696673190      -1.372994309577862E-002  6.761172818825229E-004
   10.0991741682975      -3.005302875160184E-002  6.639122321894681E-003
   10.1578786692759       1.089781094449833E-002  3.344751411470408E-002
   10.2165831702544       3.194991894087609E-002  1.317244683128981E-002
   10.2752876712329       9.194594528735409E-002 -5.298989397091267E-002
   10.3339921722114       0.182825636142985      -7.008807346279740E-002
   10.3926966731898       0.175162193098781      -0.120604556510395     
   10.4514011741683       0.122775853119775      -0.162806171676007     
   10.5101056751468       7.576948452270291E-002 -0.199807455644104     
   10.5688101761252       9.391709951378960E-003 -0.229245779204658     
   10.6275146771037       3.693451702939998E-003 -0.198645543039299     
   10.6862191780822      -3.317259122173535E-002 -0.148752022266133     
   10.7449236790607      -3.766830743609448E-002 -0.125046544225675     
   10.8036281800391      -1.238668285398198E-002 -7.373647373723607E-002
   10.8623326810176      -1.523543500133789E-002 -5.351359626951516E-002
   10.9210371819961      -1.514504115821634E-002 -5.058497746763228E-002
   10.9797416829746      -2.414954700827598E-002  7.278598314023610E-004
   11.0384461839530      -6.036453028606947E-002  4.167578544310019E-004
   11.0971506849315      -6.075306979474894E-002  6.729004801766768E-004
   11.1558551859100      -4.220392170131713E-002  1.609463468444196E-002
   11.2145596868885      -2.026774706530118E-002  3.801229898826328E-002
   11.2732641878669       4.518791102612126E-003  4.133298885346239E-002
   11.3319686888454       2.309866736886268E-002 -2.696891817870889E-003
   11.3906731898239       1.764155602593581E-002  5.968635987045598E-003
   11.4493776908024       1.071548160264259E-002 -3.539960465907305E-002
   11.5080821917808      -8.091420070129092E-003 -7.006916153984395E-002
   11.5667866927593       9.549355722194598E-003 -4.031802651975654E-002
   11.6254911937378       6.144782283734683E-003  2.201945382196309E-002
   11.6841956947162      -5.916146247083227E-002  6.498981815442773E-002
   11.7429001956947      -6.664974682555573E-002  6.920622726866767E-002
   11.8016046966732      -9.115842492419610E-002  7.070289563742339E-002
   11.8603091976517      -7.345179624659048E-002  1.982987973334009E-003
   11.9190136986301      -4.644470889072320E-003 -2.325524223021117E-002
   11.9777181996086       2.654789743572328E-002  4.147396078527062E-002
   12.0364227005871       1.123767353017536E-002  5.790897033341161E-002
   12.0951272015656       3.517977699942307E-003  0.102489412750986     
   12.1538317025440      -2.044898540171343E-002  0.148297502234360     
   12.2125362035225       9.621471656907701E-004  0.164658110743662     
   12.2712407045010       2.120511384326302E-003  0.185860918542298     
   12.3299452054795       4.379714165245088E-002  0.162033399428726     
   12.3886497064579       8.863643996402339E-002  7.836949702561946E-002
   12.4473542074364       7.966718979913465E-002  7.796387484213874E-002
   12.5060587084149       8.155622474430582E-002  5.229375539982428E-002
   12.5647632093933       4.849543582028382E-002  6.270703482729080E-002
   12.6234677103718      -4.863076385835969E-003  5.873848403874435E-003
   12.6821722113503       2.766202705313020E-002  2.879035532110406E-003
   12.7408767123288       1.662251087376992E-002  1.492199822828892E-002
   12.7995812133072       2.177651632139439E-002  2.227569699841172E-002
   12.8582857142857       3.291987189547069E-002 -1.528056695787537E-002
   12.9169902152642      -9.892984114041371E-003 -2.184532660805826E-002
   12.9756947162427       7.180421189271785E-003 -2.584362589505462E-002
   13.0343992172211       4.142090027567685E-003  2.320029317153461E-003
   13.0931037181996      -2.204375664515174E-002 -3.484838232838562E-002
   13.1518082191781      -3.814254797571713E-002 -5.647276744872899E-002
   13.2105127201566      -5.115753315305151E-002 -0.103868005179485     
   13.2692172211350      -5.185867818394036E-002 -9.137503839951180E-002
   13.3279217221135      -7.365876027984451E-002 -6.374466236915644E-002
   13.3866262230920      -5.956950065414665E-002 -6.254898356840632E-002
   13.4453307240705      -9.067041133461534E-002 -3.847077302871733E-002
   13.5040352250489      -4.850969928987379E-002 -3.304270204491105E-002
   13.5627397260274      -1.213957261109330E-002 -6.370816789103476E-002
   13.6214442270059       8.586188176287281E-003 -1.830485623048202E-002
   13.6801487279843       1.103298541666940E-002 -6.717834099052602E-003
   13.7388532289628      -1.136659703720871E-004  2.815512096321015E-002
   13.7975577299413      -4.937383877484582E-003 -1.942826757814893E-002
   13.8562622309198       3.633035845945769E-002 -4.108593524166539E-002
   13.9149667318982       7.107529225265308E-002 -4.661679837883832E-002
   13.9736712328767       8.069254347186514E-002 -8.569521076016037E-003
   14.0323757338552       0.105188591991472      -8.509198879885993E-003
   14.0910802348337       6.908301761773190E-002  1.778658160903467E-002
   14.1497847358121       6.925737979880500E-002  1.698854937066480E-002
   14.2084892367906       4.313772329221728E-002 -7.090702092060398E-003
   14.2671937377691       2.815220907005607E-002  8.407077475006693E-003
   14.3258982387476       5.087989585181785E-002 -2.104714245002881E-002
   14.3846027397260       6.985690784803175E-002  1.733247454726181E-003
   14.4433072407045       5.818480502693778E-002  4.359811913976078E-002
   14.5020117416830       4.956124749694573E-005  4.553174582301721E-002
   14.5607162426614      -2.492816636489300E-002  3.716491769955376E-002
   14.6194207436399      -6.260576782973078E-002  1.300525076395532E-002
   14.6781252446184      -5.945508420435191E-002 -4.462579616983182E-002
   14.7368297455969      -6.905710441571869E-002 -2.026020498907125E-002
   14.7955342465753      -8.522721930492733E-002  4.023431613733759E-003
   14.8542387475538      -5.482557342678795E-002  7.513468913823396E-002
   14.9129432485323      -2.570393037266054E-002  0.124146040363261     
   14.9716477495108       9.529663685839365E-003  0.139793007722122     
   15.0303522504892       1.276865709689025E-003  9.215932889011859E-002
   15.0890567514677       4.573413446627207E-002  6.482030757628848E-003
   15.1477612524462       6.177602671127803E-002 -8.149512499583843E-002
   15.2064657534247       6.593204743560244E-002 -0.121810040378696     
   15.2651702544031      -2.785850231651288E-003 -9.912782772795645E-002
   15.3238747553816      -0.107820584688212      -7.378448677434889E-002
   15.3825792563601      -0.194410600914930      -9.567991745349259E-002
   15.4412837573386      -0.189430964599688      -9.222553716307361E-002
   15.4999882583170      -0.167665744516245      -4.963835186231663E-002
   15.5586927592955      -0.104961353450489       3.841649991510968E-002
   15.6173972602740      -4.538982435367493E-002  6.317373838964337E-002
   15.6761017612524       1.439605320216349E-002  3.465458004316497E-002
   15.7348062622309       6.429460874667320E-002  2.057472630718665E-002
   15.7935107632094       0.102893708579541       3.016628964314277E-002
   15.8522152641879       8.958614117584530E-002  5.942683766865491E-002
   15.9109197651663       1.817790979754744E-002  4.436758476541173E-002
   15.9696242661448      -5.649880557540321E-002 -6.160805181898252E-003
   16.0283287671233      -8.884086536591135E-002 -7.575481780085783E-002
   16.0870332681018      -6.046153279958574E-002 -8.922547829031283E-002
   16.1457377690802      -4.826069333632420E-002 -8.210570753357022E-002
   16.2044422700587      -7.071623436965573E-002 -4.137489902075594E-002
   16.2631467710372      -0.114512524492780       2.160291727002536E-002
   16.3218512720157      -0.116950800105550       1.830501532980839E-002
   16.3805557729941      -9.078890661662779E-002  5.401034287224565E-002
   16.4392602739726      -9.308621662711070E-002  9.829242538945897E-002
   16.4979647749511      -0.112438069864408       0.111472828797013     
   16.5566692759296      -0.153965804451211       5.758665087658203E-002
   16.6153737769080      -9.394920069869772E-002  1.483257409661339E-002
   16.6740782778865      -1.187136909495313E-002 -3.912162238730361E-002
   16.7327827788650       1.020234290405629E-002 -4.962541168349962E-002
   16.7914872798434      -2.543714964656066E-002 -2.444707471863799E-003
   16.8501917808219      -3.170720092816032E-002  2.097306472422442E-002
   16.9088962818004       1.518450659785949E-002  4.356855696236660E-002
   16.9676007827789       7.500361344832672E-003  5.165213718297460E-002
   17.0263052837573      -3.634797418960727E-002  8.728044123431347E-002
   17.0850097847358      -4.844457204530391E-002  0.104491588185916     
   17.1437142857143      -3.433668503019068E-002  8.578177083682742E-002
   17.2024187866928       3.317913800148804E-002  6.935124155663810E-002
   17.2611232876712       8.714456691743261E-002  4.677516641527289E-002
   17.3198277886497       9.419845862897433E-002  2.897184475110634E-002
   17.3785322896282       7.911954571335707E-002  4.058301470364167E-002
   17.4372367906067       1.807426654441800E-003  1.132313773031129E-002
   17.4959412915851      -2.642766446899515E-002  1.738574882012726E-003
   17.5546457925636      -4.388594101363034E-002  5.322910876529863E-004
   17.6133502935421      -2.492442998390414E-002  8.382105096434667E-003
   17.6720547945205       1.287582113774863E-002 -2.829489187360017E-002
   17.7307592954990       8.055618313481984E-003  4.760281345866792E-003
   17.7894637964775       1.191018250815067E-002  6.659093876002650E-002
   17.8481682974560      -1.494310099896826E-002  7.686781420921326E-002
   17.9068727984344      -3.195608344768980E-003  5.197843893780423E-002
   17.9655772994129       3.767286000761719E-002  5.356377564223257E-002
   18.0242818003914       6.335132004876315E-002 -7.123092937944678E-003
   18.0829863013699      -3.288115665249593E-003 -9.607413287736025E-003
   18.1416908023483      -7.950819232539624E-003  3.315151654918722E-002
   18.2003953033268       1.276828914012505E-003  5.082394082309622E-002
   18.2590998043053       2.102301956564531E-002  6.958001309819019E-002
   18.3178043052838       4.012318887996098E-002  2.871745030878617E-002
   18.3765088062622       2.504049262301779E-002 -4.625629475494843E-002
   18.4352133072407      -1.863156515500958E-002 -3.043191240221164E-002
   18.4939178082192       1.373999191382230E-003 -4.137198511105744E-002
   18.5526223091977      -3.483376077231175E-002 -3.831921081857928E-002
   18.6113268101761      -3.546117084322543E-002 -3.258142442531620E-002
   18.6700313111546      -4.833630438806791E-002 -2.396557040475081E-002
   18.7287358121331      -9.066354833503044E-002 -4.079118323892465E-003
   18.7874403131115      -8.694619447257466E-002  5.317703194287179E-003
   18.8461448140900      -4.272598524166334E-002 -2.023817936091007E-002
   18.9048493150685      -5.944632925962307E-002 -3.529055319370605E-002
   18.9635538160470      -4.533392541493589E-002 -2.732688402930469E-002
   19.0222583170254      -1.582521158103128E-002 -6.590381862023098E-002
   19.0809628180039       1.577671743397514E-002 -0.102610597044878     
   19.1396673189824       7.135012379381223E-002 -0.145801027486980     
   19.1983718199609       8.302501716587687E-002 -0.171146683397557     
   19.2570763209393       6.872171157783150E-002 -0.160617207036145     
   19.3157808219178       5.582665775163762E-002 -9.255985807793209E-002
   19.3744853228963       3.975393739960244E-002  2.271156097124929E-002
   19.4331898238748       6.628554926708066E-003  5.685650700297915E-002
   19.4918943248532      -1.604900852422930E-002  7.817613445901771E-002
   19.5505988258317      -8.278359268978985E-002  6.508261909230285E-002
   19.6093033268102      -0.148462282341478       0.104152079283958     
   19.6680078277886      -0.156312175153144       0.118621818693616     
   19.7267123287671      -9.504373971241575E-002  0.139779533141011     
   19.7854168297456      -1.271839831291604E-002  0.139146534956087     
   19.8441213307241       1.830234396459020E-002  4.926068408594971E-002
   19.9028258317025      -1.284099245422348E-002  2.001211422590741E-002
   19.9615303326810      -4.699729476432514E-002  8.015870628795718E-002
   20.0202348336595      -1.675761264811867E-002  0.121221774679367     
   20.0789393346380      -4.773676003553429E-002  0.131668032684922     
   20.1376438356164      -3.482879570298325E-002  0.102192218259263     
   20.1963483365949      -6.680470310199790E-002  3.359387865078293E-002
   20.2550528375734      -3.463417102889545E-002  4.207212974014061E-002
   20.3137573385519       6.426872854095054E-003  2.782334199820179E-002
   20.3724618395303       2.801033399984509E-002 -1.304190752711244E-002
   20.4311663405088      -1.264913098897440E-003 -5.548546467136755E-002
   20.4898708414873       9.834000369294967E-003 -2.742207557406755E-002
   20.5485753424658       5.748376653330182E-002 -3.301918202376421E-002
   20.6072798434442       9.195399960643866E-002 -9.401598620044954E-002
   20.6659843444227       7.082387884397164E-002 -3.797376889496892E-002
   20.7246888454012       2.751130787409115E-002  4.003802976227726E-002
   20.7833933463796       3.426828065572853E-003  4.770320571719973E-002
   20.8420978473581      -8.266773455558190E-003  6.459450320359278E-002
   20.9008023483366      -1.068746766129191E-002  5.849522669884075E-002
   20.9595068493151      -1.618051627523396E-002  5.476566121535898E-002
   21.0182113502935      -3.685865500265467E-002  3.591052918999869E-002
   21.0769158512720      -3.427212941690647E-002  6.892738220024425E-002
   21.1356203522505      -3.644242825172621E-002  3.736726577068117E-002
   21.1943248532290      -6.286235092364725E-002  6.296578451297080E-003
   21.2530293542074      -6.689566642101948E-002  1.015796254058704E-002
   21.3117338551859      -4.765366738255292E-002  1.606015806036333E-002
   21.3704383561644      -3.974575914369007E-002  3.443010773348905E-002
   21.4291428571429      -5.022706960047334E-002  5.767937681157437E-002
   21.4878473581213      -5.937614062224486E-002  8.101438829987258E-002
   21.5465518590998      -6.039672446242760E-002  7.156550499755714E-002
   21.6052563600783      -6.589875036869783E-002  4.419888194342967E-002
   21.6639608610568      -2.699727584248719E-002  1.245688993521800E-002
   21.7226653620352      -1.258045034777778E-002 -1.373065622848278E-002
   21.7813698630137       1.348803407715841E-002 -3.110727094136341E-002
   21.8400743639922       5.791466102136972E-002 -5.182736195622691E-002
   21.8987788649706       8.011625578440400E-002 -4.432044207125098E-002
   21.9574833659491       0.105485715538479       3.623120071775000E-003
   22.0161878669276       0.138267737860650       4.807291652515980E-002
   22.0748923679061       0.118933523076947       6.801251881724521E-002
   22.1335968688845       9.655062560107033E-002  7.807338873619188E-002
   22.1923013698630       5.005924111473548E-002  5.742133454462556E-002
   22.2510058708415       9.495432410327499E-003  3.530300943407609E-002
   22.3097103718200       7.118146698169313E-003  1.625347069283729E-002
   22.3684148727984       4.933664068621609E-002 -2.463929528978173E-002
   22.4271193737769       8.181420901773734E-002 -4.179762843758365E-002
   22.4858238747554       5.352399147333491E-002 -2.735572013186671E-002
   22.5445283757339       5.437366623374218E-002  3.117057534440222E-002
   22.6032328767123       4.164127334810915E-002  4.766907042258437E-002
   22.6619373776908       2.613250151853349E-002  4.397706115341216E-002
   22.7206418786693      -3.111119342050807E-003  2.775987545677738E-002
   22.7793463796478       2.627000541823002E-002  2.717824007305996E-002
   22.8380508806262       1.946424937698471E-002 -2.459119808232552E-002
   22.8967553816047      -1.880999834440367E-002 -2.953694392412542E-002
   22.9554598825832      -2.639571871435997E-002 -4.497895084628311E-002
   23.0141643835616      -2.409388482259320E-002 -5.277958936751238E-002
   23.0728688845401      -1.739698721353598E-003 -1.453730130148258E-002
   23.1315733855186       8.942680009134532E-002 -3.572295289263501E-002
   23.1902778864971       0.114776231850464      -4.917035181788700E-002
   23.2489823874755       9.694290756042527E-002 -5.424465670258823E-002
   23.3076868884540       2.662295966427503E-002  7.030898800084541E-003
   23.3663913894325      -3.031745429365859E-002  2.749904408535799E-002
   23.4250958904110      -5.159179584990349E-002  2.343752516671747E-002
   23.4838003913894      -3.971335072182196E-002 -8.346466121615961E-003
   23.5425048923679      -9.091036148320727E-003 -4.485903950141616E-002
   23.6012093933464       4.764854986095038E-002 -2.835019415111675E-002
   23.6599138943249       0.112776202284906      -4.273142595679651E-002
   23.7186183953033       0.106327969649048      -3.163770125626506E-002
   23.7773228962818       8.314177779545420E-002  1.922657788876028E-002
   23.8360273972603       4.311993430998726E-002  4.332938840041421E-002
   23.8947318982387       7.488234154728192E-002  2.819853298142884E-002
   23.9534363992172       0.111820873583227      -1.230310480364519E-002
   24.0121409001957       6.711568531178580E-002 -1.705035139308293E-002
   24.0708454011742       3.188023635493673E-002 -2.266358465216419E-002
   24.1295499021526       3.411902261109004E-002 -1.691482856347628E-002
   24.1882544031311       1.811998970869491E-002  7.115202908488717E-003
   24.2469589041096      -3.088619582928140E-003  7.052396030144832E-002
   24.3056634050881       5.534726740297240E-003  0.113920632898615     
   24.3643679060665      -2.842501922223973E-002  9.282856476896012E-002
   24.4230724070450      -8.726260417410112E-002  5.487427128820187E-002
   24.4817769080235      -9.364620798903042E-002  3.413045203757308E-002
   24.5404814090020      -0.123071814193347      -2.505840310213679E-003
   24.5991859099804      -0.145396825919971      -3.734071295059808E-002
   24.6578904109589      -0.139702546113633      -4.681326348183505E-002
   24.7165949119374      -0.111689118795482      -1.933324973845441E-003
   24.7752994129159      -0.106977724990448       3.861578486612430E-002
   24.8340039138943      -8.477983035641912E-002  4.832805016517615E-002
   24.8927084148728      -7.226320325382771E-002  3.590103409729119E-002
   24.9514129158513      -1.722880110532845E-002  6.702714564254919E-003
   25.0101174168297       5.799394933336073E-002 -6.134022944234530E-002
   25.0688219178082       0.121373300716556      -8.010357968054108E-002
   25.1275264187867       0.145184117992496      -7.151003419479092E-002
   25.1862309197652       0.117862337024500      -2.287678883766111E-002
   25.2449354207436       8.838689023803456E-002  3.143771847784981E-002
   25.3036399217221       6.738511797846383E-002  9.770493980229841E-002
   25.3623444227006       9.326163209326191E-002  0.104198187613207     
   25.4210489236791       0.102401185648345       6.473641344417649E-002
   25.4797534246575       4.196029668741162E-002  5.373828503405111E-002
   25.5384579256360       4.694947404412556E-002  3.340551853400489E-002
   25.5971624266145       3.762086423779135E-003  3.284545948616142E-002
   25.6558669275930      -2.498073185569170E-002 -1.087732809514200E-002
   25.7145714285714      -8.912741930576808E-002 -2.083726001597790E-002
   25.7732759295499      -0.113770018312503      -2.474530276167072E-002
   25.8319804305284      -9.205377462357078E-002 -4.980554798276007E-002
   25.8906849315069      -8.941399307615414E-002  3.390166844796726E-002
   25.9493894324853      -3.747901885873454E-002  3.689108449505388E-002
   26.0080939334638      -3.794639474524684E-002  5.540426322440560E-002
   26.0667984344423      -2.543088798202352E-002  5.787651281045525E-002
   26.1255029354207      -4.934951828823635E-002  2.203415795768002E-002
   26.1842074363992       1.048477080898427E-002  9.343721086482369E-003
   26.2429119373777       1.616290274238420E-002 -2.284928173214305E-002
   26.3016164383562       2.910920558203130E-002 -2.345486347899580E-002
   26.3603209393346       3.634785768547319E-002 -4.208224612121297E-002
   26.4190254403131       7.829009231707741E-003 -1.899023922127560E-002
   26.4777299412916       3.083697620892474E-002 -4.652290944721576E-002
   26.5364344422701       8.210520644287053E-002 -4.534835709235662E-002
   26.5951389432485       0.141698160435011      -3.073869498515304E-002
   26.6538434442270       0.137908167857152      -1.301395010379646E-002
   26.7125479452055       0.136303491051703       1.764767430126701E-002
   26.7712524461840       0.126946688851501       8.731237892108694E-003
   26.8299569471624       8.845096222117868E-002  8.457142261813894E-003
   26.8886614481409       6.761477998414188E-002 -5.666557967556676E-003
   26.9473659491194       8.123690510325444E-002 -5.456006329065007E-003
   27.0060704500978       7.863015514016602E-002 -5.495666502406613E-003
   27.0647749510763       2.799216041418665E-002 -4.330347449373764E-002
   27.1234794520548      -1.423993437680245E-003 -1.982945699133322E-002
   27.1821839530333      -4.263645964045406E-002 -4.292368661603276E-002
   27.2408884540117      -7.118581296838103E-002 -8.745903120851745E-002
   27.2995929549902      -0.105071411214095      -0.105340627363452     
   27.3582974559687      -4.893625948424342E-002 -0.123652229972940     
   27.4170019569472      -1.906774178500217E-002 -8.450150773842646E-002
   27.4757064579256       1.818509111024551E-002 -1.545089824824308E-002
   27.5344109589041       3.448050077205057E-002 -8.239885060995159E-003
   27.5931154598826       3.415121853080580E-002 -3.928214686838812E-002
   27.6518199608611       1.220606826345668E-003 -6.346936133531188E-002
   27.7105244618395      -2.088677601408323E-002 -6.884543602785692E-002
   27.7692289628180      -8.689011640364987E-003 -0.115367826980590     
   27.8279334637965       3.567097417561400E-003 -0.157394242488300     
   27.8866379647750       5.784924337190509E-002 -0.152584434282164     
   27.9453424657534       0.122924014485004      -0.159931454972586     
   28.0040469667319       0.112478505856948      -9.766034572849183E-002
   28.0627514677104       0.118677669844888      -4.376948092369595E-002
   28.1214559686888       9.079372188614572E-002  4.749706025890236E-002
   28.1801604696673       4.206617620955073E-002  6.413147125518073E-002
   28.2388649706458      -5.430233255299878E-003  8.852993502991069E-002
   28.2975694716243       1.943767060830381E-003  5.315593263337078E-002
   28.3562739726027      -1.957477879006916E-002 -5.777715112516597E-003
   28.4149784735812      -4.682397000208553E-002 -1.339810080237060E-002
   28.4736829745597      -1.057280029856567E-002 -1.422350917999057E-002
   28.5323874755382       2.605044414961079E-002  1.176794988476433E-002
   28.5910919765166       6.879259549877784E-002  3.399034111346125E-002
   28.6497964774951       9.963263305219325E-002 -5.043153071156450E-002
   28.7085009784736       6.131563861591154E-002 -9.096633748413829E-002
   28.7672054794521       4.843214854158917E-002 -8.978107254723890E-002
   28.8259099804305       3.423331971240493E-002 -6.566804620289622E-002
   28.8846144814090       5.913353458838329E-002  1.724821082445804E-002
   28.9433189823875       9.417807320021658E-002  4.973587810359677E-002
   29.0020234833659       0.146923406171920       5.109987027445363E-002
   29.0607279843444       0.101978281400152       4.657726355305308E-002
   29.1194324853229       2.469664468407503E-002  0.103926593936443     
   29.1781369863014       1.683336246236095E-002  0.101767759883214     
   29.2368414872798       1.799136837096506E-002  5.874210151951444E-002
   29.2955459882583       1.201907578498210E-002  5.214039704382005E-002
   29.3542504892368      -5.024903595364713E-003  3.510421023271506E-003
   29.4129549902153       1.538380058086422E-002 -8.532159850063564E-003
   29.4716594911937       6.467460070711695E-003  3.687413777409213E-002
   29.5303639921722       2.201312574062868E-002  6.314961794698720E-002
   29.5890684931507       2.225821814608268E-002  7.981171434683332E-002
   29.6477729941292       3.152667034215192E-002  5.250953365260203E-002
   29.7064774951076      -2.759824095900529E-002  1.093087440370059E-002
   29.7651819960861      -5.703195953840630E-002  4.904118913805010E-002
   29.8238864970646      -5.316631834752974E-002  7.407071389095465E-002
   29.8825909980431      -6.436489232654284E-002  0.105737167910624     
   29.9412954990215      -3.609762502666812E-002  0.122243256858398     
   30.0000000000000       2.851495325494266E-003  6.110775944553625E-002
  2.000000000000000E-003 -1.059997644218019E-002  1.066605854198523E-002
  6.070450097847359E-002  1.968236635184258E-003 -3.698880073529092E-003
  0.119409001956947       1.065693444510613E-002 -4.764579249873898E-005
  0.178113502935421      -8.718417865946607E-003  4.094320601655990E-003
  0.236818003913894      -4.892578560026431E-003 -9.442668905661564E-003
  0.295522504892368      -1.133310097476249E-002 -9.919292909320374E-003
  0.354227005870842       5.003825616946404E-003 -4.156711333501531E-003
  0.412931506849315      -2.124542691817561E-002  9.345036137270066E-003
  0.471636007827789      -1.684581603206777E-002  2.698821195191075E-003
  0.530340508806262       3.645368481034910E-005 -4.750301463681154E-003
  0.589045009784736      -9.079154073187525E-004 -2.206417387003882E-002
  0.647749510763209      -2.112900881765389E-002 -5.243554144553138E-002
  0.706454011741683      -1.850943394230779E-002 -5.394120666937637E-002
  0.765158512720157      -1.065578069317651E-002 -6.486642307432989E-003
  0.823863013698630      -7.559354411831894E-003  4.510934108277580E-002
  0.882567514677104       1.402319846778346E-002  5.399595700148927E-002
  0.941272015655577       4.369965677605106E-002  4.752007903576519E-002
  0.999976516634051       6.329324502947140E-002 -1.188019597833309E-002
   1.05868101761252       7.320282226710219E-002  1.806150755569603E-004
   1.11738551859100       4.135530583913873E-002  1.359064328170428E-002
   1.17609001956947       9.592663643492181E-003  8.657177534470817E-002
   1.23479452054795      -5.626009182598526E-002  0.126996518371080     
   1.29349902152642      -0.162456075181328       9.234759994493623E-002
   1.35220352250489      -0.248412449650476       4.252458618832638E-003
   1.41090802348337      -0.282773143727192      -7.138965875234811E-002
   1.46961252446184      -0.268836420174323      -8.531861727559188E-002
   1.52831702544031      -0.217725831007203      -0.111574995181181     
   1.58702152641879      -0.182248145199043      -0.120927828936372     
   1.64572602739726      -0.136149711820012      -0.180077047852401     
   1.70443052837573      -8.247619142420254E-002 -0.227893018484389     
   1.76313502935421      -3.088039239850261E-002 -0.281820171260884     
   1.82183953033268       6.476009590918010E-002 -0.268724653842305     
   1.88054403131115       0.116652460969290      -0.270960458205056     
   1.93924853228963       0.133220584652032      -0.277354232229707     
   1.99795303326810       5.804755351502817E-002 -0.360568067759949     
   2.05665753424658      -1.681797951154526E-002 -0.461964307640341     
   2.11536203522505      -0.135523848308651      -0.494247328005257     
   2.17406653620352      -0.225909100384396      -0.609340892872894     
   2.23277103718200      -0.268686040037390      -0.749652977659268     
   2.29147553816047      -0.297477520743734      -0.843205205149200     
   2.35018003913894      -0.349894071615436      -0.818326408254508     
   2.40888454011742      -0.465746169475770      -0.756805499861313     
   2.46758904109589      -0.482774155731518      -0.648667342267338     
   2.52629354207436      -0.404198616018814      -0.439621228677407     
   2.58499804305284      -0.379507032450246      -0.236955304112297     
   2.64370254403131      -0.384958366282397      -8.373595773428098E-002
   2.70240704500978      -0.427691845394934       6.255138285251828E-002
   2.76111154598826      -0.465405368449723       0.153159203340318     
   2.81981604696673      -0.486021656042973       0.240621816118462     
   2.87852054794521      -0.472557715206333       0.290181003820285     
   2.93722504892368      -0.421876326553779       0.266797982009275     
   2.99592954990215      -0.373197777354848       0.229020523227200     
   3.05463405088063      -0.310814346937362       0.183833547931505     
   3.11333855185910      -0.263724689344159       0.202379693451105     
   3.17204305283757      -0.234067233518106       0.146356845827896     
   3.23074755381605      -0.178185890761086       1.516148549334530E-002
   3.28945205479452      -5.306691337808912E-002 -7.661985936470754E-002
   3.34815655577299       4.426313909693697E-002 -0.128003493280661     
   3.40686105675147       7.779527182851269E-002 -0.152702253020423     
   3.46556555772994       0.105189085807980      -0.158172629757583     
   3.52427005870842       0.113139148754930      -0.172485600948744     
   3.58297455968689       5.154367570542846E-002 -0.120052597446774     
   3.64167906066536      -2.168094466651853E-002 -0.112179209963379     
   3.70038356164384      -1.557201503887556E-002 -9.727087325062012E-002
   3.75908806262231      -2.161205917011957E-003 -9.780413031662895E-002
   3.81779256360078       5.610897715069638E-002 -6.923037068871590E-002
   3.87649706457926       4.448534683333050E-002 -2.533514749278074E-002
   3.93520156555773      -5.613383754685758E-002  1.730682469236786E-002
   3.99390606653620      -0.100349292503725       2.094351424851352E-002
   4.05261056751468      -0.129886093916215       1.079444327131964E-002
   4.11131506849315      -0.140497272310744      -2.631515375699921E-002
   4.17001956947162      -0.138801096593322      -3.524416174355602E-002
   4.22872407045010      -0.122228107225392      -7.064804957509772E-002
   4.28742857142857      -4.420342731034820E-002 -6.583044380244731E-002
   4.34613307240704       2.621142751423921E-002 -4.720393131601917E-002
   4.40483757338552      -2.413832673874870E-003 -3.203698212661160E-002
   4.46354207436399      -2.870788903518559E-002 -9.673932009710064E-002
   4.52224657534247      -3.382237935144308E-002 -0.129860455759597     
   4.58095107632094      -2.584114035932219E-002 -0.119377717225735     
   4.63965557729941      -1.808165353315920E-002 -9.063360089058380E-002
   4.69836007827789      -1.552015851271002E-002 -9.653784373364102E-002
   4.75706457925636      -1.448570547775849E-002 -0.111224923787528     
   4.81576908023483       2.256804105515943E-002 -0.105103799024351     
   4.87447358121331       2.752915844815956E-002 -9.744901152993982E-002
   4.93317808219178       1.756164484271560E-002 -6.197986131285028E-002
   4.99188258317025       3.659075618747662E-003 -8.032463831933243E-002
   5.05058708414873       5.933465072110888E-002 -6.724096587347332E-002
   5.10929158512720       6.051257242135835E-002 -3.418365644291797E-002
   5.16799608610568       3.826404749469618E-002 -1.098055149257525E-002
   5.22670058708415       4.174434431590013E-002 -5.629505405618564E-002
   5.28540508806262       6.416603413347526E-002 -5.571687903689685E-002
   5.34410958904110       5.632347054413757E-002 -7.768045438287489E-002
   5.40281409001957       5.438709503479615E-002 -5.061621306301688E-002
   5.46151859099804       5.127094223441350E-002 -7.239048787669768E-004
   5.52022309197652       2.612549866210363E-002  6.512329340623582E-002
   5.57892759295499      -1.824764940313062E-002  0.144387933546604     
   5.63763209393346      -4.936778486019953E-002  0.157790803232926     
   5.69633659491194      -9.022931817962566E-002  0.113840885084097     
   5.75504109589041      -0.147117523095287       5.592411133777695E-002
   5.81374559686888      -0.168391443019530       2.350966977396876E-002
   5.87245009784736      -0.218164430444758       1.895201572401147E-002
   5.93115459882583      -0.213640488081707       3.137890922618002E-002
   5.98985909980431      -0.144298967239564       2.385059214396730E-002
   6.04856360078278      -3.746807629331471E-002  5.212191237626944E-002
   6.10726810176125      -6.647883472977699E-003  4.450480998923732E-002
   6.16597260273973       2.843614729939740E-002 -8.706299069635319E-003
   6.22467710371820       7.470904257593070E-002 -6.549543164112898E-002
   6.28338160469667       0.108852473011254      -1.638708583068246E-002
   6.34208610567515       0.125172612233101       1.387895481773636E-002
   6.40079060665362       0.128523543830702       5.609650331306568E-002
   6.45949510763209       0.186727335891950       8.347658516104778E-002
   6.51819960861057       0.198126286675394       0.106003783400034     
   6.57690410958904       0.156398927010306       8.882038740304238E-002
   6.63560861056752       6.339502928931964E-002  8.351979001384820E-002
   6.69431311154599      -5.216630515519724E-003  9.755817753088163E-002
   6.75301761252446      -8.469740005438907E-002  0.143483641578799     
   6.81172211350294      -9.157963510565428E-002  0.127673916899439     
   6.87042661448141      -5.186287954141059E-002  0.125367902704004     
   6.92913111545988       7.395332382305581E-003  6.635946103055070E-002
   6.98783561643836       1.729837931874717E-002 -2.352710641955977E-002
   7.04654011741683       3.733466146095851E-002 -5.385889045102044E-002
   7.10524461839530       9.896165748472505E-002 -5.443075620049358E-002
   7.16394911937378       9.740723826431583E-002 -4.257262107473035E-002
   7.22265362035225       9.622436124572170E-002 -1.575661962947932E-002
   7.28135812133072       6.372786986552426E-002  4.243743433074790E-002
   7.34006262230920      -1.340807798367752E-002  2.416364938815541E-002
   7.39876712328767      -1.989999226851471E-002 -9.865273967956674E-003
   7.45747162426615      -2.056432478644978E-002 -3.235217855147246E-002
   7.51617612524462      -3.616556108897855E-002 -3.706448368708496E-002
   7.57488062622309      -3.790706818382787E-002 -4.819263223840483E-002
   7.63358512720157      -3.013368201596898E-003 -4.676446575637662E-002
   7.69228962818004      -1.527588931900165E-002 -4.003264543230579E-002
   7.75099412915851      -4.565900070943031E-002 -5.460318319204820E-002
   7.80969863013699       3.539432520353374E-003 -6.999296158730367E-002
   7.86840313111546       7.478806059917640E-003 -8.770728465699489E-002
   7.92710763209393       4.989858470440373E-002 -9.993419115796823E-002
   7.98581213307241       1.154254805903426E-002 -0.115376448532948     
   8.04451663405088       1.349304105606138E-002 -0.109489895919692     
   8.10322113502936       3.822115021895238E-002 -2.989935577277305E-002
   8.16192563600783       7.178427416487738E-002  5.876934949087338E-002
   8.22063013698630       7.677297833723631E-002  0.142480951268299     
   8.27933463796478       0.106012282732929       0.160366524864651     
   8.33803913894325       3.914188934514997E-002  0.209540116306875     
   8.39674363992172      -2.385426024646323E-002  0.181660540828251     
   8.45544814090020      -7.952669738201588E-002  0.126608642314676     
   8.51415264187867      -7.652937462147116E-002  8.572388359901625E-002
   8.57285714285714      -2.075875177552107E-002  1.972741426875579E-002
   8.63156164383562       3.077974080190926E-002 -5.017164416951989E-002
   8.69026614481409       9.725345293802082E-002 -6.481098510871920E-002
   8.74897064579256       0.101731053191175      -8.392727136968120E-004
   8.80767514677104       5.509400467416863E-002  3.038926652787754E-002
   8.86637964774951       9.046626390580228E-003  7.255118718127171E-002
   8.92508414872799      -6.701730720347328E-002  4.198422526024446E-002
   8.98378864970646      -8.480498275626101E-002 -3.514766908612851E-002
   9.04249315068493      -5.466511917326482E-002 -0.101156206513255     
   9.10119765166341      -2.895149627904290E-002 -0.123674965682576     
   9.15990215264188      -7.898106523013673E-003 -0.122599400147385     
   9.21860665362035       3.707452870111295E-003 -0.140206057808329     
   9.27731115459883       7.819466304831421E-003 -0.114860751383049     
   9.33601565557730      -2.639628257689210E-002 -7.783564685731185E-002
   9.39472015655577      -1.862719370188280E-002 -8.930886067761082E-002
   9.45342465753425      -3.997343966367609E-002 -2.252371254017400E-002
   9.51212915851272      -0.119905377893332      -4.530994121276175E-002
   9.57083365949119      -0.101544107166525      -5.259471055579275E-002
   9.62953816046967      -7.144024633631986E-002 -6.885568583458264E-002
   9.68824266144814       1.637523235871832E-003 -3.486934892010526E-002
   9.74694716242662       2.757728284464495E-002  2.407646875879221E-002
   9.80565166340509      -3.723431422957227E-002  2.118583614890805E-002
   9.86435616438356      -4.190790900452705E-002  1.429478412442651E-002
   9.92306066536204      -8.920242506683637E-002 -1.807509107935262E-002
   9.98176516634051      -5.785309341370605E-002 -4.414855609767396E-002
   10.0404696673190      -7.316080467431702E-003 -1.279173116018036E-002
   10.0991741682975      -2.991673753047793E-002  1.315434058052346E-002
   10.1578786692759       1.867722587713962E-002  1.811209634874457E-002
   10.2165831702544       5.058141814021078E-002  1.433689260883136E-002
   10.2752876712329       9.354852394045195E-002 -4.332066240764221E-002
   10.3339921722114       0.190456919584497      -7.933394292684254E-002
   10.3926966731898       0.170665178420785      -0.115691415701582     
   10.4514011741683       0.111023250767067      -0.157574637133290     
   10.5101056751468       5.661309738602893E-002 -0.206210763214089     
   10.5688101761252      -1.384273516572046E-002 -0.224104790520935     
   10.6275146771037      -1.643200534160875E-002 -0.217468460515458     
   10.6862191780822      -3.926724486471415E-002 -0.161556955052402     
   10.7449236790607      -5.166009990960867E-002 -0.139672513020541     
   10.8036281800391      -1.360711440270311E-002 -0.100727800561187     
   10.8623326810176      -1.585790032177914E-002 -6.893828176472068E-002
   10.9210371819961      -2.663289155176150E-002 -5.574212384959880E-002
   10.9797416829746      -2.459293013798424E-002 -3.961410539932413E-003
   11.0384461839530      -6.801000413564708E-002  1.919295286212801E-002
   11.0971506849315      -6.823790214710874E-002  1.507891385262980E-002
   11.1558551859100      -4.975293134525295E-002  2.840927850494834E-002
   11.2145596868885      -2.801259358816142E-002  4.490557978934245E-002
   11.2732641878669      -1.586967027837829E-003  3.717284703209429E-002
   11.3319686888454      -6.405741695717997E-003 -1.204442463284958E-002
   11.3906731898239       5.282335853363469E-003 -1.200365288284176E-002
   11.4493776908024      -7.751410594235786E-003 -5.448602195720912E-002
   11.5080821917808      -2.827012528024749E-002 -7.709565779388557E-002
   11.5667866927593      -5.867634690270587E-003 -5.267664043395455E-002
   11.6254911937378      -4.099816497732226E-003  5.707771924630130E-003
   11.6841956947162      -6.167368039243713E-002  6.810011608915309E-002
   11.7429001956947      -8.126775941327435E-002  5.294032191349789E-002
   11.8016046966732      -7.738842889060336E-002  5.408664785455312E-002
   11.8603091976517      -6.918721508562978E-002 -9.710768426579273E-003
   11.9190136986301      -3.793914297801064E-003 -3.976099676029379E-002
   11.9777181996086       4.927305380267760E-002  2.234472941189714E-002
   12.0364227005871       1.841965064651962E-002  6.161228891345383E-002
   12.0951272015656       1.179105260166178E-002  9.793015503681382E-002
   12.1538317025440      -7.235684071009720E-003  0.158473053289383     
   12.2125362035225      -1.839823919528597E-003  0.163508373797672     
   12.2712407045010       5.332329338707021E-003  0.199128295619540     
   12.3299452054795       4.739263972793609E-002  0.159940728569335     
   12.3886497064579       6.520539886865689E-002  7.978477875267839E-002
   12.4473542074364       8.045185041609725E-002  7.938116735429415E-002
   12.5060587084149       5.771582132526254E-002  5.741494644474129E-002
   12.5647632093933       4.674143385407296E-002  5.637612915751262E-002
   12.6234677103718      -2.136955073286601E-002  2.698806708923340E-002
   12.6821722113503       1.756838142103136E-002 -6.639222108877803E-004
   12.7408767123288       1.220192325549348E-002  3.209777184798211E-002
   12.7995812133072       2.392546713083998E-002  3.264210341642899E-002
   12.8582857142857       2.178764233354332E-002 -1.196058190154066E-002
   12.9169902152642      -6.222498926908598E-003 -4.775978330014636E-003
   12.9756947162427       8.581881875418043E-004 -6.999678688025384E-003
   13.0343992172211       1.581446489106882E-002  1.488469867199100E-002
   13.0931037181996      -2.321521787457604E-002 -1.337338630654545E-002
   13.1518082191781      -3.016076068288985E-002 -4.561413774258279E-002
   13.2105127201566      -5.357461976082723E-002 -8.970483487975461E-002
   13.2692172211350      -4.931610333006071E-002 -9.019947881984847E-002
   13.3279217221135      -6.497318989949376E-002 -5.539464287118523E-002
   13.3866262230920      -6.491850209074304E-002 -7.516502062335463E-002
   13.4453307240705      -8.799430446410679E-002 -3.328125227349875E-002
   13.5040352250489      -4.986872984172505E-002 -4.517599511377152E-002
   13.5627397260274      -2.742884918102883E-002 -5.426227140793169E-002
   13.6214442270059       1.161656269390790E-002 -1.816798148890921E-002
   13.6801487279843       4.531379710146013E-004  2.355002908650457E-003
   13.7388532289628       9.941868919984047E-003  1.991776777946505E-002
   13.7975577299413      -1.279860165694053E-002 -2.078350951648955E-002
   13.8562622309198       3.372094880226294E-002 -5.609083386308530E-002
   13.9149667318982       5.636483406341588E-002 -5.566808695685449E-002
   13.9736712328767       7.978969898961613E-002 -1.413228459392536E-002
   14.0323757338552       7.818723906872047E-002 -2.193938728768035E-002
   14.0910802348337       6.153874037554853E-002  2.158273442793345E-002
   14.1497847358121       5.617014162769755E-002  1.219878525911117E-002
   14.2084892367906       2.716716065984215E-002  1.351810350511753E-004
   14.2671937377691       3.450696228108665E-002  1.355010517392750E-002
   14.3258982387476       4.505824606215389E-002 -1.107556087825333E-002
   14.3846027397260       7.457962358669286E-002  1.147709119833966E-002
   14.4433072407045       7.194196874129305E-002  4.800846514730280E-002
   14.5020117416830       1.409837305850344E-002  5.233172893998733E-002
   14.5607162426614      -1.348718716907098E-002  2.625907348923998E-002
   14.6194207436399      -3.888231812402571E-002  4.349974114776084E-003
   14.6781252446184      -5.560851012741325E-002 -5.018206508449995E-002
   14.7368297455969      -5.162990472952832E-002 -2.945346936293519E-002
   14.7955342465753      -7.786576172859264E-002  1.611914781802998E-002
   14.8542387475538      -4.577690396951048E-002  8.264726785786389E-002
   14.9129432485323      -1.425980704919787E-002  0.142586598468848     
   14.9716477495108       1.667810978055769E-002  0.144196866634677     
   15.0303522504892       1.637852805676171E-002  0.116970286052621     
   15.0890567514677       5.459142834632717E-002  1.624064790868904E-002
   15.1477612524462       7.464540898564370E-002 -6.335983469792841E-002
   15.2064657534247       5.732944031237441E-002 -0.112298221635281     
   15.2651702544031      -1.427124754412992E-002 -8.637076886434814E-002
   15.3238747553816      -0.121366708648541      -7.388237360555661E-002
   15.3825792563601      -0.209058935995455      -9.466591658496537E-002
   15.4412837573386      -0.201326722764227      -0.106140873249959     
   15.4999882583170      -0.171959701937580      -4.420334385274504E-002
   15.5586927592955      -9.652507995348909E-002  2.979300956281243E-002
   15.6173972602740      -4.379284887214295E-002  5.364948343378252E-002
   15.6761017612524       6.653996777097756E-003  3.074934218719341E-002
   15.7348062622309       6.332820111582485E-002  1.775792162706252E-002
   15.7935107632094       9.959260870106282E-002  3.430013292031616E-002
   15.8522152641879       9.980084772326037E-002  6.330662056046507E-002
   15.9109197651663       3.143485061150064E-002  5.031352725252231E-002
   15.9696242661448      -3.434691279938812E-002 -4.172761568810836E-003
   16.0283287671233      -6.770131731288201E-002 -6.519577016437533E-002
   16.0870332681018      -3.211961361309564E-002 -8.987017953745902E-002
   16.1457377690802      -3.941179708033236E-002 -7.915766658952940E-002
   16.2044422700587      -7.918311635346971E-002 -3.259210889114870E-002
   16.2631467710372      -0.115655123931426       2.961129851905540E-002
   16.3218512720157      -0.139377477017312       2.711850692729103E-002
   16.3805557729941      -0.116575088997404       5.356405777243210E-002
   16.4392602739726      -0.125342816033041       0.104253545614906     
   16.4979647749511      -0.146046817919566       0.107813408650230     
   16.5566692759296      -0.177274943382182       6.639988862023359E-002
   16.6153737769080      -9.967764137083766E-002  2.377222359615029E-003
   16.6740782778865      -2.579710339825189E-002 -4.246164348082843E-002
   16.7327827788650      -4.470775654084040E-003 -4.062556026595780E-002
   16.7914872798434      -2.935516551980808E-002  2.041236081224545E-002
   16.8501917808219      -3.434250175078601E-002  5.100154782729642E-002
   16.9088962818004       1.332057949941509E-002  4.341856546090334E-002
   16.9676007827789      -5.096603176182759E-003  5.191288563411203E-002
   17.0263052837573      -3.897078375772837E-002  8.347366363961969E-002
   17.0850097847358      -4.164413384139722E-002  8.557996992373212E-002
   17.1437142857143      -1.994158628209856E-002  6.366559727069750E-002
   17.2024187866928       4.214086832153516E-002  4.586051034345343E-002
   17.2611232876712       8.491082373288958E-002  2.702877547572646E-002
   17.3198277886497       7.385566339579951E-002  3.209807650084454E-002
   17.3785322896282       5.448688020891147E-002  3.907377972800559E-002
   17.4372367906067      -2.406090781115703E-002  3.876641791424382E-002
   17.4959412915851      -4.900667930900425E-002  1.549689578389622E-002
   17.5546457925636      -6.420154147449383E-002  2.449937114063632E-002
   17.6133502935421      -2.381883423664606E-002  2.508706069331071E-002
   17.6720547945205      -1.247581046603780E-002 -1.098149635645836E-002
   17.7307592954990      -9.444901531497435E-003  3.329140554321065E-002
   17.7894637964775      -2.341768137350431E-003  8.793620028738090E-002
   17.8481682974560      -1.461875202299708E-002  0.108280597822031     
   17.9068727984344      -8.436271751181605E-003  6.957259223915623E-002
   17.9655772994129       5.500831484943508E-002  6.560758647870150E-002
   18.0242818003914       5.460136357510576E-002  3.465929419935957E-004
   18.0829863013699      -6.746331539374387E-003  2.177457262803160E-002
   18.1416908023483      -1.689022501717256E-003  5.625443887709730E-002
   18.2003953033268       1.928884978601350E-002  7.169699584453711E-002
   18.2590998043053       4.477416373667880E-002  7.271380858651068E-002
   18.3178043052838       6.463474538376282E-002  3.233123474512461E-002
   18.3765088062622       1.405731887861739E-002 -3.128536371803587E-002
   18.4352133072407      -9.537554490413089E-003  7.286645636932306E-003
   18.4939178082192      -1.280332330572898E-002 -2.131637600259301E-002
   18.5526223091977      -5.126179068658698E-002 -1.912697237141714E-002
   18.6113268101761      -5.875760106750029E-002 -3.524588367330470E-002
   18.6700313111546      -6.609901599748637E-002 -3.747398089229317E-002
   18.7287358121331      -9.963693604867083E-002 -5.525331926213770E-003
   18.7874403131115      -7.750355521582056E-002  1.601156618598658E-003
   18.8461448140900      -4.123264446424001E-002 -4.291142327230174E-002
   18.9048493150685      -6.089428255894817E-002 -3.514599180013277E-002
   18.9635538160470      -2.711051903287613E-002 -2.194959688665166E-002
   19.0222583170254       1.027679738744388E-002 -6.117475068968044E-002
   19.0809628180039       4.380288615128872E-002 -8.783290048368959E-002
   19.1396673189824       8.223413976086301E-002 -0.138142995980803     
   19.1983718199609       7.693361821651908E-002 -0.163800142167692     
   19.2570763209393       4.661169445049244E-002 -0.156779751926193     
   19.3157808219178       3.089575890162412E-002 -9.217962399866023E-002
   19.3744853228963       3.834885059583316E-002  3.278630229317632E-003
   19.4331898238748      -4.099746908290014E-003  4.027719204413264E-002
   19.4918943248532      -2.710711985383438E-002  5.034319371271244E-002
   19.5505988258317      -0.109717981611731       5.538241157835416E-002
   19.6093033268102      -0.162486292905701       0.101614737492560     
   19.6680078277886      -0.165750796135419       0.132605699214159     
   19.7267123287671      -8.158887091326686E-002  0.135175880701264     
   19.7854168297456       3.218549192305492E-004  0.112751977969014     
   19.8441213307241      -5.525965327161236E-004  3.811456812655176E-002
   19.9028258317025      -4.628994926638286E-002  2.513501290091120E-002
   19.9615303326810      -5.551302447031874E-002  0.106121477328696     
   20.0202348336595      -3.303835050158158E-002  0.117269961088336     
   20.0789393346380      -5.527883128881208E-002  0.139973323341839     
   20.1376438356164      -4.896570716237929E-002  9.196981506484067E-002
   20.1963483365949      -8.603241860800108E-002  5.115834273879150E-002
   20.2550528375734      -2.754517978632305E-002  4.381417866251715E-002
   20.3137573385519       1.648002358105749E-002  2.533604854096119E-002
   20.3724618395303       3.730826013432183E-002 -2.208651570412847E-002
   20.4311663405088       8.617649177824087E-003 -3.801111565589228E-002
   20.4898708414873       3.863424412610067E-002 -2.108158113220237E-002
   20.5485753424658       8.051922799268924E-002 -3.684678018708142E-002
   20.6072798434442       8.110933228948029E-002 -9.598915375821221E-002
   20.6659843444227       6.322181426596982E-002 -4.243485843255181E-002
   20.7246888454012       2.640197179698109E-002  3.743869545676051E-002
   20.7833933463796      -9.955839102543357E-003  4.673279608911896E-002
   20.8420978473581      -4.754165527237984E-003  5.314835516475412E-002
   20.9008023483366      -2.316639508731673E-002  5.204000455452028E-002
   20.9595068493151      -3.315292660336649E-002  5.749861213375656E-002
   21.0182113502935      -6.730963133453882E-002  5.790135622453117E-002
   21.0769158512720      -5.718792602173167E-002  8.042486626463434E-002
   21.1356203522505      -8.127864890911035E-002  5.191337503440466E-002
   21.1943248532290      -0.107624315323731       2.896428827753435E-002
   21.2530293542074      -9.964228413540382E-002  3.934019649793111E-002
   21.3117338551859      -8.108189021662100E-002  3.524275856557438E-002
   21.3704383561644      -7.137628649527386E-002  4.514121381170911E-002
   21.4291428571429      -6.944597624211077E-002  6.768476903879386E-002
   21.4878473581213      -6.274864328801406E-002  8.442731621447107E-002
   21.5465518590998      -6.712501441150076E-002  6.771177240103197E-002
   21.6052563600783      -6.064345424570626E-002  4.589700610201367E-002
   21.6639608610568      -2.640943990216848E-002  2.072297425021203E-004
   21.7226653620352      -1.224294699039654E-002 -2.737174102810726E-002
   21.7813698630137       1.589738557637260E-002 -5.063002961619271E-002
   21.8400743639922       6.201591955430337E-002 -6.980145757671458E-002
   21.8987788649706       8.459206365482648E-002 -6.095700515905138E-002
   21.9574833659491       0.119801071104827      -7.609948005778645E-003
   22.0161878669276       0.150330559231453       3.290758696756458E-002
   22.0748923679061       0.121286482196988       6.843336847900731E-002
   22.1335968688845       8.437636549214006E-002  7.746489207738115E-002
   22.1923013698630       1.778289151084108E-002  7.385224728448012E-002
   22.2510058708415      -2.804549843127263E-002  6.001605121224702E-002
   22.3097103718200      -2.955869584159537E-002  2.836258364790142E-002
   22.3684148727984       5.642043139362653E-003 -1.252276312393097E-002
   22.4271193737769       4.154489592880764E-002 -3.451731600664532E-002
   22.4858238747554       1.697839737345095E-002  3.278828869781869E-003
   22.5445283757339       3.742483303094626E-002  5.338207494824537E-002
   22.6032328767123       3.141808710746612E-002  7.199408415155366E-002
   22.6619373776908       1.612828280242425E-002  5.326281957428813E-002
   22.7206418786693      -9.473221299396900E-003  4.315799312465746E-002
   22.7793463796478       2.093467449431231E-002  1.201743385154454E-002
   22.8380508806262      -5.613852634026726E-003 -4.243897409390298E-002
   22.8967553816047      -2.888755123002293E-002 -3.800560050260506E-002
   22.9554598825832      -3.023334658359669E-002 -4.889459020902248E-002
   23.0141643835616      -1.973843026951101E-002 -4.945082435314955E-002
   23.0728688845401       3.719006586541566E-002 -1.149704104992517E-002
   23.1315733855186       0.112820370248238      -5.633689215082482E-002
   23.1902778864971       0.129814851099655      -6.585629300098218E-002
   23.2489823874755       8.083208688632440E-002 -6.724125818023763E-002
   23.3076868884540       1.983224448136850E-002  5.167461121604100E-003
   23.3663913894325      -2.441957556540082E-002  2.802246601448029E-002
   23.4250958904110      -3.877456694531481E-002  5.874497423700813E-003
   23.4838003913894      -3.275740017667586E-002 -3.107347797148647E-002
   23.5425048923679      -4.069041604205098E-006 -5.607598074427797E-002
   23.6012093933464       7.730126567946413E-002 -4.915739740138373E-002
   23.6599138943249       0.106023623755381      -7.227097895289629E-002
   23.7186183953033       9.198133482396251E-002 -3.281073212677091E-002
   23.7773228962818       8.056146254614635E-002  2.520366825585406E-002
   23.8360273972603       4.661498283412794E-002  5.703463103063423E-002
   23.8947318982387       6.988698725285124E-002  1.555002020875565E-002
   23.9534363992172       9.497723180818693E-002 -4.539581257178283E-002
   24.0121409001957       6.620600735967604E-002 -4.002141466898838E-002
   24.0708454011742       3.372812766108764E-002 -3.471582745822058E-002
   24.1295499021526       3.561672184863096E-002 -3.538586924025040E-002
   24.1882544031311       1.592701206587492E-002 -1.843787271302430E-003
   24.2469589041096       7.852840112119570E-003  6.635446938333461E-002
   24.3056634050881       1.441670712297351E-002  8.635433827426302E-002
   24.3643679060665      -2.996976370616722E-002  6.215704185586764E-002
   24.4230724070450      -9.315665997479876E-002  4.264525783232093E-002
   24.4817769080235      -9.711944956580536E-002  6.624492295024722E-003
   24.5404814090020      -0.117627233360745      -1.660579132651054E-002
   24.5991859099804      -0.139041609649666      -4.095481647011916E-002
   24.6578904109589      -0.138027469983865      -2.868847283312816E-002
   24.7165949119374      -0.105396702028198       7.282701684235400E-003
   24.7752994129159      -9.004805724006165E-002  4.342701365946847E-002
   24.8340039138943      -7.483666119812661E-002  4.300316771032908E-002
   24.8927084148728      -5.715272100586973E-002  3.171620946906147E-002
   24.9514129158513      -2.264863402081756E-004 -6.681768504393787E-003
   25.0101174168297       4.994038229190626E-002 -8.714913369078109E-002
   25.0688219178082       0.114828015209224      -0.105610188937180     
   25.1275264187867       0.136139049387365      -8.592189878189156E-002
   25.1862309197652       0.123778075733073      -2.266934723970657E-002
   25.2449354207436       0.106097816632638       4.399655898528414E-002
   25.3036399217221       0.103313604531267       0.105872389841232     
   25.3623444227006       0.116859298183819       9.098420403166842E-002
   25.4210489236791       9.615885449336609E-002  3.943271277454306E-002
   25.4797534246575       2.547886991062476E-002  4.482378795846986E-002
   25.5384579256360       9.532918567651087E-003 -1.885649335357648E-004
   25.5971624266145      -2.726232772732969E-002 -1.434410295339916E-003
   25.6558669275930      -7.506632447967475E-002 -5.007400153965286E-002
   25.7145714285714      -0.129360347779281      -4.159892230960932E-002
   25.7732759295499      -0.142596604449536      -2.413057198137942E-002
   25.8319804305284      -0.144582004639084      -4.986211620389285E-002
   25.8906849315069      -9.422688808205498E-002  2.400003741586150E-002
   25.9493894324853      -5.309891903619360E-002  1.656686093747764E-002
   26.0080939334638      -3.192741579382229E-002  4.015500707945042E-002
   26.0667984344423      -1.747729323348404E-002  3.341754524667721E-002
   26.1255029354207      -4.365802752462006E-002  2.792962156031823E-002
   26.1842074363992       5.917728643475399E-003  6.120295633389962E-003
   26.2429119373777       1.252946591483639E-002 -5.271387026025674E-003
   26.3016164383562       1.682873760800556E-002 -3.176300414581126E-003
   26.3603209393346       2.689169272338034E-002 -8.130486597371797E-003
   26.4190254403131       2.580767095542084E-002  2.433810233297631E-002
   26.4777299412916       4.236101137556540E-002 -8.933468647577558E-003
   26.5364344422701       9.315650506556372E-002 -2.099441121373484E-002
   26.5951389432485       0.142476270874370      -2.975319031570388E-002
   26.6538434442270       0.154350391761009      -6.258016653456882E-003
   26.7125479452055       0.147983181785095       1.533989392401343E-002
   26.7712524461840       0.125211219157952       1.165024173267406E-002
   26.8299569471624       8.522630830553481E-002  2.505761023878592E-003
   26.8886614481409       5.066040301459260E-002 -1.700535372120162E-002
   26.9473659491194       6.177605526612862E-002 -3.198110886630171E-002
   27.0060704500978       5.565097082949721E-002 -4.232855773654967E-002
   27.0647749510763       5.317030662217143E-003 -5.580859534378147E-002
   27.1234794520548      -5.078071213072927E-003 -3.379563221218327E-002
   27.1821839530333      -4.048329072302388E-002 -3.337589717227478E-002
   27.2408884540117      -8.542189431509545E-002 -8.512180806265206E-002
   27.2995929549902      -0.115582322757500      -9.269591710408051E-002
   27.3582974559687      -6.521206870430138E-002 -0.130024557847018     
   27.4170019569472      -1.292692109588560E-002 -8.787364070354861E-002
   27.4757064579256       5.159917407147190E-002 -3.509494914210724E-002
   27.5344109589041       6.238763249654243E-002 -1.362883453507129E-002
   27.5931154598826       4.633951766044085E-002 -5.241950323994462E-002
   27.6518199608611       1.804191572435497E-002 -7.772078747960998E-002
   27.7105244618395       9.497803641535851E-003 -8.461568671090706E-002
   27.7692289628180       3.377302398248506E-002 -0.137439121896728     
   27.8279334637965       4.010113480056155E-002 -0.162885107930893     
   27.8866379647750       8.700334622717305E-002 -0.147690793650115     
   27.9453424657534       0.112760705657873      -0.158020012632127     
   28.0040469667319       9.648798925294669E-002 -8.620060831892118E-002
   28.0627514677104       7.195350293400436E-002 -3.881875054345726E-002
   28.1214559686888       7.401569265279345E-002  2.384560547576238E-002
   28.1801604696673       1.961899360815148E-002  2.772459725761635E-002
   28.2388649706458       8.292546744921706E-003  4.840358591381840E-002
   28.2975694716243       6.709008396427268E-003  5.394814718985060E-003
   28.3562739726027      -2.556725168193718E-002 -3.668321443991400E-002
   28.4149784735812      -5.288648428198399E-002 -1.386133860612620E-002
   28.4736829745597      -7.661929115115909E-003 -1.281093066889201E-002
   28.5323874755382       4.546597387952056E-002 -1.683608549363849E-004
   28.5910919765166       0.112917885243079      -3.541817237581211E-003
   28.6497964774951       0.125847624616202      -8.939043906190890E-002
   28.7085009784736       7.940523806762864E-002 -0.127960651644170     
   28.7672054794521       5.327259360053233E-002 -0.133654331216424     
   28.8259099804305       3.405989362047367E-002 -9.522519169555888E-002
   28.8846144814090       7.116384346421253E-002 -2.229620971919331E-002
   28.9433189823875       8.667752403553358E-002  1.606189395584353E-002
   29.0020234833659       0.128959069921117       1.589374146292984E-002
   29.0607279843444       8.502251665215660E-002  4.613390601670088E-002
   29.1194324853229       3.593028862799368E-002  0.131672281423561     
   29.1781369863014       3.512416503768660E-002  0.125782746179813     
   29.2368414872798       3.147177362707132E-002  8.980517231312360E-002
   29.2955459882583       3.813716288678442E-002  7.931621818867322E-002
   29.3542504892368       9.960688080272576E-003  4.736650676656518E-002
   29.4129549902153       1.543118787328092E-002  1.006470254687476E-002
   29.4716594911937       5.605816999810775E-003  4.829831408681597E-002
   29.5303639921722       2.469755792209479E-002  2.982378774014744E-002
   29.5890684931507       4.623323635054398E-002  3.149798842589227E-002
   29.6477729941292       6.813553200467040E-002 -5.732417155785104E-003
   29.7064774951076      -4.402493387125686E-004 -2.535947053215570E-002
   29.7651819960861      -3.062586721338625E-002  3.243340604243306E-002
   29.8238864970646      -4.823080033932366E-002  6.343909283249019E-002
   29.8825909980431      -7.770978736480036E-002  0.104281089975672     
   29.9412954990215      -5.234297447026421E-002  0.118513390965609     
   30.0000000000000      -6.512572937370269E-003  4.761498706675774E-002
