           0  0.172279925762101     
           1  0.239255395494102     
           2  0.207587887203916     
           3  0.146945197850312     
           4  9.382069671277590E-002
           5  5.677943663872004E-002
           6  3.349395886999911E-002
           7  1.958719268174388E-002
           8  1.147759738402929E-002
           9  6.785575161584027E-003
          10  4.064911024873545E-003
          11  2.473219820052524E-003
          12  1.529012062664859E-003
          13  9.585725945873603E-004
          14  6.056064167277649E-004
          15  3.800035562672709E-004
          16  2.283501499107078E-004
          17  1.188282327838738E-004
          18  2.138355515980087E-010
